[dump] RUN #1 heure=08:36:56 src=CAN_TRIG rollout_ms=0 unit=MAXXX dyn=7 rate_ms=40 gps=1 pre=12 imuf=2/7 ecu=HP statut=ABANDON
[dump] CAL cal=1 gxo_cdps=28 gyo_cdps=-13 gzo_cdps=-5 cal_tempC=43 run_tempC=35
[dump] colonnes: R,elapsed_ms,kmh_x100,dist_ft,ax_mg,ay_mg,az_mg,gx_ds10,gy_ds10,gz_ds10
R,-1418,8,0.0,10,49,1014,2,0,0
R,-1297,3,0.0,-9,54,1010,2,-2,0
R,-1180,8,0.0,9,44,1016,3,0,0
R,-1061,11,0.0,-3,53,1011,2,-1,0
R,-945,8,0.0,0,51,1012,3,-1,-1
R,-826,3,0.0,0,48,1015,2,-1,-1
R,-709,6,0.0,5,50,1012,2,-1,0
R,-591,4,0.0,-2,49,1013,2,-1,0
R,-474,5,0.0,1,50,1013,2,-1,-1
R,-356,4,0.0,0,51,1013,2,0,0
R,-236,1,0.0,3,50,1014,2,-1,0
R,-117,4,0.0,-2,49,1013,2,-1,0
R,132,8,0.0,0,51,1008,2,0,1
R,153,15,0.0,0,49,1013,2,0,1
R,191,10,0.0,4,46,1017,2,0,0
R,231,2,0.0,1,48,1014,4,0,-1
R,272,13,0.0,-6,54,1011,2,-1,0
R,311,8,0.0,-1,52,1013,2,-1,0
R,356,8,0.0,5,47,1014,2,-2,0
R,392,4,0.0,4,48,1015,2,-1,-1
R,431,4,0.0,-1,51,1014,3,-1,0
R,471,10,0.0,-1,52,1011,2,0,0
R,512,14,0.0,2,50,1015,2,-1,0
R,551,9,0.0,1,48,1014,2,-1,-1
R,605,12,0.0,-1,51,1013,2,-1,0
R,631,13,0.0,0,51,1013,3,-1,0
R,672,2,0.1,2,50,1013,2,-1,0
R,713,5,0.1,0,49,1014,2,-1,-1
R,751,4,0.1,-2,50,1014,2,-1,0
R,791,5,0.1,-1,50,1012,3,-1,0
R,832,4,0.1,1,51,1013,2,-1,0
R,871,5,0.1,2,50,1014,2,-1,0
R,911,8,0.1,0,49,1013,2,-1,0
R,951,5,0.1,0,50,1013,3,-1,0
R,992,4,0.1,1,51,1013,2,-1,0
R,1031,6,0.1,0,50,1014,2,-1,0
R,1071,9,0.1,0,50,1013,2,-1,0
R,1112,6,0.1,0,50,1014,3,-1,0
R,1152,6,0.1,1,51,1014,2,-1,0
R,1191,3,0.1,2,51,1014,2,-1,0
R,1231,3,0.1,0,50,1014,2,-1,0
R,1271,7,0.1,-1,50,1014,2,-1,0
R,1311,4,0.1,0,49,1014,2,-1,0
R,1352,4,0.1,1,51,1013,2,-1,0
R,1391,5,0.1,0,50,1014,2,-1,0
R,1431,6,0.1,0,50,1014,2,-1,0
R,1472,11,0.1,0,50,1014,2,0,0
R,1511,7,0.1,0,49,1014,2,-1,0
R,1551,8,0.1,0,50,1012,2,-1,0
R,1605,6,0.1,2,49,1014,2,-2,0
R,1632,7,0.1,2,49,1013,2,-1,0
R,1671,10,0.1,0,51,1013,2,0,0
R,1714,10,0.1,0,50,1013,2,-1,0
R,1751,8,0.1,0,49,1014,2,-1,0
R,1791,10,0.1,0,49,1013,2,-1,0
R,1831,4,0.1,0,50,1014,2,-1,0
R,1872,5,0.1,1,50,1014,3,0,0
R,1911,4,0.1,2,49,1014,3,0,0
R,1951,8,0.1,0,49,1013,2,0,0
R,1991,4,0.1,-1,50,1013,2,0,0
R,2032,5,0.1,0,50,1014,2,-1,0
R,2071,4,0.1,2,50,1014,3,-1,0
R,2111,1,0.1,2,49,1014,2,-1,0
R,2151,5,0.1,1,50,1014,2,-1,0
R,2191,5,0.1,0,50,1014,2,-1,0
R,2231,6,0.1,0,50,1014,2,-1,0
R,2273,12,0.1,0,50,1014,2,-1,0
R,2311,4,0.1,0,49,1015,2,-1,0
R,2358,15,0.1,2,50,1014,2,-1,0
R,2392,8,0.1,3,50,1013,2,-1,0
R,2431,6,0.2,0,50,1013,2,0,0
R,2472,3,0.2,0,49,1014,2,0,0
R,2512,5,0.2,0,49,1014,2,-1,0
R,2552,2,0.2,0,51,1013,2,-1,0
R,2605,5,0.2,1,51,1014,2,-1,0
R,2631,1,0.2,2,49,1014,2,-1,0
R,2671,6,0.2,0,49,1014,2,0,0
R,2714,5,0.2,0,50,1013,2,-1,0
R,2751,6,0.2,0,50,1014,2,-2,0
R,2791,3,0.2,0,50,1013,2,-1,0
R,2832,12,0.2,2,50,1014,2,-1,0
R,2872,5,0.2,3,50,1013,2,0,0
R,2912,11,0.2,1,49,1015,2,0,0
R,2952,14,0.2,0,50,1014,2,0,0
R,2992,4,0.2,-1,51,1013,3,-1,0
R,3032,4,0.2,1,50,1014,2,-1,0
R,3072,3,0.2,3,48,1013,2,-1,0
R,3113,6,0.2,1,49,1013,2,-1,0
R,3151,9,0.2,0,50,1013,3,0,0
R,3191,4,0.2,0,50,1014,2,-1,0
R,3232,4,0.2,0,50,1014,3,-1,0
R,3272,8,0.2,0,50,1013,2,-1,0
R,3312,14,0.2,0,50,1013,2,-1,0
R,3353,3,0.2,2,50,1013,2,-1,0
R,3392,4,0.2,1,50,1014,2,-1,0
R,3432,6,0.2,0,49,1015,2,0,0
R,3472,14,0.2,-1,49,1014,2,-1,0
R,3514,4,0.2,0,51,1014,2,-2,0
R,3552,9,0.2,2,50,1014,2,-2,0
R,3606,6,0.2,1,49,1014,2,0,0
R,3631,3,0.2,0,48,1013,3,0,0
R,3671,5,0.2,0,50,1013,3,0,0
R,3715,8,0.2,0,50,1013,2,-1,0
R,3752,10,0.2,0,50,1014,3,-1,0
R,3793,3,0.2,1,50,1014,3,-1,0
R,3832,3,0.2,2,49,1013,2,-1,0
R,3872,5,0.2,1,49,1013,3,0,0
R,3912,9,0.2,0,50,1014,2,0,0
R,3952,1,0.2,-1,50,1013,2,-1,0
R,3992,4,0.2,0,49,1013,2,-2,0
R,4032,3,0.2,1,50,1014,2,-2,0
R,4072,8,0.2,1,50,1013,3,0,0
R,4111,8,0.2,0,50,1013,3,0,0
R,4151,7,0.2,0,49,1013,2,0,0
R,4191,3,0.2,0,50,1013,2,-1,0
R,4234,3,0.2,0,50,1013,2,-1,0
R,4272,3,0.2,1,50,1014,2,-1,0
R,4312,4,0.3,1,50,1014,2,-1,0
R,4356,4,0.3,2,51,1014,2,0,0
R,4392,2,0.3,0,50,1014,2,-1,0
R,4432,5,0.3,0,50,1012,2,-1,0
R,4472,3,0.3,0,49,1015,2,-2,0
R,4512,3,0.3,1,49,1013,2,-1,0
R,4552,2,0.3,1,49,1014,2,-1,0
R,4605,3,0.3,1,50,1014,2,-1,0
R,4631,16,0.3,1,49,1014,2,0,0
R,4671,5,0.3,0,49,1014,2,0,0
R,4715,5,0.3,0,49,1013,2,0,0
R,4752,10,0.3,1,50,1013,2,-1,0
R,4792,12,0.3,-1,51,1013,2,-1,-1
R,4832,6,0.3,0,49,1014,2,-1,0
R,4872,7,0.3,2,49,1013,2,-1,0
R,4912,5,0.3,2,50,1014,3,0,0
R,4952,8,0.3,0,49,1013,2,0,0
R,4992,5,0.3,-3,50,1014,2,-1,0
R,5032,2,0.3,-2,50,1013,2,-1,0
R,5072,2,0.3,2,51,1013,2,-1,0
R,5111,2,0.3,3,50,1014,2,-1,0
R,5151,5,0.3,1,49,1014,2,0,0
R,5192,6,0.3,0,49,1014,2,0,0
R,5231,8,0.3,-1,51,1013,2,0,0
R,5272,4,0.3,0,50,1013,2,-2,0
R,5311,1,0.3,0,51,1013,2,-2,0
R,5352,6,0.3,2,50,1013,2,-1,0
R,5392,6,0.3,2,49,1014,3,0,0
R,5431,3,0.3,0,50,1014,3,0,0
R,5473,5,0.3,0,50,1013,2,-1,0
R,5512,1,0.3,-1,49,1014,2,-2,0
R,5553,4,0.3,1,49,1015,2,-2,0
R,5605,12,0.3,2,49,1013,2,-1,0
R,5631,7,0.3,1,50,1013,2,-1,0
R,5672,6,0.3,1,49,1014,3,0,0
R,5715,13,0.3,0,49,1014,2,-1,0
R,5752,6,0.3,0,50,1014,2,-1,0
R,5792,12,0.3,0,50,1013,2,-1,0
R,5832,13,0.3,1,50,1013,2,-1,0
R,5872,5,0.3,2,50,1013,3,0,0
R,5911,5,0.3,0,51,1014,2,-1,0
R,5951,5,0.3,-1,51,1013,2,-1,0
R,5992,13,0.3,-1,50,1013,2,-1,0
R,6032,6,0.3,0,50,1014,2,-2,0
R,6071,7,0.3,1,50,1013,2,-1,0
R,6111,2,0.3,1,50,1013,2,-1,0
R,6152,8,0.3,1,51,1013,2,-1,0
R,6193,3,0.4,0,51,1014,2,-1,0
R,6232,10,0.4,-1,50,1013,2,-1,0
R,6272,7,0.4,0,50,1014,2,-1,0
R,6312,9,0.4,1,50,1013,2,-1,0
R,6358,9,0.4,2,51,1014,2,-1,0
R,6392,6,0.4,1,49,1014,2,0,0
R,6432,6,0.4,0,50,1014,2,0,0
R,6472,3,0.4,-1,50,1013,2,0,0
R,6512,5,0.4,1,50,1013,3,-1,0
R,6551,10,0.4,1,50,1014,3,-1,0
R,6605,9,0.4,1,50,1014,2,-1,0
R,6631,3,0.4,1,51,1014,2,0,0
R,6672,11,0.4,0,51,1014,2,0,0
R,6716,4,0.4,-1,50,1014,3,-1,0
R,6751,0,0.4,0,49,1013,3,-1,0
R,6791,2,0.4,1,50,1013,3,-1,0
R,6831,3,0.4,2,50,1013,2,-1,0
R,6872,7,0.4,2,49,1013,2,0,0
R,6911,6,0.4,0,50,1014,2,-1,0
R,6951,1,0.4,0,50,1012,2,-1,0
R,6991,9,0.4,0,50,1014,2,-1,0
R,7032,4,0.4,1,50,1013,2,-2,0
R,7071,4,0.4,1,50,1014,3,-1,0
R,7111,6,0.4,1,50,1013,2,-1,0
R,7152,9,0.4,0,50,1013,3,0,0
R,7191,4,0.4,0,50,1013,2,-1,0
R,7231,4,0.4,0,50,1013,2,-1,0
R,7272,2,0.4,1,50,1013,3,-1,0
R,7313,12,0.4,2,50,1013,2,-2,0
R,7351,13,0.4,1,50,1013,2,-1,0
R,7392,6,0.4,0,50,1014,2,0,0
R,7431,4,0.4,0,49,1014,3,-1,0
R,7471,4,0.4,0,50,1014,2,-1,0
R,7512,8,0.4,1,50,1014,2,-1,0
R,7550,4,0.4,1,50,1014,2,-1,0
R,7605,1,0.4,1,50,1014,2,-1,0
R,7632,4,0.4,0,50,1013,2,0,0
R,7671,5,0.4,0,50,1014,2,-1,0
R,7716,9,0.4,0,50,1014,2,-1,0
R,7752,9,0.4,0,50,1013,2,-1,0
R,7792,10,0.4,0,50,1013,2,-1,0
R,7832,10,0.4,2,49,1013,2,-1,0
R,7872,1,0.4,1,49,1014,3,0,0
R,7911,9,0.4,0,49,1013,2,-1,0
R,7951,7,0.4,0,50,1014,2,-1,0
R,7991,1,0.5,0,50,1014,2,-1,0
R,8031,6,0.5,1,50,1014,2,-1,0
R,8071,10,0.5,0,50,1013,2,-1,0
R,8111,9,0.5,0,49,1014,2,-1,0
R,8151,3,0.5,0,50,1014,2,0,0
R,8191,17,0.5,0,50,1013,2,0,0
R,8231,2,0.5,0,50,1014,2,-1,0
R,8271,8,0.5,0,50,1014,2,-1,0
R,8311,9,0.5,0,50,1014,2,-1,0
R,8356,8,0.5,1,49,1013,2,-1,0
R,8391,6,0.5,0,49,1014,2,0,0
R,8431,6,0.5,0,49,1013,2,-1,0
R,8471,3,0.5,0,49,1013,2,-1,0
R,8511,4,0.5,0,49,1014,2,-1,0
R,8550,3,0.5,0,49,1012,2,-2,0
R,8605,3,0.5,0,49,1014,2,-1,0
R,8631,6,0.5,1,49,1013,2,-1,0
R,8671,3,0.5,1,49,1013,2,-1,0
R,8715,5,0.5,0,50,1014,3,-1,0
R,8751,12,0.5,0,50,1013,2,-1,0
R,8792,10,0.5,1,49,1015,2,-1,0
R,8832,6,0.5,0,50,1014,2,-1,0
R,8871,3,0.5,0,50,1014,2,-1,0
R,8911,10,0.5,0,51,1013,2,-1,0
R,8951,5,0.5,1,50,1014,2,-1,0
R,8992,9,0.5,0,50,1013,2,-1,0
R,9031,13,0.5,0,49,1013,2,-1,0
R,9071,5,0.5,0,50,1013,3,-1,0
R,9112,13,0.5,0,50,1013,2,-1,0
R,9151,13,0.5,0,50,1013,2,-1,0
R,9191,10,0.5,0,49,1013,3,0,0
R,9232,6,0.5,0,50,1014,2,-1,0
R,9271,11,0.5,1,50,1013,2,-1,0
R,9311,8,0.5,0,50,1014,2,-1,0
R,9351,11,0.5,0,49,1013,2,0,0
R,9391,7,0.5,0,49,1013,2,-1,0
R,9431,14,0.5,1,50,1014,3,0,0
R,9472,1,0.6,0,49,1013,2,-1,0
R,9511,4,0.6,0,49,1013,2,-1,0
R,9551,9,0.6,0,50,1013,2,-1,0
R,9606,5,0.6,0,50,1013,2,-1,0
R,9632,12,0.6,0,50,1013,2,-1,0
R,9671,9,0.6,0,49,1014,2,-1,0
R,9715,5,0.6,0,50,1013,2,-1,0
R,9751,8,0.6,0,50,1014,2,-1,0
R,9791,1,0.6,0,50,1012,3,-1,0
R,9832,8,0.6,1,49,1013,2,-1,0
R,9872,9,0.6,0,49,1014,3,0,0
R,9911,9,0.6,0,50,1013,3,0,0
R,9951,9,0.6,0,50,1014,2,-1,0
R,9990,10,0.6,0,50,1013,2,-1,0
R,10031,7,0.6,2,50,1013,2,-1,0
R,10072,8,0.6,0,48,1014,3,0,0
R,10111,3,0.6,-1,51,1013,2,-1,0
R,10152,12,0.6,-1,50,1013,2,-1,0
R,10192,10,0.6,0,49,1014,2,-1,0
R,10231,8,0.6,1,49,1014,2,-1,0
R,10271,12,0.6,1,50,1013,2,-1,0
R,10311,10,0.6,0,50,1013,2,0,0
R,10356,14,0.6,0,49,1015,2,-1,0
R,10391,13,0.6,0,49,1014,3,-1,0
R,10431,12,0.6,0,50,1014,2,-2,0
R,10471,13,0.6,2,50,1014,2,-1,0
R,10510,8,0.6,4,49,1014,2,0,0
R,10550,6,0.6,0,50,1013,2,-1,0
R,10606,3,0.6,-2,50,1012,2,-1,0
R,10631,6,0.6,0,50,1013,2,-1,0
R,10671,7,0.6,2,49,1014,2,-2,0
R,10714,12,0.6,3,50,1013,2,-1,-1
R,10751,8,0.6,0,51,1013,2,0,0
R,10791,8,0.7,0,49,1013,2,0,0
R,10831,2,0.7,0,49,1013,2,-1,0
R,10872,8,0.7,0,50,1014,2,-1,0
R,10911,4,0.7,0,50,1013,2,-1,0
R,10952,7,0.7,0,50,1013,2,0,0
R,10991,10,0.7,2,51,1014,2,0,0
R,11031,8,0.7,1,50,1013,2,0,0
R,11071,9,0.7,-1,49,1013,2,-1,0
R,11111,5,0.7,-1,50,1013,2,-2,0
R,11152,6,0.7,0,49,1013,2,-1,0
R,11191,3,0.7,3,50,1014,2,-2,0
R,11232,4,0.7,2,50,1014,2,-1,0
R,11272,1,0.7,0,50,1013,3,0,0
R,11312,9,0.7,0,50,1012,2,0,0
R,11351,3,0.7,-1,50,1013,2,-1,0
R,11392,5,0.7,0,49,1014,2,-2,0
R,11432,5,0.7,2,49,1013,2,-1,0
R,11471,5,0.7,2,49,1014,2,0,0
R,11511,4,0.7,0,50,1014,2,0,0
R,11552,5,0.7,-2,50,1013,2,-2,0
R,11608,5,0.7,0,50,1014,2,-2,0
R,11672,8,0.7,3,50,1014,2,-1,0
R,11715,7,0.7,1,50,1013,2,0,0
R,11752,4,0.7,0,50,1013,3,0,0
R,11792,14,0.7,-1,50,1013,3,0,0
R,11832,11,0.7,-1,50,1013,2,-2,0
R,11872,7,0.7,1,50,1013,2,-2,0
R,11912,17,0.7,3,49,1013,2,0,0
R,11951,9,0.7,2,49,1013,2,0,0
R,11993,9,0.7,0,50,1013,2,0,0
R,12032,3,0.7,0,49,1013,2,-1,0
R,12072,13,0.7,0,51,1013,2,-2,0
R,12112,6,0.7,2,49,1014,3,-1,0
R,12152,10,0.7,2,51,1014,3,0,0
R,12192,13,0.7,1,50,1013,3,0,0
R,12233,5,0.7,0,49,1014,2,0,0
R,12272,9,0.7,-1,48,1014,3,-2,-1
R,12312,15,0.7,-1,50,1012,3,-2,0
R,12357,13,0.8,5,52,1013,2,-1,0
R,12393,8,0.8,6,48,1015,2,0,0
R,12432,4,0.8,0,47,1015,3,0,-1
R,12471,14,0.8,-8,51,1012,3,0,0
R,12511,4,0.8,-4,52,1013,2,-2,0
R,12552,1,0.8,4,50,1014,2,-2,0
R,12606,3,0.8,3,48,1014,3,-2,-1
R,12632,13,0.8,0,50,1013,2,0,-1
R,12672,13,0.8,-1,51,1013,2,0,0
R,12715,4,0.8,0,50,1013,2,-1,0
R,12752,13,0.8,0,49,1015,2,-1,-1
R,12793,11,0.8,-1,50,1013,3,-2,0
R,12832,11,0.8,1,51,1013,3,-1,0
R,12872,6,0.8,5,50,1014,2,0,0
R,12912,8,0.8,1,49,1013,2,0,-1
R,12951,9,0.8,-2,51,1013,3,-1,0
R,12991,5,0.8,-1,51,1012,2,-2,0
R,13032,3,0.8,2,50,1014,3,-1,0
R,13072,4,0.8,3,50,1014,2,-1,-1
R,13112,5,0.8,0,50,1014,3,-1,-1
R,13152,4,0.8,-1,51,1013,3,-1,0
R,13191,3,0.8,0,51,1014,2,0,0
R,13231,3,0.8,0,50,1014,2,-1,0
R,13272,2,0.8,0,50,1013,3,-1,0
R,13311,5,0.8,0,48,1014,2,-1,0
R,13351,3,0.8,1,50,1013,3,0,0
R,13391,8,0.8,0,50,1014,2,-1,0
R,13430,8,0.8,0,50,1013,2,-1,0
R,13471,6,0.8,0,50,1014,2,-1,0
R,13512,20,0.8,1,50,1013,2,-2,0
R,13551,11,0.8,2,50,1013,2,-1,0
R,13606,4,0.8,0,51,1013,2,-1,0
R,13632,8,0.8,0,50,1014,2,0,0
R,13672,12,0.8,0,50,1014,3,0,0
R,13715,9,0.8,0,50,1013,3,-1,0
R,13751,8,0.8,1,51,1013,2,-1,0
R,13793,9,0.9,1,50,1014,2,-1,0
R,13832,11,0.9,2,49,1015,2,-1,0
R,13872,8,0.9,0,50,1014,3,0,0
R,13911,9,0.9,0,50,1014,2,-1,0
R,13951,1,0.9,0,50,1014,2,-1,0
R,13992,7,0.9,0,49,1013,2,-2,0
R,14032,9,0.9,0,50,1013,2,-1,0
R,14072,6,0.9,1,50,1014,2,0,0
R,14112,9,0.9,1,50,1013,2,0,0
R,14152,9,0.9,0,50,1015,2,0,0
R,14192,6,0.9,0,49,1013,3,0,0
R,14232,9,0.9,0,50,1013,2,-1,0
R,14274,4,0.9,1,50,1013,2,-1,0
R,14312,4,0.9,1,50,1013,3,-1,0
R,14357,14,0.9,0,50,1014,2,0,0
R,14392,9,0.9,0,50,1013,2,0,0
R,14431,8,0.9,0,50,1013,2,-1,0
R,14471,9,0.9,0,50,1014,2,-1,0
R,14512,6,0.9,0,50,1014,2,-1,0
R,14552,10,0.9,1,50,1014,2,-1,0
R,14605,4,0.9,1,50,1014,2,0,0
R,14632,9,0.9,0,50,1013,2,0,0
R,14672,5,0.9,-1,50,1013,2,-1,0
R,14715,9,0.9,0,50,1013,2,-1,0
R,14752,10,0.9,1,50,1013,3,-1,0
R,14792,6,0.9,2,50,1014,3,0,0
R,14832,8,0.9,0,49,1013,3,0,0
R,14872,3,0.9,0,49,1013,2,-1,0
R,14911,4,0.9,0,50,1013,2,-1,0
R,14951,9,0.9,0,51,1013,2,-1,0
R,14992,7,0.9,0,50,1013,2,-2,0
R,15032,13,0.9,2,49,1013,2,-1,0
R,15072,6,0.9,1,50,1014,2,0,0
R,15112,8,0.9,0,49,1013,2,-1,0
R,15152,13,0.9,0,51,1015,2,-1,0
R,15193,3,0.9,0,50,1014,2,-1,0
R,15232,3,0.9,0,50,1014,2,-1,0
R,15272,8,1.0,2,50,1014,2,-1,0
R,15312,14,1.0,0,50,1013,2,0,0
R,15352,7,1.0,1,50,1014,3,0,0
R,15393,3,1.0,-1,50,1014,2,-1,0
R,15431,9,1.0,-1,50,1013,3,-1,0
R,15472,7,1.0,0,50,1013,2,-1,0
R,15512,3,1.0,2,50,1013,2,-1,0
R,15552,3,1.0,1,50,1014,2,-1,0
R,15606,3,1.0,0,50,1013,2,0,0
R,15632,3,1.0,0,50,1013,2,0,0
R,15673,5,1.0,-1,51,1014,2,-1,0
R,15715,5,1.0,0,50,1014,2,-2,0
R,15752,10,1.0,1,49,1013,2,-1,0
R,15792,8,1.0,1,50,1013,2,-1,0
R,15832,6,1.0,0,50,1013,2,-1,0
R,15871,7,1.0,0,50,1014,2,-1,0
R,15911,5,1.0,0,50,1013,2,-1,0
R,15951,8,1.0,0,50,1013,2,-1,0
R,15992,1,1.0,0,50,1013,2,-1,0
R,16032,7,1.0,1,50,1014,2,-1,0
R,16072,2,1.0,1,50,1013,2,0,0
R,16112,4,1.0,0,51,1013,2,0,0
R,16152,8,1.0,0,50,1014,2,-1,0
R,16191,3,1.0,0,49,1014,3,-1,0
R,16232,4,1.0,1,50,1013,2,-1,0
R,16271,4,1.0,1,51,1014,2,-1,0
R,16311,16,1.0,1,50,1013,2,0,0
R,16356,12,1.0,0,50,1014,2,0,0
R,16391,1,1.0,0,50,1013,3,0,0
R,16430,12,1.0,0,50,1013,2,-2,0
R,16471,9,1.0,1,50,1013,2,-2,0
R,16512,7,1.0,0,50,1014,2,0,0
R,16551,5,1.0,0,50,1013,2,0,0
R,16605,1,1.0,0,50,1013,2,0,0
R,16631,6,1.0,-1,51,1013,2,-1,0
R,16671,9,1.0,0,50,1014,2,-1,0
R,16715,10,1.0,1,50,1013,2,-1,0
R,16751,5,1.0,0,50,1013,2,-1,0
R,16791,6,1.0,1,50,1014,2,0,0
R,16831,11,1.0,0,49,1014,2,0,0
R,16871,6,1.0,0,50,1014,3,-1,0
R,16911,0,1.0,0,50,1014,2,-2,0
R,16953,6,1.0,1,51,1014,2,-2,0
R,16991,3,1.0,1,50,1014,2,-1,0
R,17033,12,1.1,1,50,1014,2,0,0
R,17071,5,1.1,0,50,1014,2,0,0
R,17111,9,1.1,-1,50,1014,2,-1,0
R,17152,6,1.1,0,51,1013,2,-1,0
R,17191,1,1.1,1,49,1014,2,-2,0
R,17231,8,1.1,1,50,1014,2,-1,0
R,17272,7,1.1,0,50,1013,2,-1,0
R,17311,9,1.1,0,49,1014,3,0,0
R,17351,1,1.1,0,50,1014,3,-1,0
R,17392,13,1.1,0,50,1013,2,-1,0
R,17431,6,1.1,0,51,1013,3,-1,0
R,17471,9,1.1,0,50,1013,2,-1,0
R,17512,5,1.1,0,51,1013,2,-1,0
R,17551,3,1.1,0,50,1014,2,-1,0
R,17605,9,1.1,0,51,1014,2,-1,0
R,17631,17,1.1,0,51,1014,2,-2,0
R,17671,9,1.1,0,50,1014,2,-1,0
R,17715,10,1.1,0,50,1013,2,-1,0
R,17751,27,1.1,0,49,1013,2,-1,0
R,17791,10,1.1,0,50,1014,2,-1,0
R,17831,12,1.1,-1,49,1013,2,-1,0
R,17871,7,1.1,0,50,1013,2,-1,0
R,17912,13,1.1,0,50,1013,2,-1,0
R,17951,9,1.1,2,50,1013,2,-1,0
R,17991,15,1.1,1,50,1014,2,-1,0
R,18031,10,1.1,0,50,1013,2,-1,0
R,18071,4,1.1,0,49,1014,2,-1,0
R,18111,3,1.1,0,50,1013,2,-1,0
R,18151,8,1.1,0,50,1013,2,-1,0
R,18191,5,1.1,1,50,1014,2,-1,0
R,18231,2,1.1,2,50,1012,2,-1,0
R,18271,4,1.1,1,50,1014,2,-1,0
R,18311,6,1.1,0,50,1013,2,-1,0
R,18356,10,1.1,0,51,1013,2,-1,0
R,18391,10,1.2,0,50,1014,3,-1,0
R,18431,6,1.2,0,49,1014,2,-1,0
R,18471,12,1.2,2,50,1013,2,-1,0
R,18511,10,1.2,0,50,1013,2,-1,0
R,18551,12,1.2,0,50,1014,2,0,0
R,18605,7,1.2,-1,49,1013,2,-1,0
R,18631,9,1.2,0,49,1014,2,-1,0
R,18671,17,1.2,0,50,1013,2,-1,0
R,18714,9,1.2,1,51,1014,2,0,0
R,18751,9,1.2,0,50,1013,3,0,0
R,18791,11,1.2,0,51,1013,2,-1,0
R,18831,9,1.2,-1,50,1014,2,-1,0
R,18871,6,1.2,0,50,1014,3,-1,0
R,18912,3,1.2,0,50,1014,2,-1,0
R,18951,3,1.2,0,50,1014,2,-1,0
R,18991,4,1.2,0,49,1014,2,0,0
R,19032,13,1.2,0,51,1014,2,0,0
R,19071,14,1.2,0,50,1014,2,-2,0
R,19111,8,1.2,0,50,1014,2,-1,0
R,19152,8,1.2,1,50,1013,2,-2,0
R,19191,10,1.2,1,50,1014,2,0,0
R,19232,1,1.2,0,49,1013,2,0,0
R,19272,6,1.2,0,49,1014,3,-1,0
R,19310,13,1.2,0,50,1013,3,-1,0
R,19351,4,1.2,1,50,1014,2,-1,0
R,19392,4,1.2,2,50,1013,2,-1,0
R,19431,6,1.2,1,50,1014,2,0,0
R,19472,6,1.2,0,51,1014,2,-1,0
R,19512,3,1.2,0,49,1013,3,-1,0
R,19551,6,1.2,0,51,1013,2,-1,0
R,19607,12,1.2,0,49,1014,2,-2,0
R,19632,10,1.2,1,49,1015,2,-1,0
R,19671,12,1.2,1,49,1014,2,-1,0
R,19715,6,1.3,0,50,1013,3,0,0
R,19751,8,1.3,0,50,1013,2,0,0
R,19791,16,1.3,0,50,1014,2,-1,0
R,19833,10,1.3,1,49,1015,2,-1,0
R,19872,10,1.3,1,50,1014,2,-1,0
R,19911,9,1.3,0,51,1013,2,-1,-1
R,19951,9,1.3,0,51,1013,2,-1,0
R,19992,7,1.3,0,48,1014,2,0,0
[dump] FIN RUN #1 t60=0 t330=0 t660=0 t1320=0
