[dump] RUN #1 heure=09:14:31 src=CAN_TRIG rollout_ms=0 unit=MAXXX dyn=7 rate_ms=40 gps=1 pre=11 imuf=2/7 ecu=HP statut=TERMINE
[dump] CAL cal=1 gxo_cdps=28 gyo_cdps=-22 gzo_cdps=4 cal_tempC=43 run_tempC=26
[dump] colonnes: R,elapsed_ms,kmh_x100,dist_ft,ax_mg,ay_mg,az_mg,gx_ds10,gy_ds10,gz_ds10
R,-1409,12,0.0,-26,-162,770,80,-37,-66
R,-1282,12,0.0,-674,-396,321,-101,-125,-48
R,-1155,19,0.0,-74,-351,1043,439,238,-48
R,-1027,5,0.0,-252,24,788,42,215,65
R,-900,3,0.0,-446,-110,-546,-71,-340,-40
R,-770,5,0.0,-466,-203,401,4,-193,-41
R,-639,6,0.0,-79,-32,2312,3,266,66
R,-512,6,0.0,-498,-106,367,-9,-94,10
R,-385,6,0.0,129,-376,1415,214,402,23
R,-258,9,0.0,-347,15,1865,95,-414,-33
R,-128,133,0.0,-127,-1163,1472,-287,-78,49
R,141,1226,1.2,-417,-1983,1381,-57,-57,141
R,154,1513,1.4,30,-1536,1280,88,-32,-81
R,187,1764,1.9,-488,-2022,1358,49,-16,-103
R,228,2033,2.6,38,-1576,1228,290,214,154
R,267,2249,3.3,479,-1799,1876,-105,89,-18
R,320,2465,4.5,-386,-1761,1262,112,-117,116
R,347,2690,5.1,424,-1603,1162,343,99,60
R,386,2914,6.1,-201,-1796,955,237,-48,65
R,428,3159,7.3,-389,-1788,915,-224,-142,40
R,473,3418,8.6,525,-1714,1112,112,145,17
R,506,3647,9.7,-73,-1913,793,-3,-241,92
R,547,3890,11.1,279,-1921,609,137,287,38
R,588,4118,12.6,-203,-1728,819,-324,11,31
R,627,4359,14.1,355,-1866,603,-69,154,-95
R,667,4590,15.7,-40,-2147,272,-32,-46,80
R,707,4807,17.4,339,-2235,505,232,-21,-6
R,747,5052,19.2,252,-2254,520,-449,-368,18
R,788,5308,21.2,771,-2263,609,-211,7,-14
R,827,5541,23.1,358,-2300,463,-128,-185,41
R,866,5786,25.1,231,-2383,421,-47,-58,94
R,907,6048,27.3,693,-2169,337,-231,-77,7
R,947,6305,29.6,373,-2034,657,-234,-253,-36
R,986,6510,31.8,564,-1930,-305,-3,129,-6
R,1027,6665,34.3,68,-1552,-520,56,-158,0
R,1068,6746,36.8,1003,-511,579,-64,549,-60
R,1108,6718,39.3,634,-531,799,-20,23,-47
R,1146,6619,41.6,-37,-172,966,24,-12,-60
R,1187,6509,44.0,-201,-12,1422,-21,-204,11
R,1226,6444,46.3,137,134,1195,282,-63,91
R,1267,6399,48.7,-597,-158,512,426,-39,62
R,1320,6347,51.8,362,-189,624,924,57,-16
R,1347,6333,53.4,-114,-270,162,1114,-119,-46
R,1386,6303,55.6,469,-322,1056,1450,449,18
R,1428,6272,58.0,56,-145,939,1458,233,148
R,1466,6348,60.2,256,2795,-710,1545,-445,7
R,1507,6467,62.6,-1146,1228,341,-575,18,-41
R,1546,6069,64.8,-440,-1488,3026,-455,155,136
R,1587,5683,67.0,849,47,-616,478,25,-597
R,1625,5601,69.0,-223,-1026,-232,-282,209,-13
R,1666,5735,71.1,168,-1941,43,-36,-11,244
R,1706,5912,73.2,-251,-2047,139,-587,-112,143
R,1746,6195,75.4,-178,-2038,-233,-255,85,253
R,1786,6497,77.7,-96,-2108,-355,-366,26,157
R,1826,6823,80.2,-997,-2031,-53,-178,227,263
R,1868,7148,82.8,-466,-2701,528,16,-448,90
R,1908,7403,85.5,-487,-1956,1473,-80,28,1
R,1946,7578,88.1,-50,-1463,76,-141,30,-33
R,1987,7691,90.9,-313,-941,1123,-90,50,-44
R,2026,7772,93.7,-479,-586,1690,270,1,-47
R,2066,7793,96.5,-195,-748,1979,-407,-293,39
R,2106,7737,99.4,-321,-461,1529,-111,-216,-17
R,2146,7639,102.2,305,-527,106,148,18,-31
R,2186,7548,104.9,154,-611,995,319,-88,-29
R,2227,7545,107.7,139,-299,2218,247,15,-107
R,2266,7579,110.4,-240,-9,1949,291,-274,-22
R,2320,7654,114.2,-445,91,1576,295,-271,-47
R,2347,7684,116.1,48,2265,800,475,228,-141
R,2388,7669,118.9,469,113,-1123,-14,-98,-26
R,2430,7301,121.8,-449,417,1055,100,147,-456
R,2473,6917,124.6,-495,399,161,-83,-14,-228
R,2507,6799,126.7,-543,-808,430,278,-144,-310
R,2545,6834,129.1,112,-1134,895,273,-5,-197
R,2586,6920,131.6,0,-419,-239,365,12,57
R,2625,7016,134.1,683,8,509,-122,93,-86
R,2665,7004,136.7,-286,600,1735,-314,-84,-129
R,2706,6864,139.3,257,717,685,-194,243,-13
R,2747,6697,141.8,228,576,1197,386,-138,28
R,2786,6595,144.2,138,749,1142,-46,41,2
R,2826,6555,146.6,-73,188,1518,145,82,23
R,2867,6529,149.0,348,547,1355,100,-151,-1
R,2907,6496,151.4,309,737,705,-68,44,-178
R,2947,6456,153.7,-145,142,1010,78,108,-156
R,2987,6410,156.1,-226,-224,1260,132,76,68
R,3026,6361,158.4,-574,-730,756,426,148,48
R,3067,6359,160.7,254,-1701,481,102,-672,-311
R,3106,6440,163.0,-570,-1729,1344,41,-33,-10
R,3146,6669,165.4,-223,-1142,1502,55,-152,-36
R,3187,6943,167.9,-122,-1294,255,39,30,12
R,3227,7177,170.5,-421,-711,35,22,120,28
R,3266,7273,173.1,52,-1238,163,-82,7,-121
R,3320,7259,176.7,137,-1221,645,-139,-157,-73
R,3347,7331,178.5,-308,-1044,233,74,-30,58
R,3386,7508,181.1,-301,-926,-69,14,-115,132
R,3428,7660,184.0,-410,-610,-131,113,-54,15
R,3467,7725,186.7,335,-670,791,-119,-11,-68
R,3506,7658,189.5,-166,-148,-638,38,24,-82
R,3547,7541,192.3,-415,-63,-1366,4,-113,-10
R,3586,7407,195.0,-488,-543,-827,12,-127,57
R,3626,7316,197.6,-492,-786,-1079,-134,-39,46
R,3667,7343,200.4,-305,-1423,863,72,7,2
R,3707,7412,203.1,39,-1182,257,69,100,-65
R,3746,7654,205.7,-177,-807,-820,184,-17,-3
R,3788,7862,208.7,-143,-825,-1296,-141,-7,-69
R,3828,7916,211.6,-145,-508,67,155,43,6
R,3866,7829,214.3,-190,-859,850,-117,-11,-15
R,3907,7830,217.2,-138,-319,578,-70,-63,-54
R,3947,7902,220.1,-628,-305,188,-50,81,-124
R,3987,7976,223.0,-363,-183,471,-64,32,-96
R,4027,8036,225.9,-180,-522,-278,-81,61,-77
R,4067,8085,228.9,-359,-397,245,60,-33,-64
R,4106,8150,231.7,-534,-404,-395,-14,-42,-79
R,4146,8213,234.7,-542,-165,-242,-25,-68,-90
R,4187,8262,237.8,-597,-143,-190,32,28,-49
R,4226,8296,240.7,-374,-192,-325,-107,-106,-43
R,4267,8330,243.9,-532,-312,-268,36,-18,-24
R,4320,8371,247.9,-320,-560,311,144,0,-14
R,4347,8421,250.0,-430,-175,-241,-39,-60,-9
R,4387,8470,253.0,-413,-411,-409,-68,61,14
R,4429,8521,256.3,-133,-445,175,51,0,21
R,4472,8565,259.6,-351,-584,509,62,10,-10
R,4507,8618,262.4,-140,-386,303,23,-26,-74
R,4547,8697,265.5,-94,-660,597,39,102,-48
R,4587,8763,268.7,-489,-351,510,-70,-40,27
R,4626,8788,271.8,-333,-395,515,47,21,-15
R,4667,8835,275.1,226,-1071,540,-263,9,161
R,4707,8888,278.4,-232,-2270,-62,-107,-192,116
R,4747,9007,281.6,-432,-641,1336,-50,-90,-84
R,4788,9208,285.0,4,201,1063,259,85,38
R,4826,9350,288.2,170,788,299,159,292,35
R,4868,9292,291.8,-272,-1030,-127,172,-112,-23
R,4909,9100,295.2,-345,-1024,328,-312,25,-305
R,4946,9095,298.3,-582,-340,1196,73,-166,-74
R,4987,9271,301.7,324,-271,345,98,78,-110
R,5027,9427,305.1,-1067,-795,746,-245,-25,-49
R,5066,9469,308.5,53,-1811,-172,253,13,-143
R,5106,9465,311.9,-371,-947,39,231,-41,-107
R,5147,9465,315.5,-515,-1178,43,-56,15,-61
R,5186,9557,318.9,-417,-1248,-227,172,10,-131
R,5227,9665,322.5,-744,-714,-798,164,88,40
R,5266,9802,325.9,-493,-1036,-1243,-20,-76,-36
R,5320,9929,330.8,59,-1970,-920,-289,-62,-9
R,5347,10011,333.2,-394,-1512,-156,-61,-312,-70
R,5387,10071,336.9,303,-1508,-410,5,91,20
R,5429,10140,340.8,-56,-1442,-320,256,65,-37
R,5466,10212,344.2,83,-1394,-152,21,-135,-21
R,5506,10297,347.9,103,-935,135,92,94,-23
R,5546,10372,351.7,-484,-1185,-487,182,153,-47
R,5586,10437,355.5,18,-1158,303,213,68,28
R,5627,10532,359.4,239,-925,-392,235,0,-25
R,5666,10619,363.2,-268,-961,-266,94,59,-37
R,5707,10695,367.1,-415,-1215,-2,-12,151,-14
R,5748,10732,371.1,-423,-347,699,-23,46,-239
R,5786,10781,374.9,-522,-109,102,70,-131,-227
R,5827,10836,378.9,-312,399,1037,160,-38,-8
R,5867,10848,382.9,-66,-290,423,-81,95,9
R,5906,10809,386.7,-238,-706,531,-368,41,45
R,5946,10837,390.7,-199,-2,1478,28,134,21
R,5987,10954,394.7,-84,-118,666,147,-41,-40
R,6027,11086,398.7,-193,-398,1100,-197,-42,25
R,6066,11181,402.7,-305,-264,666,-64,161,-52
R,6107,11247,406.9,-160,-478,524,-160,138,-26
R,6146,11303,410.9,-405,-790,384,-137,-51,5
R,6186,11353,415.0,-444,-619,65,-32,68,1
R,6227,11435,419.3,-508,-379,235,175,49,-23
R,6266,11528,423.4,-491,-556,40,112,155,-10
R,6320,11610,429.1,-503,-617,79,25,-33,48
R,6347,11686,431.9,-231,-447,-82,51,17,-41
R,6387,11752,436.2,-136,-932,-66,203,9,21
R,6430,11810,440.8,-363,-632,120,-64,35,1
R,6471,11864,445.2,16,-413,-109,158,107,50
R,6507,11925,449.1,-481,-1118,-545,-57,11,-53
R,6546,11997,453.4,-589,-1095,497,-71,-45,27
R,6586,12055,457.8,-386,-772,532,-7,47,-20
R,6627,12101,462.3,-46,-705,-335,74,16,-9
R,6668,12162,466.8,117,-1201,-124,-22,-90,0
R,6707,12223,471.2,-97,-609,-368,-34,134,43
R,6747,12278,475.6,-742,-746,325,176,46,-7
R,6788,12319,480.2,-242,-597,16,68,128,-14
R,6829,12366,484.8,-81,-1363,-26,-12,212,27
R,6867,12421,489.1,-513,-1129,111,99,79,134
R,6908,12467,493.8,-718,-976,366,32,-246,-29
R,6947,12516,498.2,-115,-929,328,70,-71,-64
R,6986,12580,502.7,-679,-1456,777,119,154,56
R,7026,12632,507.3,-645,-1589,823,146,161,35
R,7067,12673,512.0,-507,-1334,499,190,217,148
R,7107,12721,516.6,-336,-1209,101,-40,284,139
R,7147,12768,521.3,-709,-458,-198,55,-129,151
R,7188,12798,526.0,-290,-170,-523,-246,-191,21
R,7229,12800,530.8,47,483,1041,229,100,8
R,7267,12801,535.3,-156,699,1219,-93,-129,21
R,7320,12731,541.4,-395,-521,523,53,-270,-70
R,7346,12684,544.4,-194,55,1166,-61,-125,25
R,7386,12736,549.1,3,262,1330,-20,-174,-35
R,7428,12821,554.0,-363,287,1025,41,-118,-2
R,7466,12889,558.4,-237,-193,888,-182,-129,35
R,7506,12923,563.1,-66,-265,483,-43,8,37
R,7546,12944,567.8,217,180,151,-144,-62,41
R,7587,12958,572.7,82,139,1536,89,141,-39
R,7626,12989,577.3,-69,73,1036,80,10,51
R,7666,13021,582.0,-448,77,964,-95,-120,-28
R,7706,13060,586.8,-63,173,1255,-90,-1,31
R,7747,13112,591.7,-286,174,1423,-100,-91,-5
R,7786,13152,596.3,-358,31,1301,63,-190,26
R,7826,13179,601.1,-321,-48,964,-61,-151,-21
R,7867,13209,606.1,-66,-230,757,-32,-63,0
R,7906,13242,610.8,0,-147,589,-54,70,10
R,7946,13268,615.6,170,-235,863,68,183,-36
R,7987,13302,620.6,129,56,684,23,169,-47
R,8027,13351,625.4,-142,-71,752,-3,-42,-6
R,8067,13381,630.3,81,-59,324,-22,-126,-21
R,8107,13404,635.2,5,-122,960,111,220,-26
R,8146,13440,639.9,39,8,695,66,118,-17
R,8186,13478,644.8,36,76,1171,142,151,-31
R,8227,13505,649.9,87,-142,1342,202,127,-16
R,8268,13528,654.9,12,-111,1348,120,80,-14
R,8320,13563,661.4,-634,78,826,-99,-67,-13
R,8346,13602,664.6,-4,-201,473,-155,142,20
R,8386,13631,669.5,85,70,697,-22,18,-19
R,8429,13667,674.9,75,-198,386,190,33,-23
R,8471,13700,680.1,115,-119,299,5,247,0
R,8505,13716,684.4,-147,-265,504,151,128,28
R,8546,13745,689.5,-6,-194,655,28,174,10
R,8586,13785,694.5,-106,19,408,220,172,-23
R,8626,13841,699.6,56,182,259,96,146,-59
R,8667,13882,704.7,-379,-200,598,-29,-194,-44
R,8706,13908,709.7,-481,-180,912,50,57,27
R,8746,13929,714.7,-406,-6,1018,30,-57,79
R,8786,13957,719.8,-359,38,961,-18,96,13
R,8826,13987,724.9,-524,169,947,-15,-7,-44
R,8868,14026,730.3,-471,-20,976,61,12,-82
R,8906,14066,735.2,-167,-238,415,55,-50,-3
R,8946,14097,740.3,-273,-598,2,5,151,41
R,8986,14136,745.4,-373,-537,197,92,36,75
R,9026,14171,750.6,-276,-295,205,-95,37,42
R,9067,14199,755.9,-487,-256,363,39,-10,-32
R,9108,14219,761.2,-376,77,1098,-20,-82,-39
R,9147,14249,766.3,-239,-1,775,24,27,-57
R,9186,14284,771.3,49,-464,792,19,273,37
R,9227,14309,776.7,-268,-447,629,-39,231,42
R,9266,14331,781.8,-265,-389,500,51,-259,35
R,9321,14357,788.9,-255,-608,67,-32,-19,26
R,9347,14397,792.4,-463,-50,468,30,-85,-79
R,9386,14433,797.5,-205,-144,578,218,37,-45
R,9429,14466,803.1,-347,-520,480,-28,-35,-83
R,9466,14493,808.0,-86,-529,158,-24,-23,-59
R,9506,14529,813.3,-238,-980,-527,-39,-33,56
R,9546,14568,818.6,-296,-650,96,-192,-5,32
R,9588,14597,824.2,-258,-384,306,70,93,26
R,9627,14625,829.4,19,538,1046,140,82,-18
R,9667,14626,834.7,110,110,1393,93,293,24
R,9707,14599,840.1,-646,88,196,1,-33,19
R,9746,14561,845.2,270,68,871,60,172,51
R,9786,14514,850.5,292,-352,1775,-81,370,131
R,9827,14476,855.9,-211,-41,1867,-413,-102,85
R,9866,14508,861.1,-423,265,1114,-21,-217,-2
R,9906,14577,866.4,-229,298,1379,74,-5,-29
R,9946,14646,871.7,-371,101,741,91,-263,-35
R,9986,14694,877.1,-205,-50,244,30,217,-86
R,10027,14709,882.6,96,-144,1085,135,131,-48
R,10067,14717,887.9,49,-16,1420,213,165,23
R,10106,14721,893.2,-89,95,1479,-12,19,14
R,10146,14738,898.5,-320,-260,1050,-65,-257,29
R,10187,14782,904.0,-108,-281,1201,53,17,-49
R,10227,14829,909.4,-279,-170,691,-21,-227,3
R,10266,14875,914.7,-77,61,295,-16,27,-33
R,10320,14897,922.0,-204,236,1123,26,-16,29
R,10347,14914,925.7,-40,76,1058,17,86,26
R,10388,14925,931.3,-212,36,1392,-54,-76,0
R,10428,14934,936.7,-266,-98,972,-56,-219,6
R,10470,14943,942.5,-219,-168,445,-196,-189,2
R,10506,14978,947.4,-431,-173,1058,-25,31,21
R,10547,15026,953.0,-363,-165,392,19,168,27
R,10587,15051,958.4,36,-160,862,61,45,-3
R,10626,15087,963.8,19,174,571,106,228,-15
R,10666,15103,969.3,-85,236,1004,86,116,-24
R,10706,15128,974.8,-294,395,1301,80,-82,0
R,10747,15152,980.5,-455,110,970,2,34,-91
R,10786,15181,985.9,-134,-94,572,78,-123,-36
R,10826,15204,991.4,-434,199,1113,-100,-19,-18
R,10867,15232,997.1,-136,-266,712,-14,1,38
R,10906,15260,1002.5,-37,-92,161,-89,35,49
R,10946,15281,1008.1,186,-34,1028,48,77,52
R,10987,15310,1013.8,101,125,477,60,37,34
R,11027,15313,1019.4,38,166,1626,137,106,13
R,11068,15339,1025.1,-153,207,1102,-6,73,8
R,11107,15362,1030.6,-430,401,1442,79,112,-63
R,11146,15384,1036.0,15,236,1670,56,-67,-57
R,11186,15420,1041.6,-169,175,1484,128,3,-85
R,11227,15465,1047.4,-368,286,1472,237,-110,-70
R,11266,15494,1052.9,-364,131,878,214,-167,-94
R,11320,15510,1060.5,26,177,193,358,178,-15
R,11347,15528,1064.4,-132,12,160,-133,171,26
R,11386,15542,1069.9,95,-30,570,114,315,52
R,11428,15554,1075.8,118,-15,645,-38,33,30
R,11466,15571,1081.2,-181,-218,538,-147,56,48
R,11506,15590,1086.9,17,-99,770,-18,192,25
R,11546,15615,1092.6,-35,-171,1274,39,34,7
R,11587,15648,1098.4,54,219,1180,-28,88,3
R,11626,15671,1104.0,-105,382,1141,96,200,-33
R,11666,15687,1109.7,-56,579,1517,235,-20,-68
R,11707,15714,1115.6,-641,391,98,104,-135,5
R,11747,15713,1121.3,236,238,71,222,162,-23
R,11788,15669,1127.2,-664,43,1239,173,-39,-9
R,11828,15616,1132.9,122,324,281,-147,187,45
R,11867,15572,1138.4,-387,-37,1703,92,134,-14
R,11906,15550,1143.9,-386,-323,714,64,-246,-8
R,11946,15558,1149.6,67,-11,651,-19,257,24
R,11987,15606,1155.4,255,-40,1042,45,375,33
R,12026,15641,1161.0,-249,110,1332,-185,186,53
R,12067,15669,1166.8,-10,41,1673,-43,77,-12
R,12107,15690,1172.5,-399,-16,1065,-107,-56,50
R,12146,15689,1178.1,-292,53,378,73,-126,-18
R,12186,15712,1183.8,-51,145,604,148,44,-53
R,12227,15725,1189.7,-73,507,579,145,110,-79
R,12266,15737,1195.3,-7,454,1329,307,47,-86
R,12320,15743,1203.1,-310,30,742,-307,-82,6
R,12346,15758,1206.8,-382,375,1118,103,-69,-56
R,12386,15781,1212.5,-305,665,888,177,-263,-27
R,12427,15805,1218.4,-475,284,1338,103,-8,3
R,12471,15813,1224.8,-348,50,852,29,-71,19
R,12506,15830,1229.8,-157,-60,280,-12,7,-7
R,12546,15827,1235.6,325,-55,593,143,246,-1
R,12587,15853,1241.5,183,75,1061,94,59,25
R,12626,15873,1247.2,-176,-59,1541,-165,112,36
R,12666,15901,1252.9,-464,122,854,-196,-53,67
R,12707,15901,1258.9,-219,182,1446,-76,28,57
R,12746,15920,1264.5,-408,205,592,-267,-242,108
R,12786,15935,1270.3,-397,40,508,-219,-95,39
R,12827,15962,1276.3,124,-116,661,18,156,48
R,12866,15990,1282.0,-447,109,68,-182,53,72
R,12906,16007,1287.8,25,308,2004,6,259,106
R,12947,15978,1293.8,12,0,-62,327,58,-51
R,12986,15890,1299.5,-284,162,1028,-194,273,13
R,13027,15799,1305.4,-336,-198,-750,-272,100,-5
R,13068,15727,1311.3,-320,176,1111,-246,216,141
R,13108,15688,1317.0,-43,-322,-24,413,28,-14
R,13146,15675,1322.4,-351,426,1004,137,46,-221
[dump] J60 t_ms=1364
[dump] J330 t_ms=5207 vcross_x100=9937 vtrap_x100=9249
[dump] J660 t_ms=8201 vcross_x100=13561 vtrap_x100=13362
[dump] J1320 t_ms=13020 vcross_x100=15678 vtrap_x100=15882
[dump] FIN RUN #1 t60=1364 t330=5207 t660=8201 t1320=13020
