[dump] RUN #1 heure=13:50:54 src=ENTREE_PIN rollout_ms=0 unit=JAY_B dyn=7 rate_ms=40 gps=1 pre=15 imuf=2/7 ecu=HP statut=TERMINE
[dump] CAL cal=1 gxo_cdps=-17 gyo_cdps=-41 gzo_cdps=30 cal_tempC=40 run_tempC=33
[dump] colonnes: R,elapsed_ms,kmh_x100,dist_ft,ax_mg,ay_mg,az_mg,gx_ds10,gy_ds10,gz_ds10
R,-974,4,0.0,-45,-59,1082,5,7,0
R,-909,25,0.0,110,-24,966,72,-18,24
R,-845,22,0.0,42,1,1151,-12,67,-27
R,-781,7,0.0,36,-36,1153,-14,-25,-12
R,-714,7,0.0,-202,31,1197,58,-15,11
R,-650,14,0.0,108,-41,1111,11,86,-30
R,-584,3,0.0,70,-19,1133,-78,-32,-17
R,-518,1,0.0,76,-127,888,4,20,-7
R,-456,10,0.0,100,-62,1080,-9,46,-22
R,-390,10,0.0,-8,-176,1220,6,-32,-15
R,-322,5,0.0,118,-3,938,-57,9,21
R,-260,17,0.0,64,-81,816,19,76,-25
R,-194,27,0.0,135,18,1030,21,5,9
R,-131,4,0.0,1484,-343,-313,103,-613,80
R,-66,154,0.0,1686,-241,1268,-127,-166,22
R,82,1142,0.7,1315,-122,675,106,-182,81
R,118,1246,1.1,1296,-240,661,-148,-172,59
R,157,1386,1.5,1735,63,1033,-10,-255,-30
R,198,1541,2.1,1495,-67,556,196,112,-8
R,238,1720,2.7,1837,148,1163,49,-166,24
R,278,1945,3.4,1488,-142,419,-237,40,-117
R,317,2179,4.1,1675,166,1050,-105,-32,51
R,357,2413,4.9,1653,-81,402,-107,13,-73
R,399,2667,5.9,1548,-163,701,-40,-41,16
R,438,2929,6.9,1878,-50,747,-91,-70,-48
R,477,3153,8.0,1726,-73,873,-75,33,-33
R,518,3358,9.2,1593,-15,627,-118,-5,-73
R,557,3581,10.4,1757,-89,562,0,-63,37
R,598,3833,11.8,1878,-282,1058,-104,-32,61
R,638,4074,13.2,1770,-70,994,-197,107,-9
R,678,4336,14.8,1923,40,562,23,33,3
R,718,4607,16.4,1728,-52,541,144,-22,4
R,757,4831,18.1,1784,-111,808,86,-36,-17
R,797,5055,19.9,1823,-127,673,-70,-88,-1
R,836,5291,21.7,1928,-59,788,-105,38,17
R,877,5562,23.8,1918,-154,979,-123,1,29
R,918,5877,25.9,1885,46,775,-109,102,33
R,970,6155,28.7,1868,-219,770,29,-122,32
R,998,6386,30.3,1894,-131,991,-418,60,59
R,1037,6622,32.7,1763,45,1166,-64,-3,40
R,1079,6856,35.2,1736,-102,720,-84,79,49
R,1117,7114,37.7,1514,-99,264,228,-70,144
R,1157,7361,40.3,1696,-151,957,42,-30,99
R,1197,7606,43.0,1785,-308,447,224,-80,155
R,1237,7826,45.8,1785,-378,912,84,-27,50
R,1276,8075,48.7,1932,-162,1046,86,-37,14
R,1316,8311,51.6,2028,-156,983,215,-132,-81
R,1357,8574,54.8,2103,-63,854,57,10,-46
R,1397,8862,58.0,1617,-11,872,-11,73,-79
R,1438,9172,61.3,1736,56,1201,-52,-17,-90
R,1477,9415,64.6,1811,20,735,-199,-44,34
R,1518,9640,68.2,1598,-56,1024,109,50,2
R,1557,9847,71.7,1458,-82,682,201,0,-30
R,1597,10066,75.3,1557,-117,947,-40,-43,81
R,1637,10254,79.0,1755,15,1248,-121,-7,124
R,1676,10475,82.7,1569,-276,1107,74,12,72
R,1717,10694,86.6,1532,-224,781,-3,9,10
R,1757,10907,90.6,1759,111,759,164,6,51
R,1796,11139,94.5,49,-62,361,96,296,-29
R,1837,11313,98.7,584,493,1640,31,110,-191
R,1877,11356,102.8,2057,-485,1163,-133,78,-37
R,1917,11347,107.0,1721,48,332,19,-68,-106
R,1970,11512,112.5,1855,303,542,99,-116,30
R,1997,11794,115.3,1334,-184,1281,-46,228,-88
R,2037,12132,119.7,1472,57,854,-116,4,-26
R,2080,12390,124.5,1473,-93,276,140,93,-75
R,2117,12546,128.7,1564,-156,735,170,-131,18
R,2157,12712,133.3,1616,-100,703,50,-78,4
R,2197,12919,138.0,1600,-49,590,332,-83,-14
R,2237,13133,142.7,1642,-27,939,120,-16,-2
R,2277,13388,147.6,1560,-64,528,14,-13,5
R,2316,13673,152.4,1582,-110,779,27,1,19
R,2357,13920,157.5,1612,-145,944,-27,15,49
R,2397,14156,162.7,1271,-162,1166,-251,35,-19
R,2438,14339,168.0,1427,79,1537,-109,36,33
R,2479,14458,173.4,1624,-60,1343,270,-5,-23
R,2518,14631,178.5,1658,-131,1236,257,-24,-55
R,2557,14850,183.8,1622,-33,684,211,-109,-14
R,2599,15099,189.5,1583,145,988,109,-53,65
R,2637,15311,194.8,1416,-77,528,248,-68,-48
R,2677,15538,200.4,1488,-167,636,-30,14,3
R,2718,15723,206.2,1479,158,928,-26,99,4
R,2756,15927,211.7,418,61,1050,144,232,-184
R,2797,16114,217.7,81,-353,296,-90,367,-80
R,2839,16189,223.9,1909,-504,1171,74,-198,210
R,2878,16182,229.6,1541,-192,790,233,-619,56
R,2919,16316,235.7,1141,-22,1274,-236,-12,-126
R,2970,16582,243.3,1570,102,815,-192,112,75
R,2998,16802,247.6,1373,-121,681,100,38,9
R,3037,16994,253.6,993,-206,791,112,-26,5
R,3080,17156,260.3,1567,171,255,131,-80,-74
R,3117,17352,266.1,1267,-49,909,105,6,-37
R,3159,17576,272.8,1289,49,1536,-296,81,15
R,3198,17765,279.1,1374,-10,1019,-119,134,8
R,3237,17932,285.4,1210,-192,1028,55,-17,16
R,3277,18091,292.0,1526,-184,538,1,-11,22
R,3318,18253,298.8,1116,-58,695,-18,67,-19
R,3358,18436,305.5,1407,34,336,-7,-46,-34
R,3397,18631,312.1,1224,-40,1208,-35,0,16
R,3437,18805,318.9,1485,137,1424,-32,-250,54
R,3477,18973,325.8,1119,45,1444,-221,27,-52
R,3517,19153,332.7,1204,36,992,42,-82,-16
R,3557,19333,339.7,-1593,-954,426,-254,258,62
R,3598,19381,347.0,-1201,-107,1891,181,162,147
R,3639,19287,354.2,739,827,2256,644,-340,0
R,3678,19111,361.0,1899,-195,1421,-13,152,-128
R,3717,19131,367.8,-332,-95,-397,-289,195,-100
R,3757,19296,374.8,135,335,1470,281,-433,80
R,3797,19354,381.9,551,116,1718,-347,238,-159
R,3838,19391,389.1,609,360,900,30,278,-30
R,3877,19452,396.0,321,-144,1246,-81,48,27
R,3918,19506,403.3,571,450,1403,109,-158,306
R,3969,19489,412.3,-57,-15,324,72,108,-168
R,3998,19416,417.5,332,150,798,-31,-39,129
R,4038,19401,424.6,-468,-129,866,-509,505,-412
R,4079,19526,431.8,246,1019,846,395,151,236
R,4118,19637,438.8,-282,-756,930,-467,242,-178
R,4157,19691,445.8,-496,357,-498,366,4,-17
R,4197,19590,452.9,-536,-105,1529,533,54,-15
R,4237,19486,460.1,85,-65,877,-389,256,-90
R,4277,19383,467.1,-41,-39,882,-186,46,35
R,4317,19345,474.2,-199,-25,1147,110,-111,19
R,4357,19292,481.2,-320,-95,1332,-207,73,-47
R,4397,19274,488.3,-252,27,1017,-120,142,-51
R,4437,19273,495.3,-61,-64,1016,126,12,12
R,4477,19232,502.3,-199,-123,1358,-106,7,-8
R,4517,19185,509.3,-189,70,1345,-116,-23,-2
R,4557,19155,516.3,-47,-16,943,48,-11,-21
R,4597,19099,523.3,-280,-129,882,-123,32,-39
R,4638,19088,530.4,-325,8,1145,-166,66,-5
R,4677,19059,537.2,-56,-1,1182,15,-142,14
R,4717,18996,544.1,-57,0,1107,-49,-34,19
R,4757,18959,551.1,-542,-2,1120,-49,183,-71
R,4797,18944,558.0,-319,13,531,146,30,43
R,4838,18904,565.0,-103,20,712,42,86,-1
R,4877,18850,571.7,-67,5,1014,39,6,23
R,4918,18810,578.8,-154,-22,1221,75,-28,-19
R,4970,18789,587.7,-225,25,1367,106,31,-43
R,4998,18742,592.5,-77,92,1177,-56,10,24
R,5038,18708,599.3,-159,-82,783,82,69,-37
R,5080,18681,606.5,-61,-134,810,-43,27,37
R,5117,18645,612.8,-9,-67,1230,-257,-95,92
R,5158,18612,619.7,-72,30,1641,-166,-55,41
R,5198,18579,626.5,-16,-4,1909,-118,-53,66
R,5238,18533,633.3,-79,45,1850,-132,-49,66
R,5277,18485,639.8,86,-24,1111,-153,-24,92
R,5317,18453,646.6,-92,30,1580,-251,26,72
R,5358,18460,653.5,-164,-184,624,7,-18,80
R,5397,18420,660.0,-38,21,769,215,-78,-88
R,5437,18383,666.7,-8,29,1930,-24,-43,9
R,5478,18341,673.6,-165,-86,735,-26,80,-29
R,5517,18314,680.1,-61,184,1037,34,33,-39
R,5557,18283,686.8,-147,-126,869,-128,70,5
R,5598,18251,693.6,-194,97,980,-88,-1,-25
R,5637,18210,700.1,-78,-137,585,-113,71,10
R,5677,18172,706.7,86,55,916,-51,-88,28
R,5717,18163,713.3,-400,-109,1116,-21,17,-23
R,5757,18114,719.9,-210,-73,908,15,-3,28
R,5797,18083,726.5,53,-12,1404,-8,-190,37
R,5838,18052,733.3,-441,-166,1444,102,-8,-38
R,5878,18026,739.9,-93,-56,781,110,47,37
R,5917,17995,746.3,79,-123,1244,5,-160,19
R,5971,17963,755.1,-263,71,1014,68,120,-43
R,5997,17929,759.4,10,101,1175,12,21,-10
R,6037,17905,765.9,-286,-58,1078,-74,170,-32
R,6080,17867,772.9,-273,-47,1007,1,13,12
R,6117,17828,778.9,193,7,861,22,-145,55
R,6158,17806,785.6,20,-56,1017,22,-24,34
R,6197,17772,791.9,-189,61,980,36,34,5
R,6237,17751,798.4,-228,-41,696,-22,150,-67
R,6277,17733,804.8,-311,-86,851,8,70,-13
R,6318,17693,811.5,-215,-32,1067,-50,-57,32
R,6357,17649,817.7,-23,-38,1008,6,-134,26
R,6398,17592,824.3,63,0,965,86,-99,59
R,6437,17582,830.6,-118,76,1251,-13,5,19
R,6477,17554,837.0,-262,53,1170,-82,139,-21
R,6518,17530,843.5,-294,11,1087,-44,121,-7
R,6558,17517,849.9,-26,-105,706,-15,-7,36
R,6597,17490,856.1,-31,-74,838,78,-87,27
R,6638,17450,862.7,89,-49,895,80,-165,28
R,6677,17402,868.9,-161,-13,1386,-6,49,-17
R,6717,17372,875.2,-341,5,1109,34,178,-45
R,6758,17359,881.7,-362,-70,1040,4,263,-77
R,6798,17344,888.0,-423,-4,799,101,148,-10
R,6837,17311,894.2,-117,15,788,44,101,-16
R,6878,17263,900.6,-40,38,826,48,47,11
R,6918,17235,906.9,81,0,786,95,-117,51
R,6970,17209,915.1,-190,7,929,-46,125,-32
R,6998,17173,919.5,-232,-94,1055,11,45,-21
R,7039,17135,925.9,-130,109,939,-36,40,-20
R,7079,17115,932.1,-372,-104,932,29,142,-47
R,7118,17102,938.2,-243,-136,846,97,45,3
R,7157,17072,944.3,-64,0,941,54,-94,17
R,7197,17011,950.5,-59,-47,813,84,-85,13
R,7238,16981,956.8,-40,-28,872,96,-113,29
R,7278,16946,963.0,82,93,923,-30,-42,4
R,7317,16956,969.1,-92,1,928,12,0,20
R,7358,16912,975.4,-165,56,951,16,51,-9
R,7399,16868,981.7,-341,-3,1130,-39,64,-15
R,7437,16821,987.5,-340,-6,1054,-19,89,-32
R,7478,16772,993.8,-153,-80,868,-26,68,-9
R,7518,16730,999.9,-270,-54,1137,-1,-51,12
R,7557,16704,1005.9,-32,-67,915,-18,-128,18
R,7598,16649,1012.1,-46,-77,898,9,-127,26
R,7638,16644,1018.2,-33,-62,1012,-10,-103,8
R,7677,16588,1024.1,-102,-40,1043,9,-71,5
R,7717,16509,1030.1,37,36,1002,-32,-46,6
R,7758,16479,1036.3,-152,-49,1316,-23,15,-5
R,7797,16450,1042.1,-79,-8,1159,-29,33,-20
R,7839,16411,1048.4,-318,-63,1520,-58,123,-27
R,7878,16365,1054.2,-461,-32,1249,10,53,-16
R,7917,16309,1060.0,-294,118,1225,-50,34,1
R,7971,16248,1068.0,-300,34,1003,-1,71,0
R,7998,16223,1072.0,-326,38,1152,-38,144,-22
R,8037,16223,1077.8,-368,6,1006,-75,80,-16
R,8081,16189,1084.3,-269,-5,886,-18,84,-4
R,8118,16132,1089.7,-404,-17,895,-37,90,9
R,8157,16088,1095.5,-325,-76,1186,-24,-61,6
R,8198,16029,1101.5,-49,37,946,12,-21,34
R,8238,16001,1107.3,-225,-117,1270,7,-26,0
R,8277,15974,1113.0,-223,53,1350,84,-175,18
R,8318,15935,1119.0,46,-13,1024,80,-65,10
R,8358,15902,1124.8,53,-9,1079,75,-89,24
R,8397,15872,1130.4,-57,32,997,128,-35,6
R,8438,15841,1136.3,22,-68,733,129,-101,20
R,8478,15798,1142.1,-67,-40,1031,98,-37,9
R,8518,15755,1147.8,-180,-41,1374,-21,-11,-12
R,8557,15717,1153.4,-81,28,1121,47,13,-46
R,8598,15654,1159.3,-522,28,1112,47,204,-82
R,8637,15627,1164.9,-408,-70,1141,-31,144,-78
R,8678,15574,1170.7,-281,44,1148,-70,145,-81
R,8719,15536,1176.5,-326,-35,1159,-39,94,-12
R,8757,15497,1181.9,-394,-79,1442,-122,66,-10
R,8798,15463,1187.7,-462,-89,1372,-91,79,-44
R,8838,15423,1193.3,-176,-67,973,-102,161,-67
R,8877,15398,1198.8,-369,-110,1242,-86,1,0
R,8917,15367,1204.4,-229,-97,1153,-109,1,-6
R,8970,15301,1211.8,-264,-89,1086,5,-62,3
R,8997,15261,1215.5,-174,26,887,-18,14,0
R,9037,15225,1221.1,-172,-56,1177,-67,30,-1
R,9080,15181,1227.1,-195,-162,1185,-40,-65,-2
R,9117,15135,1232.2,-63,-77,883,4,-124,13
R,9157,15110,1237.7,-280,-81,1115,19,-71,-4
R,9199,15075,1243.5,-362,24,1502,-24,-114,9
R,9238,15038,1248.8,-269,-5,1180,-123,127,-37
R,9277,14997,1254.1,-490,-91,1132,-61,117,-10
R,9318,14984,1259.7,-174,-26,1106,-36,-26,1
R,9357,14930,1265.1,-247,6,1220,-128,35,0
R,9399,14898,1270.8,-222,28,1217,-80,25,-6
R,9438,14839,1276.1,-399,22,1376,-2,15,1
R,9477,14804,1281.3,-237,-16,1406,-142,123,-68
R,9518,14772,1286.8,-125,35,1434,-142,177,-83
R,9558,14743,1292.2,3,-45,1395,-72,52,-22
R,9597,14712,1297.5,214,60,563,110,1,54
R,9637,14687,1302.8,-228,3,1410,29,-29,14
R,9677,14641,1308.2,-37,-75,904,52,-135,38
R,9717,14580,1313.5,14,12,918,63,-88,14
R,9758,14559,1318.9,-457,-106,1490,33,-29,-9
R,9798,14516,1324.2,-228,146,1179,-53,47,-4
[dump] J60 t_ms=1323
[dump] J330 t_ms=3396 vcross_x100=19108 vtrap_x100=18242
[dump] J660 t_ms=5292 vcross_x100=18415 vtrap_x100=18569
[dump] J1320 t_ms=9663 vcross_x100=14542 vtrap_x100=14750
[dump] FIN RUN #1 t60=1323 t330=3396 t660=5292 t1320=9663
