[dump] RUN #1 heure=09:03:44 src=SEUIL_GPS rollout_ms=0 unit=DELZO dyn=4 rate_ms=40 gps=2 pre=15 imuf=2/7 ecu=HP statut=TERMINE
[dump] colonnes: R,elapsed_ms,kmh_x100,dist_ft,ax_mg,ay_mg,az_mg,gx_ds10,gy_ds10,gz_ds10
R,-600,40,0.0,5,-13,1019,1,0,0
R,-560,40,0.0,5,-14,1019,2,0,0
R,-520,40,0.0,4,-13,1019,2,0,1
R,-480,40,0.0,4,-13,1019,2,0,1
R,-440,40,0.0,5,-13,1019,2,0,0
R,-400,40,0.0,4,-14,1019,1,0,0
R,-361,40,0.0,4,-14,1020,2,0,0
R,-320,40,0.0,5,-13,1019,2,0,0
R,-280,40,0.0,5,-13,1018,2,0,0
R,-240,40,0.0,5,-13,1018,2,0,0
R,-200,40,0.0,5,-13,1018,0,-1,0
R,-161,40,0.0,5,-13,1018,1,0,0
R,-120,40,0.0,4,-14,1020,1,0,0
R,-80,40,0.0,3,-14,1018,1,0,0
R,-40,40,0.0,4,-13,1017,1,0,0
R,40,370,0.1,5,-13,1019,2,0,0
R,80,536,0.3,4,-13,1020,2,0,0
R,120,702,0.5,6,-14,1020,2,0,0
R,160,869,0.8,4,-13,1020,2,0,1
R,200,1035,1.1,4,-13,1020,2,0,0
R,240,1202,1.5,4,-13,1019,2,0,0
R,280,1368,2.0,5,-14,1019,1,0,0
R,320,1534,2.5,4,-13,1020,1,0,0
R,360,1701,3.1,4,-14,1019,1,0,0
R,399,1867,3.8,4,-14,1018,1,0,1
R,440,2034,4.5,5,-14,1019,1,0,0
R,480,2200,5.3,5,-14,1018,2,0,0
R,519,2304,6.1,4,-13,1019,2,0,0
R,560,2408,6.9,5,-13,1019,2,0,0
R,600,2512,7.8,5,-13,1015,2,0,0
R,640,2616,8.8,4,-14,1020,2,0,0
R,679,2720,9.7,4,-13,1020,0,-1,0
R,720,2824,10.8,4,-12,1020,6,2,0
R,760,2928,11.8,4,-13,1023,1,-1,1
R,800,3032,12.9,4,-13,1021,2,0,1
R,840,3136,14.0,3,-13,1016,0,-1,1
R,880,3240,15.2,5,-13,1017,1,-1,1
R,920,3344,16.4,5,-14,1018,1,0,0
R,960,3448,17.6,5,-13,1020,0,-1,0
R,1000,3526,18.9,5,-14,1020,2,0,1
R,1040,3578,20.2,4,-14,1019,3,0,0
R,1080,3630,21.5,5,-13,1019,2,0,1
R,1120,3682,22.8,6,-13,1019,2,0,0
R,1160,3734,24.2,5,-14,1019,1,0,1
R,1200,3786,25.5,4,-13,1019,1,0,1
R,1239,3838,26.9,3,-13,1020,2,0,0
R,1280,3890,28.3,5,-14,1019,1,-1,0
R,1320,3942,29.8,5,-14,1019,1,0,0
R,1360,3994,31.2,4,-13,1018,2,0,0
R,1400,4046,32.7,4,-13,1020,2,0,0
R,1440,4098,34.2,4,-14,1019,2,0,0
R,1480,4150,35.7,5,-13,1018,1,0,0
R,1519,4202,37.2,5,-13,1019,1,-1,0
R,1560,4254,38.7,5,-13,1020,2,0,0
R,1600,4306,40.3,5,-13,1021,2,0,1
R,1640,4358,41.9,5,-14,1019,2,0,0
R,1680,4410,43.5,4,-14,1019,1,0,0
R,1720,4462,45.1,4,-13,1018,1,0,0
R,1760,4514,46.7,5,-13,1019,1,0,1
R,1800,4566,48.4,5,-14,1019,2,0,0
R,1840,4618,50.1,5,-15,1020,1,0,0
R,1880,4671,51.8,5,-14,1019,1,0,0
R,1921,4723,53.5,4,-14,1019,2,0,0
R,1960,4775,55.2,5,-13,1020,2,0,1
R,2001,4852,57.0,5,-13,1019,1,0,0
R,2041,4950,58.8,5,-13,1019,2,0,0
R,2081,5049,60.6,4,-13,1019,2,0,0
R,2121,5148,62.5,4,-13,1020,2,0,0
R,2161,5246,64.4,5,-13,1020,2,0,0
R,2201,5345,66.3,4,-13,1019,2,0,0
R,2241,5444,68.3,5,-13,1020,2,0,0
R,2281,5542,70.3,4,-12,1018,1,0,0
R,2321,5641,72.3,5,-13,1017,2,0,0
R,2360,5740,74.3,5,-13,1019,1,-1,1
R,2401,5838,76.5,4,-14,1019,2,0,0
R,2441,5937,78.6,5,-13,1019,2,0,0
R,2481,6036,80.8,4,-13,1019,2,0,0
R,2533,6164,83.7,4,-12,1017,1,0,0
R,2573,6263,86.0,4,-13,1019,1,0,0
R,2612,6361,88.2,4,-14,1019,1,0,0
R,2653,6460,90.6,5,-14,1019,1,0,0
R,2693,6559,93.0,4,-13,1019,2,0,0
R,2733,6657,95.4,4,-13,1019,2,0,0
R,2773,6756,97.8,4,-13,1018,2,0,0
R,2813,6855,100.3,5,-13,1018,2,0,0
R,2853,6953,102.8,3,-13,1019,1,0,0
R,2893,7052,105.4,4,-13,1019,1,0,1
R,2933,7151,108.0,4,-14,1020,2,0,0
R,2973,7249,110.6,4,-13,1021,2,0,0
R,3013,7348,113.3,4,-14,1019,2,0,1
R,3053,7447,115.9,4,-13,1018,2,0,0
R,3093,7545,118.7,4,-14,1019,1,-2,0
R,3134,7647,121.5,4,-12,1020,2,0,0
R,3181,7765,124.8,5,-14,1020,0,-4,0
R,3222,7864,127.7,4,-12,1016,4,0,0
R,3262,7962,130.6,4,-13,1020,1,-1,0
R,3302,8061,133.5,5,-14,1020,2,0,0
R,3342,8160,136.5,5,-13,1018,1,-1,0
R,3381,8258,139.4,5,-12,1019,1,-1,1
R,3422,8357,142.5,4,-12,1016,3,0,0
R,3462,8456,145.6,5,-14,1020,1,-1,0
R,3502,8525,148.7,6,-14,1020,1,0,0
R,3542,8570,151.8,5,-13,1017,2,0,0
R,3582,8614,154.9,5,-14,1019,2,0,0
R,3622,8659,158.1,5,-13,1021,3,0,0
R,3662,8704,161.2,5,-14,1019,2,0,0
R,3702,8749,164.4,6,-14,1018,1,-1,0
R,3744,8796,167.8,5,-13,1019,2,0,0
R,3784,8841,171.0,5,-13,1020,2,0,0
R,3830,8895,174.7,6,-13,1019,2,0,0
R,3872,8940,178.1,4,-14,1019,1,0,0
R,3912,8985,181.4,5,-14,1019,2,0,0
R,3952,9030,184.7,5,-13,1018,1,0,0
R,3993,9076,188.1,5,-13,1020,1,0,0
R,4033,9121,191.4,5,-13,1021,2,0,0
R,4073,9166,194.7,5,-13,1019,2,0,0
R,4113,9211,198.1,5,-13,1020,1,0,0
R,4152,9255,201.3,5,-13,1018,2,0,0
R,4193,9300,204.8,6,-13,1019,2,0,0
R,4233,9345,208.2,5,-14,1022,1,0,0
R,4273,9390,211.6,5,-13,1019,2,0,0
R,4313,9435,215.1,5,-13,1020,2,0,0
R,4353,9480,218.5,5,-14,1020,2,0,0
R,4393,9525,222.0,5,-13,1019,1,0,0
R,4433,9570,225.4,5,-14,1020,1,0,1
R,4476,9619,229.2,5,-13,1021,2,0,0
R,4517,9664,232.8,5,-14,1018,2,0,0
R,4557,9709,236.3,4,-13,1019,2,0,0
R,4597,9754,239.9,4,-13,1018,2,0,0
R,4637,9799,243.5,5,-12,1020,1,-1,0
R,4677,9844,247.0,4,-13,1020,1,-1,0
R,4717,9888,250.6,4,-14,1019,1,-1,1
R,4757,9933,254.2,5,-13,1019,1,0,0
R,4796,9978,257.8,4,-14,1017,2,0,0
R,4837,10023,261.5,5,-14,1022,2,0,0
R,4877,10068,265.2,4,-14,1019,2,0,0
R,4917,10113,268.9,5,-13,1016,1,-1,0
R,4957,10158,272.6,5,-13,1019,2,0,0
R,4997,10203,276.3,6,-14,1020,3,0,0
R,5037,10248,280.0,5,-12,1022,2,0,0
R,5077,10293,283.7,4,-13,1021,1,0,0
R,5126,10349,288.3,5,-13,1020,0,-1,1
R,5167,10394,292.2,5,-14,1019,1,0,0
R,5214,10446,296.7,5,-14,1018,2,0,0
R,5254,10491,300.5,6,-13,1020,1,0,0
R,5294,10536,304.3,6,-12,1020,2,0,0
R,5334,10581,308.2,5,-13,1019,2,-1,1
R,5374,10626,312.0,5,-13,1020,2,-1,0
R,5414,10671,315.9,5,-14,1019,2,0,0
R,5454,10712,319.8,5,-13,1019,0,-1,0
R,5493,10748,323.6,6,-13,1019,1,-1,1
R,5534,10783,327.7,5,-12,1020,2,0,0
R,5574,10818,331.6,5,-13,1020,2,0,0
R,5614,10854,335.5,5,-13,1019,2,0,0
R,5654,10889,339.5,5,-13,1018,2,0,0
R,5694,10924,343.5,5,-13,1019,2,-1,0
R,5734,10960,347.5,5,-14,1020,1,0,0
R,5778,11000,351.9,5,-13,1019,1,0,0
R,5819,11035,356.0,5,-13,1019,2,0,0
R,5859,11070,360.0,6,-14,1018,2,0,0
R,5899,11106,364.1,4,-13,1018,1,0,1
R,5940,11143,368.2,5,-13,1017,1,0,0
R,5981,11178,372.4,4,-13,1019,1,0,1
R,6020,11213,376.4,5,-13,1020,1,0,0
R,6061,11249,380.6,6,-13,1019,2,0,1
R,6101,11284,384.7,5,-13,1020,2,0,0
R,6140,11319,388.7,5,-13,1018,2,0,0
R,6181,11355,392.9,6,-13,1019,2,0,0
R,6221,11390,397.1,5,-13,1019,1,0,0
R,6261,11426,401.2,4,-13,1020,1,0,0
R,6301,11461,405.4,5,-13,1019,2,0,0
R,6341,11496,409.6,6,-13,1019,1,-1,0
R,6381,11532,413.8,5,-12,1020,2,0,0
R,6427,11573,418.6,5,-14,1020,1,0,0
R,6468,11608,423.0,5,-14,1020,1,0,0
R,6508,11644,427.2,5,-14,1020,1,0,0
R,6548,11679,431.4,5,-14,1019,2,0,0
R,6588,11715,435.7,5,-13,1019,2,0,0
R,6627,11750,439.9,5,-14,1019,2,0,0
R,6668,11785,444.3,5,-14,1020,2,0,0
R,6708,11821,448.6,5,-13,1019,1,0,0
R,6748,11856,452.9,5,-13,1019,1,0,1
R,6788,11891,457.2,4,-13,1019,2,0,0
R,6828,11927,461.6,6,-12,1019,2,0,0
R,6868,11962,465.9,5,-13,1020,2,0,1
R,6908,11997,470.3,4,-13,1020,2,0,0
R,6948,12033,474.7,6,-13,1019,2,0,0
R,6987,12068,479.0,6,-14,1018,2,0,0
R,7028,12103,483.5,6,-14,1020,1,0,0
R,7073,12144,488.4,5,-13,1019,2,0,0
R,7114,12179,493.0,6,-13,1019,2,0,0
R,7154,12215,497.4,5,-14,1019,2,0,0
R,7194,12250,501.9,5,-13,1019,2,0,0
R,7234,12285,506.4,5,-13,1019,1,0,0
R,7274,12321,510.8,5,-12,1020,2,0,0
R,7314,12356,515.3,5,-13,1019,2,0,1
R,7354,12391,519.9,5,-14,1019,2,0,0
R,7394,12427,524.4,5,-13,1019,2,0,1
R,7434,12462,528.9,6,-13,1020,1,0,1
R,7476,12499,533.7,5,-13,1020,2,0,0
R,7516,12535,538.3,4,-13,1019,2,0,1
R,7556,12570,542.8,5,-14,1020,1,0,0
R,7596,12605,547.4,5,-13,1019,2,0,0
R,7636,12641,552.0,4,-13,1019,2,0,0
R,7676,12676,556.6,5,-14,1020,2,0,0
R,7723,12718,562.1,5,-13,1020,1,0,0
R,7764,12754,566.8,5,-14,1020,2,0,0
R,7804,12789,571.5,5,-14,1019,2,0,0
R,7844,12824,576.2,6,-13,1020,1,0,1
R,7884,12860,580.8,6,-14,1020,2,0,0
R,7924,12895,585.5,6,-13,1020,2,0,0
R,7964,12931,590.2,5,-13,1019,2,0,1
R,8004,12966,595.0,5,-13,1019,2,0,0
R,8043,13001,599.6,6,-13,1019,1,0,0
R,8084,13037,604.4,5,-13,1019,2,0,0
R,8124,13072,609.2,5,-13,1020,1,0,0
R,8164,13107,614.0,5,-13,1019,1,0,1
R,8204,13143,618.8,5,-14,1019,2,0,0
R,8244,13178,623.6,4,-13,1019,1,0,0
R,8284,13213,628.4,6,-13,1020,2,0,0
R,8324,13249,633.2,4,-13,1020,2,0,0
R,8376,13295,639.5,6,-13,1020,1,0,0
R,8417,13331,644.4,5,-13,1019,2,0,1
R,8456,13364,649.2,5,-14,1019,2,0,0
R,8497,13387,654.2,5,-13,1019,2,0,0
R,8537,13410,659.1,5,-12,1020,2,0,0
R,8577,13433,664.0,5,-13,1019,2,0,0
R,8617,13457,668.9,5,-13,1019,2,0,0
R,8657,13480,673.8,5,-13,1019,2,0,0
R,8697,13503,678.7,5,-13,1020,2,0,0
R,8737,13526,683.6,6,-13,1020,1,0,0
R,8777,13549,688.6,5,-13,1020,2,0,1
R,8817,13572,693.5,5,-13,1019,1,0,0
R,8856,13595,698.3,5,-12,1019,1,0,0
R,8897,13619,703.4,5,-13,1020,1,0,0
R,8937,13642,708.4,5,-12,1020,2,0,0
R,8977,13665,713.4,5,-13,1020,1,0,1
R,9022,13691,719.0,5,-13,1019,1,0,0
R,9063,13715,724.1,5,-14,1018,2,0,0
R,9103,13738,729.1,5,-13,1019,2,0,0
R,9143,13761,734.1,5,-13,1020,2,0,0
R,9183,13784,739.1,5,-14,1021,2,0,0
R,9223,13807,744.2,5,-13,1020,1,0,0
R,9263,13830,749.2,5,-13,1019,1,0,0
R,9303,13853,754.2,5,-13,1020,1,0,0
R,9343,13877,759.3,5,-13,1019,2,0,0
R,9383,13900,764.4,5,-14,1020,2,0,0
R,9422,13923,769.3,6,-14,1019,1,0,0
R,9463,13946,774.5,5,-13,1018,1,0,0
R,9503,13969,779.6,6,-14,1020,2,0,0
R,9543,13992,784.7,4,-13,1020,2,0,0
R,9583,14015,789.8,5,-12,1019,2,0,0
R,9623,14039,794.9,5,-14,1019,2,0,1
R,9672,14068,801.2,5,-13,1019,2,0,0
R,9713,14091,806.4,5,-13,1018,1,0,1
R,9752,14114,811.5,5,-13,1020,2,0,0
R,9793,14137,816.7,5,-13,1020,2,0,0
R,9832,14160,821.8,6,-13,1019,2,0,0
R,9873,14183,827.1,5,-13,1018,1,0,0
R,9913,14206,832.2,5,-13,1019,1,0,0
R,9953,14230,837.4,5,-12,1020,1,0,0
R,9993,14253,842.6,6,-13,1020,2,0,0
R,10032,14276,847.7,5,-13,1019,2,0,0
R,10073,14299,853.0,5,-14,1019,2,0,1
R,10113,14322,858.2,5,-13,1019,1,0,1
R,10153,14345,863.5,5,-13,1020,1,0,0
R,10193,14368,868.7,6,-13,1020,1,0,0
R,10233,14391,873.9,5,-13,1018,2,0,0
R,10273,14415,879.2,5,-13,1018,2,0,0
R,10320,14442,885.4,5,-13,1020,2,0,0
R,10360,14466,890.6,4,-13,1019,2,0,0
R,10401,14489,896.0,5,-14,1019,1,0,0
R,10441,14512,901.3,5,-13,1019,2,0,0
R,10480,14535,906.5,5,-13,1019,2,0,0
R,10521,14558,911.9,5,-13,1019,2,0,0
R,10561,14581,917.2,5,-13,1019,2,0,0
R,10601,14604,922.6,6,-14,1020,2,0,0
R,10641,14628,927.9,5,-13,1019,2,0,0
R,10681,14651,933.2,5,-13,1019,2,0,0
R,10721,14674,938.6,5,-13,1019,1,0,0
R,10761,14697,943.9,6,-13,1020,1,0,0
R,10801,14720,949.3,5,-13,1019,2,0,1
R,10841,14743,954.7,5,-13,1019,1,0,1
R,10881,14766,960.0,6,-13,1020,2,0,0
R,10921,14790,965.4,6,-14,1019,2,0,1
R,10970,14818,972.0,6,-14,1019,2,0,0
R,11011,14842,977.6,6,-13,1019,2,0,0
R,11052,14865,983.1,6,-13,1019,1,0,0
R,11092,14888,988.5,5,-13,1020,1,0,0
R,11133,14912,994.1,5,-14,1019,2,0,0
R,11173,14935,999.6,5,-14,1019,2,0,0
R,11213,14958,1005.0,5,-13,1019,2,0,0
R,11253,14982,1010.5,4,-13,1019,1,0,0
R,11293,15005,1015.9,6,-13,1020,2,0,0
R,11334,15028,1021.5,5,-14,1019,2,0,0
R,11374,15052,1027.0,5,-14,1019,1,0,0
R,11414,15075,1032.5,5,-14,1019,2,0,0
R,11454,15098,1038.0,5,-13,1020,1,0,0
R,11494,15121,1043.5,5,-13,1020,1,0,0
R,11534,15144,1049.0,5,-14,1019,2,0,0
R,11574,15167,1054.6,6,-13,1019,2,0,1
R,11622,15196,1061.2,6,-13,1019,2,0,0
R,11662,15219,1066.7,5,-13,1019,2,0,1
R,11703,15242,1072.4,5,-12,1018,2,0,1
R,11743,15265,1078.0,5,-14,1020,2,0,0
R,11783,15288,1083.6,5,-13,1020,2,0,0
R,11823,15311,1089.1,6,-14,1019,2,0,0
R,11863,15334,1094.7,6,-13,1019,2,0,0
R,11903,15358,1100.3,5,-13,1020,1,0,0
R,11943,15381,1105.9,4,-13,1019,2,0,0
R,11983,15404,1111.5,5,-13,1020,1,0,0
R,12023,15427,1117.2,5,-13,1020,2,0,0
R,12063,15450,1122.8,5,-13,1018,1,0,0
R,12103,15473,1128.4,5,-13,1018,2,0,0
R,12143,15496,1134.1,6,-13,1018,2,0,0
R,12183,15520,1139.7,4,-14,1020,2,0,1
R,12222,15543,1145.2,5,-14,1019,2,0,0
R,12271,15571,1152.2,5,-13,1020,2,0,1
R,12312,15594,1158.0,5,-13,1018,1,0,0
R,12352,15617,1163.7,6,-14,1019,2,0,0
R,12391,15640,1169.2,5,-13,1019,2,0,0
R,12431,15664,1175.0,5,-13,1020,2,0,0
R,12473,15687,1181.0,6,-13,1020,1,0,0
R,12513,15710,1186.7,5,-13,1019,2,0,0
R,12553,15734,1192.4,4,-14,1019,2,0,0
R,12593,15757,1198.1,5,-13,1020,2,0,0
R,12631,15780,1203.6,6,-12,1020,1,0,1
R,12673,15803,1209.7,5,-13,1019,2,0,0
R,12713,15826,1215.4,6,-14,1018,2,0,1
R,12753,15849,1221.2,6,-14,1019,1,0,0
R,12793,15872,1227.0,6,-13,1020,2,0,0
R,12831,15896,1232.5,5,-12,1020,2,0,0
R,12873,15919,1238.6,5,-13,1019,2,0,0
R,12917,15945,1245.0,5,-13,1019,2,0,0
R,12958,15968,1250.9,6,-13,1019,1,0,0
R,12998,15991,1256.7,5,-14,1019,2,0,0
R,13038,16014,1262.6,6,-13,1019,2,0,0
R,13077,16037,1268.3,6,-14,1019,1,0,0
R,13118,16060,1274.3,5,-13,1019,2,0,0
R,13158,16084,1280.1,5,-13,1019,1,0,0
R,13198,16107,1286.0,6,-13,1019,2,0,0
R,13238,16130,1291.9,6,-12,1019,2,0,0
R,13278,16153,1297.7,6,-14,1019,2,0,0
R,13318,16091,1303.6,5,-12,1019,2,0,0
R,13358,15993,1309.5,6,-14,1019,1,0,0
R,13398,15894,1315.3,4,-13,1020,2,0,0
R,13438,15796,1321.1,6,-13,1019,2,0,0
[dump] J60 t_ms=1905
[dump] J330 t_ms=5383 vcross_x100=10813 vtrap_x100=10450
[dump] J660 t_ms=8368 vcross_x100=13419 vtrap_x100=13191
[dump] J1320 t_ms=13253 vcross_x100=15797 vtrap_x100=16022
[dump] FIN RUN #1 t60=1905 t330=5383 t660=8368 t1320=13253
