[dump] RUN #1 heure=19:04:05 src=ENTREE_PIN rollout_ms=0 unit=ALLO2 dyn=4 rate_ms=40 gps=1 pre=9 imuf=2/7 ecu=HP statut=ABANDON
[dump] CAL cal=0 gxo_cdps=0 gyo_cdps=0 gzo_cdps=0 cal_tempC=0 run_tempC=28
[dump] colonnes: R,elapsed_ms,kmh_x100,dist_ft,ax_mg,ay_mg,az_mg,gx_ds10,gy_ds10,gz_ds10
R,-1413,0,0.0,28,-32,1064,0,-1,-1
R,-1261,0,0.0,28,-32,1065,0,-1,-2
R,-1100,0,0.0,28,-31,1064,0,-1,-1
R,-946,0,0.0,28,-31,1065,0,-1,-1
R,-786,0,0.0,29,-32,1064,0,-1,-2
R,-636,0,0.0,28,-32,1065,0,-1,-1
R,-475,0,0.0,28,-32,1064,0,-1,-1
R,-312,0,0.0,28,-32,1064,0,-1,-1
R,-152,0,0.0,28,-32,1065,0,-1,-1
R,171,0,0.0,27,-32,1065,0,0,-1
R,197,0,0.0,28,-32,1065,0,-1,-2
R,237,0,0.0,28,-32,1064,0,-1,-1
R,277,0,0.0,28,-32,1065,0,-1,-1
R,318,0,0.0,28,-31,1065,0,-1,-1
R,357,0,0.0,28,-33,1064,0,-1,-1
R,397,0,0.0,28,-32,1065,0,-1,-1
R,437,0,0.0,28,-31,1064,0,0,-1
R,477,0,0.0,27,-32,1064,0,-1,-1
R,517,0,0.0,27,-31,1064,0,0,-1
R,557,0,0.0,28,-31,1064,0,-1,-2
R,597,0,0.0,28,-32,1064,0,-1,-1
R,637,0,0.0,28,-31,1065,0,-1,-1
R,677,0,0.0,27,-32,1064,0,-1,-1
R,717,0,0.0,27,-32,1063,0,-1,-1
R,757,0,0.0,28,-32,1064,0,-1,-1
R,798,0,0.0,28,-32,1064,0,-1,-1
R,837,0,0.0,28,-32,1063,0,-1,-2
R,877,0,0.0,28,-31,1064,0,-1,-2
R,926,0,0.0,27,-32,1064,0,-1,-1
R,957,0,0.0,28,-32,1064,0,-1,-1
R,997,0,0.0,28,-31,1064,0,-1,-1
R,1037,0,0.0,28,-32,1064,0,-1,-2
R,1077,0,0.0,28,-31,1064,0,-1,-2
R,1117,0,0.0,28,-31,1064,0,-1,-1
R,1157,0,0.0,28,-32,1064,0,-1,-2
R,1197,0,0.0,28,-31,1064,0,-1,-2
R,1238,0,0.0,27,-32,1064,0,-1,-1
R,1278,0,0.0,27,-31,1065,0,-1,-1
R,1317,0,0.0,28,-32,1065,0,-1,-1
R,1357,0,0.0,28,-31,1064,0,-1,-1
R,1398,0,0.0,28,-32,1064,0,-1,-1
R,1437,0,0.0,28,-31,1064,0,0,-1
R,1477,0,0.0,28,-31,1063,0,0,-1
R,1517,0,0.0,27,-32,1063,0,-1,-1
R,1557,0,0.0,27,-31,1063,0,-1,-1
R,1598,0,0.0,28,-31,1063,0,-1,-1
R,1637,0,0.0,28,-31,1064,0,-1,-1
R,1677,0,0.0,28,-31,1063,0,-1,-1
R,1717,0,0.0,27,-31,1064,0,-1,-1
R,1757,0,0.0,28,-31,1064,0,-1,-1
R,1797,0,0.0,27,-31,1063,0,-1,-2
R,1837,0,0.0,28,-31,1064,0,-1,-1
R,1878,0,0.0,28,-31,1065,0,0,-2
R,1925,0,0.0,28,-32,1064,0,-1,-2
R,1957,0,0.0,27,-31,1064,0,-1,-1
R,1997,0,0.0,27,-31,1064,0,-1,-1
R,2037,0,0.0,27,-32,1064,0,-1,-2
R,2077,0,0.0,28,-32,1064,0,-1,-2
R,2117,0,0.0,28,-31,1064,0,-1,-1
R,2157,0,0.0,28,-31,1064,0,-1,-2
R,2197,0,0.0,27,-31,1064,0,0,-1
R,2237,0,0.0,28,-32,1064,0,-1,-1
R,2277,0,0.0,28,-31,1063,0,-1,-2
R,2317,0,0.0,28,-31,1064,0,-1,-1
R,2358,0,0.0,29,-32,1064,0,-1,-1
R,2397,0,0.0,27,-32,1063,0,-1,-1
R,2437,0,0.0,28,-31,1063,0,-1,-2
R,2477,0,0.0,27,-31,1063,0,-1,-1
R,2517,0,0.0,28,-31,1064,0,-1,-1
R,2557,0,0.0,28,-31,1065,0,-1,-2
R,2597,0,0.0,28,-32,1065,0,-1,-2
R,2637,0,0.0,28,-32,1064,0,-1,-1
R,2677,0,0.0,28,-31,1064,0,-1,-1
R,2717,0,0.0,27,-31,1065,0,-1,-1
R,2757,0,0.0,27,-32,1064,0,-1,-1
R,2797,0,0.0,28,-31,1064,0,-1,-1
R,2838,0,0.0,28,-31,1065,0,-1,-1
R,2877,0,0.0,28,-31,1064,0,-1,-2
R,2926,0,0.0,27,-31,1063,0,-1,-1
R,2958,0,0.0,28,-32,1063,0,-1,-1
R,2997,0,0.0,28,-32,1064,0,0,-1
R,3037,0,0.0,27,-31,1063,0,0,-1
R,3077,0,0.0,28,-32,1063,0,-1,-2
R,3117,0,0.0,27,-32,1064,0,-1,-1
R,3157,0,0.0,28,-32,1064,0,-1,-2
R,3197,0,0.0,28,-32,1063,0,-1,-1
R,3239,0,0.0,27,-32,1064,0,-1,-2
R,3277,0,0.0,27,-31,1063,0,-1,-2
R,3320,0,0.0,28,-31,1064,0,-1,-2
R,3357,0,0.0,27,-31,1063,0,-1,-2
R,3397,0,0.0,27,-32,1064,0,-1,-2
R,3437,0,0.0,28,-31,1064,0,-1,-1
R,3477,0,0.0,27,-31,1064,0,0,-2
R,3517,0,0.0,27,-30,1062,0,-1,-2
R,3557,0,0.0,29,-31,1064,0,-1,-2
R,3600,0,0.0,28,-32,1063,0,-1,-1
R,3637,0,0.0,28,-32,1063,0,-1,-1
R,3680,0,0.0,28,-32,1064,0,-1,-1
R,3717,0,0.0,28,-31,1063,0,0,-1
R,3759,0,0.0,28,-30,1063,0,-1,-1
R,3797,0,0.0,28,-31,1064,0,-1,-1
R,3837,0,0.0,28,-31,1063,0,-1,-1
R,3879,0,0.0,29,-31,1063,0,-1,-1
R,3927,0,0.0,28,-33,1062,0,-1,-1
R,3960,0,0.0,27,-32,1063,0,0,-1
R,3997,0,0.0,27,-31,1064,0,-1,-2
R,4039,0,0.0,28,-32,1063,0,-1,-1
R,4077,0,0.0,28,-31,1063,0,-1,-1
R,4118,0,0.0,28,-31,1063,0,-1,-1
R,4157,0,0.0,28,-32,1063,0,-1,-2
R,4197,0,0.0,28,-31,1063,0,-1,-2
R,4237,0,0.0,28,-31,1063,0,-1,-2
R,4277,0,0.0,28,-32,1065,0,-1,-1
R,4319,0,0.0,28,-31,1065,0,0,-1
R,4357,0,0.0,28,-32,1063,0,-1,-1
R,4400,0,0.0,27,-32,1063,0,-1,-1
R,4437,0,0.0,28,-32,1064,0,-1,-1
R,4477,0,0.0,28,-31,1064,0,-1,-1
R,4517,0,0.0,27,-31,1064,0,-1,-2
R,4557,0,0.0,27,-32,1063,0,-1,-2
R,4600,0,0.0,27,-31,1063,0,-1,-1
R,4637,0,0.0,28,-32,1062,0,0,-1
R,4680,0,0.0,27,-31,1065,0,-1,-2
R,4717,0,0.0,27,-32,1063,0,-1,-1
R,4759,0,0.0,27,-31,1063,0,-1,-1
R,4797,0,0.0,27,-31,1064,0,-1,-1
R,4837,0,0.0,27,-32,1064,0,-1,-1
R,4877,0,0.0,28,-32,1064,0,-1,-1
R,4925,0,0.0,28,-32,1063,0,-1,-1
R,4959,0,0.0,27,-31,1063,0,-1,-1
R,4997,0,0.0,28,-31,1063,0,-1,-1
R,5041,0,0.0,27,-32,1063,0,-1,-1
R,5077,0,0.0,27,-32,1064,0,-1,-1
R,5118,0,0.0,27,-33,1063,0,-1,-1
R,5157,0,0.0,27,-32,1064,0,-1,-1
R,5198,0,0.0,28,-32,1063,0,-1,-1
R,5237,0,0.0,29,-32,1064,0,-1,-1
R,5277,0,0.0,28,-32,1063,0,-1,-1
R,5317,0,0.0,28,-31,1064,0,-1,-1
R,5357,0,0.0,28,-31,1064,0,-1,-1
R,5400,0,0.0,28,-31,1063,0,-1,-1
R,5437,0,0.0,28,-31,1064,0,-1,-1
R,5481,0,0.0,27,-32,1064,0,-1,-1
R,5517,0,0.0,28,-31,1064,0,-1,-1
R,5558,0,0.0,27,-32,1063,0,-1,-1
R,5597,0,0.0,28,-32,1064,0,-1,-1
R,5637,0,0.0,27,-32,1064,0,-1,-1
R,5677,0,0.0,27,-32,1064,0,-1,-2
R,5717,0,0.0,27,-30,1064,0,-1,-1
R,5759,0,0.0,29,-30,1063,0,-1,-1
R,5797,0,0.0,28,-32,1063,0,-1,-1
R,5841,0,0.0,28,-32,1063,0,-1,-1
R,5877,0,0.0,29,-33,1063,-2,-1,-1
R,5926,0,0.0,28,-32,1063,0,-1,-1
R,5958,0,0.0,28,-32,1063,0,-1,-2
R,5997,0,0.0,28,-31,1063,0,-1,-1
R,6037,0,0.0,28,-32,1063,0,-1,-2
R,6077,0,0.0,27,-31,1063,0,-1,-2
R,6117,0,0.0,28,-31,1063,0,-1,-2
R,6157,0,0.0,28,-32,1063,0,-1,-1
R,6200,0,0.0,27,-32,1063,0,-1,-2
R,6237,0,0.0,28,-32,1064,0,-1,-2
R,6279,0,0.0,27,-32,1064,0,-1,-2
R,6317,0,0.0,28,-31,1062,0,-1,-1
R,6357,0,0.0,29,-31,1064,0,-1,-1
R,6397,0,0.0,28,-31,1063,0,-1,-1
R,6437,0,0.0,29,-31,1063,0,-1,-2
R,6480,0,0.0,29,-32,1064,0,0,-1
R,6517,0,0.0,28,-31,1063,0,-1,-1
R,6561,0,0.0,28,-31,1063,0,-1,-1
R,6597,0,0.0,28,-31,1063,0,-1,-1
R,6637,0,0.0,28,-31,1064,0,-1,-1
R,6677,0,0.0,28,-32,1063,0,-1,-1
R,6717,0,0.0,28,-32,1063,0,-1,-2
R,6757,0,0.0,27,-32,1063,0,-1,-2
R,6797,0,0.0,28,-31,1063,0,-1,-1
R,6839,0,0.0,27,-32,1063,0,0,-1
R,6877,0,0.0,27,-31,1063,0,-1,-2
R,6927,0,0.0,28,-31,1063,0,-1,-1
R,6957,0,0.0,28,-31,1063,0,-1,-1
R,6997,0,0.0,28,-31,1063,0,-1,-1
R,7037,0,0.0,28,-30,1063,0,-1,-1
R,7079,0,0.0,28,-31,1064,0,-1,-1
R,7118,0,0.0,28,-31,1064,0,-1,-1
R,7157,0,0.0,28,-31,1063,0,-1,-2
R,7197,0,0.0,27,-31,1063,0,-1,-1
R,7237,0,0.0,28,-32,1064,0,-1,-2
R,7279,0,0.0,27,-31,1063,0,-1,-1
R,7317,0,0.0,27,-31,1063,0,-1,-1
R,7357,0,0.0,28,-32,1064,0,-1,-1
R,7397,0,0.0,28,-33,1064,0,-1,-1
R,7439,0,0.0,28,-31,1064,0,-1,-1
R,7478,0,0.0,28,-32,1064,0,0,-1
R,7517,0,0.0,29,-31,1063,0,-1,-1
R,7557,0,0.0,28,-32,1064,0,0,-1
R,7597,0,0.0,27,-31,1063,0,-1,-1
R,7639,0,0.0,28,-31,1063,0,-1,-1
R,7677,0,0.0,28,-32,1063,0,-1,-1
R,7717,0,0.0,28,-32,1063,0,-1,-1
R,7757,0,0.0,28,-31,1063,0,-1,-1
R,7799,0,0.0,29,-32,1064,0,-1,-1
R,7838,0,0.0,28,-31,1063,0,-1,-2
R,7877,0,0.0,27,-32,1062,0,-1,-1
R,7928,0,0.0,27,-31,1064,0,-1,-1
R,7957,0,0.0,28,-31,1064,0,-1,-1
R,7999,0,0.0,28,-30,1064,0,-1,-2
R,8037,0,0.0,29,-32,1063,0,-1,-2
R,8077,0,0.0,29,-32,1064,0,-1,-1
R,8117,0,0.0,28,-31,1063,0,-1,-2
R,8159,0,0.0,28,-31,1064,0,-1,-1
R,8198,0,0.0,27,-32,1063,0,-1,-1
R,8237,0,0.0,27,-31,1063,0,-1,-2
R,8277,0,0.0,27,-31,1063,0,-1,-1
R,8317,0,0.0,27,-32,1064,0,-1,-1
R,8360,0,0.0,28,-32,1063,0,-1,-1
R,8397,0,0.0,28,-32,1063,0,-1,-1
R,8437,0,0.0,27,-31,1063,0,-1,-2
R,8478,0,0.0,28,-31,1063,0,-1,-1
R,8518,0,0.0,28,-32,1063,0,-1,-1
R,8557,0,0.0,27,-30,1063,0,0,-1
R,8598,0,0.0,28,-31,1063,0,-1,-2
R,8637,0,0.0,28,-31,1063,0,-1,-1
R,8677,0,0.0,27,-32,1063,0,-1,-2
R,8717,0,0.0,27,-31,1063,0,-1,-2
R,8757,0,0.0,28,-31,1063,0,-1,-2
R,8797,0,0.0,28,-32,1064,0,-1,-1
R,8837,0,0.0,27,-31,1063,0,-1,-1
R,8877,0,0.0,28,-31,1062,0,-1,-1
R,8924,0,0.0,28,-32,1062,0,-1,-2
R,8957,0,0.0,28,-31,1063,0,-1,-1
R,8997,0,0.0,28,-32,1063,0,-1,-1
R,9037,0,0.0,29,-31,1063,0,-1,-1
R,9078,0,0.0,29,-31,1062,0,-1,-1
R,9117,0,0.0,28,-31,1062,0,-1,-1
R,9157,0,0.0,27,-32,1063,0,-1,-2
R,9197,0,0.0,27,-31,1063,0,-1,-1
R,9237,0,0.0,28,-32,1063,0,-1,-2
R,9277,0,0.0,26,-31,1063,0,-1,-1
R,9317,0,0.0,27,-31,1063,0,-1,-1
R,9357,0,0.0,29,-31,1063,0,0,-1
R,9397,0,0.0,28,-31,1063,0,-1,-1
R,9437,0,0.0,28,-32,1063,0,-1,-1
R,9477,0,0.0,28,-32,1062,0,-1,-2
R,9517,0,0.0,28,-31,1063,0,-1,-2
R,9557,0,0.0,27,-32,1063,0,-1,-1
R,9597,0,0.0,28,-31,1064,0,-1,-1
R,9638,0,0.0,28,-32,1063,0,-1,-1
R,9677,0,0.0,28,-31,1063,0,-1,-1
R,9717,0,0.0,28,-31,1063,0,-1,-1
R,9757,0,0.0,28,-31,1063,0,0,-1
R,9797,0,0.0,28,-31,1062,0,0,-1
R,9837,0,0.0,28,-32,1064,0,-1,-2
R,9877,0,0.0,28,-31,1062,0,-1,-1
R,9926,0,0.0,28,-31,1063,0,-1,-1
R,9957,0,0.0,29,-32,1064,0,-1,-1
R,9997,0,0.0,28,-31,1064,0,-1,-1
R,10037,0,0.0,27,-33,1063,0,-1,-1
R,10077,0,0.0,28,-32,1062,0,-1,-2
R,10118,0,0.0,28,-32,1063,0,-1,-1
R,10157,0,0.0,28,-32,1064,0,0,-2
R,10197,0,0.0,28,-32,1062,0,-1,-1
R,10237,0,0.0,28,-31,1063,0,-1,-1
R,10277,0,0.0,28,-31,1062,0,-1,-1
R,10317,0,0.0,28,-32,1062,0,-1,-2
R,10357,0,0.0,29,-31,1063,0,-1,-2
R,10397,0,0.0,28,-31,1062,0,-1,-1
R,10437,0,0.0,27,-32,1062,0,-1,-1
R,10477,0,0.0,28,-32,1063,0,0,-1
R,10517,0,0.0,27,-31,1063,0,-1,-2
R,10557,0,0.0,27,-31,1063,0,0,-1
R,10597,0,0.0,28,-31,1063,0,-1,-1
R,10637,0,0.0,28,-31,1063,0,-1,-2
R,10677,0,0.0,27,-31,1062,0,-1,-1
R,10717,0,0.0,27,-31,1062,0,-1,-1
R,10757,0,0.0,27,-32,1062,0,-1,-1
R,10797,0,0.0,28,-31,1064,0,-1,-2
R,10837,0,0.0,28,-31,1062,0,-1,-1
R,10877,0,0.0,29,-31,1063,0,-1,-1
R,10925,0,0.0,28,-32,1063,0,-1,-1
R,10957,0,0.0,28,-32,1063,0,-1,-1
R,10997,0,0.0,28,-32,1063,0,-1,-1
R,11037,0,0.0,28,-31,1063,0,0,-2
R,11077,0,0.0,27,-32,1063,0,-1,-1
R,11117,0,0.0,27,-32,1064,0,-1,-1
R,11157,0,0.0,27,-32,1063,0,-1,-1
R,11197,0,0.0,27,-31,1063,0,-1,-2
R,11237,0,0.0,28,-32,1063,0,-1,-1
R,11277,0,0.0,28,-32,1062,0,-1,-2
R,11317,0,0.0,27,-31,1063,0,-1,-2
R,11357,0,0.0,28,-32,1064,0,-1,-2
R,11397,0,0.0,28,-32,1064,0,-1,-1
R,11437,0,0.0,28,-32,1063,0,-1,-1
R,11477,0,0.0,29,-32,1063,0,-1,-1
R,11517,0,0.0,29,-32,1063,0,-1,-1
R,11557,0,0.0,28,-32,1063,0,-1,-1
R,11598,0,0.0,28,-31,1064,0,-1,-1
R,11637,0,0.0,27,-31,1064,0,-1,-2
R,11677,0,0.0,28,-32,1063,0,-1,-1
R,11717,0,0.0,28,-32,1063,0,-1,-1
R,11757,0,0.0,28,-33,1064,0,-1,-2
R,11797,0,0.0,28,-32,1064,0,-1,-1
R,11837,0,0.0,29,-31,1064,0,-1,-1
R,11877,0,0.0,28,-31,1063,0,-1,-1
R,11925,0,0.0,28,-31,1063,0,0,-1
R,11957,0,0.0,29,-32,1063,0,-1,-2
R,11997,0,0.0,28,-31,1064,0,-1,-1
R,12037,0,0.0,28,-32,1064,0,-1,-2
R,12078,0,0.0,28,-31,1064,0,-1,-1
R,12117,0,0.0,27,-31,1064,0,-1,-1
R,12157,0,0.0,28,-32,1063,0,-1,-1
R,12197,0,0.0,27,-31,1063,0,-1,-2
R,12237,0,0.0,27,-32,1064,0,-1,-1
R,12277,0,0.0,28,-31,1063,0,-1,-1
R,12318,0,0.0,27,-31,1064,0,-1,-2
R,12357,0,0.0,28,-32,1063,0,-1,-1
R,12397,0,0.0,27,-32,1064,0,-1,-1
R,12437,0,0.0,27,-31,1063,0,-1,-1
R,12477,0,0.0,27,-31,1064,0,-1,-1
R,12518,0,0.0,29,-32,1064,0,-1,-2
R,12557,0,0.0,28,-31,1063,0,-1,-1
R,12597,0,0.0,27,-32,1064,0,-1,-1
R,12637,0,0.0,29,-32,1063,0,0,-1
R,12678,0,0.0,28,-31,1063,0,-1,-1
R,12717,0,0.0,29,-31,1063,0,-1,-2
R,12757,0,0.0,28,-32,1064,0,-1,-1
R,12798,0,0.0,27,-32,1064,0,-1,-1
R,12837,0,0.0,27,-32,1063,0,-1,-1
R,12877,0,0.0,27,-32,1063,0,-1,-1
R,12925,0,0.0,27,-31,1063,0,-1,-1
R,12957,0,0.0,28,-31,1063,0,0,-2
R,12997,0,0.0,27,-32,1062,0,-1,-1
R,13038,0,0.0,28,-31,1064,0,-1,-1
R,13077,0,0.0,28,-32,1063,0,-1,-2
R,13117,0,0.0,27,-32,1064,0,-1,-1
R,13157,0,0.0,27,-31,1064,0,-1,-1
R,13197,0,0.0,28,-31,1063,0,-1,-2
R,13237,0,0.0,28,-31,1063,0,-1,-1
R,13278,0,0.0,28,-31,1063,0,-1,-1
R,13317,0,0.0,28,-31,1063,0,-1,-1
R,13357,0,0.0,28,-32,1063,0,-1,-1
R,13397,0,0.0,27,-32,1063,0,0,-1
R,13437,0,0.0,28,-32,1063,0,-1,-1
R,13478,0,0.0,27,-33,1063,0,0,-2
R,13517,0,0.0,29,-32,1063,0,0,-1
R,13557,0,0.0,28,-32,1063,0,-1,-2
R,13597,0,0.0,28,-31,1063,0,-1,-2
R,13637,0,0.0,28,-32,1063,0,-1,-1
R,13677,0,0.0,28,-32,1063,0,-1,-2
R,13717,0,0.0,28,-32,1063,0,-1,-1
R,13757,0,0.0,27,-31,1062,0,-1,-1
R,13797,0,0.0,28,-32,1063,0,-1,-1
R,13837,0,0.0,28,-31,1063,0,0,-2
R,13878,0,0.0,28,-32,1063,0,-1,-2
R,13925,0,0.0,27,-32,1063,0,-1,-1
R,13957,0,0.0,27,-31,1063,0,-1,-1
R,13997,0,0.0,28,-32,1063,0,-1,-1
R,14037,0,0.0,28,-32,1063,0,-1,-2
R,14077,0,0.0,28,-32,1063,0,-1,-1
R,14117,0,0.0,27,-32,1063,0,-1,-1
R,14157,0,0.0,28,-31,1063,0,-1,-1
R,14197,0,0.0,28,-32,1063,0,-1,-1
R,14237,0,0.0,28,-32,1063,0,-1,-2
R,14277,0,0.0,27,-31,1064,0,-1,-1
R,14317,0,0.0,28,-31,1063,0,-1,-2
R,14358,0,0.0,28,-31,1063,0,0,-2
R,14397,0,0.0,27,-32,1063,0,-1,-1
R,14437,0,0.0,28,-31,1063,0,-1,-2
R,14477,0,0.0,27,-32,1062,0,-1,-1
R,14517,0,0.0,28,-32,1063,0,-1,-1
R,14557,0,0.0,27,-31,1063,0,-1,-1
R,14597,0,0.0,27,-31,1062,0,-1,-1
R,14637,0,0.0,29,-32,1063,0,-1,-2
R,14677,0,0.0,28,-32,1063,0,-1,-1
R,14717,0,0.0,27,-31,1064,0,-1,-1
R,14757,0,0.0,28,-31,1062,0,0,-2
R,14797,0,0.0,29,-31,1063,0,-1,-2
R,14837,0,0.0,28,-31,1063,0,-1,-2
R,14877,0,0.0,29,-32,1063,0,-1,-2
R,14925,0,0.0,28,-31,1063,0,-1,-1
R,14957,0,0.0,28,-32,1062,0,-1,-2
R,14997,0,0.0,27,-32,1063,0,-1,-2
R,15037,0,0.0,28,-32,1062,0,0,-1
R,15077,0,0.0,29,-31,1064,0,-1,-1
R,15117,0,0.0,27,-32,1063,0,-1,-1
R,15157,0,0.0,28,-31,1063,0,-1,-1
R,15197,0,0.0,28,-31,1062,0,-1,-1
R,15237,0,0.0,27,-31,1062,0,-1,-1
R,15277,0,0.0,27,-32,1062,0,-1,-1
R,15317,0,0.0,28,-31,1062,0,-1,-1
R,15357,0,0.0,28,-32,1063,0,-1,-1
R,15397,0,0.0,29,-32,1062,0,-1,-1
R,15437,0,0.0,28,-32,1063,0,-1,-1
R,15477,0,0.0,28,-31,1063,0,-1,-1
R,15517,0,0.0,27,-32,1062,0,-1,-1
R,15557,0,0.0,28,-32,1063,0,-1,-1
R,15597,0,0.0,28,-31,1063,0,-1,-1
R,15637,0,0.0,27,-32,1064,0,-1,-1
R,15678,0,0.0,28,-31,1063,0,-1,-1
R,15717,0,0.0,28,-31,1063,0,-1,-2
R,15757,0,0.0,29,-31,1063,0,0,-1
R,15797,0,0.0,28,-32,1063,0,0,-1
R,15837,0,0.0,27,-32,1064,0,-1,-1
R,15877,0,0.0,27,-30,1063,0,-1,-2
R,15926,0,0.0,27,-32,1063,0,-1,-1
R,15957,0,0.0,29,-32,1064,0,-1,-1
R,15998,0,0.0,28,-31,1062,0,-1,-1
R,16037,0,0.0,28,-31,1063,0,0,-1
R,16077,0,0.0,28,-32,1062,0,-1,-1
R,16117,0,0.0,27,-32,1063,0,-1,-1
R,16157,0,0.0,27,-32,1063,0,-1,-2
R,16199,0,0.0,28,-32,1063,0,-1,-1
R,16237,0,0.0,28,-33,1063,0,-1,-1
R,16278,0,0.0,28,-32,1063,0,-1,-1
R,16317,0,0.0,29,-32,1063,0,-1,-1
R,16357,0,0.0,27,-30,1062,0,-1,-1
R,16399,0,0.0,28,-31,1062,0,-1,-1
R,16437,0,0.0,28,-31,1063,0,-1,-1
R,16480,0,0.0,27,-31,1063,0,-1,-1
R,16517,0,0.0,28,-32,1063,0,0,-2
R,16557,0,0.0,28,-31,1063,0,-1,-1
R,16597,0,0.0,27,-31,1063,0,-1,-2
R,16637,0,0.0,28,-32,1062,0,-1,-1
R,16677,0,0.0,27,-31,1063,0,-1,-1
R,16717,0,0.0,27,-31,1063,0,-1,-1
R,16760,0,0.0,28,-31,1062,0,-1,-1
R,16797,0,0.0,28,-32,1063,0,-1,-1
R,16839,0,0.0,28,-32,1062,0,-1,-1
R,16877,0,0.0,28,-31,1062,0,-1,-2
R,16926,0,0.0,27,-32,1062,0,-1,-2
R,16957,0,0.0,28,-32,1064,0,-1,-1
R,16997,0,0.0,27,-31,1063,0,-1,-2
R,17038,0,0.0,29,-31,1062,0,-1,-1
R,17077,0,0.0,28,-31,1062,0,-1,-2
R,17120,0,0.0,28,-32,1062,0,-1,-1
R,17157,0,0.0,29,-33,1063,0,-1,-1
R,17198,0,0.0,27,-32,1062,0,0,-1
R,17237,0,0.0,27,-32,1063,0,-1,-1
R,17278,0,0.0,28,-32,1062,0,-1,-1
R,17317,0,0.0,28,-31,1062,0,-1,-1
R,17358,0,0.0,29,-31,1062,0,-1,-1
R,17397,0,0.0,28,-32,1063,0,-1,-1
R,17437,0,0.0,27,-32,1064,0,-1,-2
R,17480,0,0.0,28,-31,1063,0,-1,-1
R,17517,0,0.0,28,-32,1062,0,-1,-2
R,17559,0,0.0,28,-32,1063,0,-1,-1
R,17597,0,0.0,28,-32,1063,0,-1,-2
R,17637,0,0.0,28,-31,1062,0,-1,-1
R,17677,0,0.0,28,-31,1062,0,-1,-1
R,17717,0,0.0,28,-32,1062,0,-1,-1
R,17760,0,0.0,28,-31,1063,0,-1,-2
R,17797,0,0.0,29,-31,1062,0,-1,-2
R,17841,0,0.0,28,-31,1063,0,-1,-1
R,17877,0,0.0,28,-32,1063,0,-1,-2
R,17926,0,0.0,28,-31,1063,0,0,-1
R,17958,0,0.0,28,-31,1062,0,-1,-1
R,17997,0,0.0,27,-31,1063,0,-1,-2
R,18037,0,0.0,28,-31,1063,0,-1,-1
R,18078,0,0.0,28,-31,1063,0,-1,-2
R,18119,0,0.0,28,-31,1063,0,-1,-2
R,18157,0,0.0,28,-32,1063,0,-1,-2
R,18200,0,0.0,27,-32,1063,0,-1,-2
R,18237,0,0.0,27,-31,1063,0,-1,-1
R,18278,0,0.0,28,-33,1063,0,-1,-1
R,18317,0,0.0,27,-32,1063,0,0,-1
R,18357,0,0.0,27,-31,1063,0,-1,-2
R,18397,0,0.0,28,-31,1063,0,-1,-1
R,18437,0,0.0,27,-32,1063,0,-1,-1
R,18480,0,0.0,27,-31,1063,0,-1,-1
R,18517,0,0.0,28,-32,1063,0,-1,-2
R,18557,0,0.0,28,-32,1063,0,0,-2
R,18597,0,0.0,28,-31,1063,0,-1,-1
R,18637,0,0.0,28,-32,1063,0,-1,-1
R,18678,0,0.0,27,-32,1063,0,-1,-2
R,18717,0,0.0,28,-32,1063,0,-1,-2
R,18757,0,0.0,27,-31,1064,0,-1,-2
R,18797,0,0.0,27,-32,1063,0,-1,-1
R,18837,0,0.0,27,-32,1064,0,-1,-1
R,18877,0,0.0,28,-31,1063,0,0,-1
R,18925,0,0.0,28,-31,1062,0,-1,-1
R,18957,0,0.0,28,-32,1063,0,-1,-1
R,18997,0,0.0,27,-32,1063,0,-1,-1
R,19037,0,0.0,28,-32,1063,0,-1,-2
R,19077,0,0.0,28,-31,1063,0,-1,-1
R,19118,0,0.0,28,-32,1063,0,-1,-1
R,19157,0,0.0,27,-32,1063,0,-1,-1
R,19197,0,0.0,28,-31,1063,0,-1,-1
R,19237,0,0.0,28,-31,1062,0,0,-1
R,19278,0,0.0,28,-31,1062,0,-1,-1
R,19317,0,0.0,28,-31,1062,0,-1,-1
R,19357,0,0.0,28,-32,1063,0,-1,-1
R,19398,0,0.0,28,-33,1063,0,-1,-1
R,19437,0,0.0,28,-32,1063,0,-1,-2
R,19478,0,0.0,29,-31,1063,0,-1,-1
R,19517,0,0.0,28,-31,1063,0,-1,-1
R,19557,0,0.0,28,-32,1063,0,0,-2
R,19597,0,0.0,27,-31,1063,0,-1,-2
R,19637,0,0.0,27,-32,1063,0,-1,-1
R,19677,0,0.0,27,-32,1063,0,-1,-2
R,19717,0,0.0,26,-32,1063,0,-1,-2
R,19757,0,0.0,27,-32,1063,0,-1,-1
R,19797,0,0.0,28,-31,1063,0,-1,-1
R,19837,0,0.0,28,-32,1064,0,-1,-2
R,19877,0,0.0,28,-31,1063,0,-1,-1
R,19925,0,0.0,27,-30,1063,0,-1,-2
R,19957,0,0.0,28,-31,1064,0,-1,-1
R,19997,0,0.0,27,-31,1063,0,-1,-1
[dump] FIN RUN #1 t60=0 t330=0 t660=0 t1320=0
