[dump] === board=A46E9FDF948C fw=v7.9.00 -- 8 run(s) en flash ===
[dump] RUN #7 heure=14:24:08 src=SEUIL_GPS rollout_ms=0 unit=MICH_ dyn=8 rate_ms=40 gps=1 pre=16 imuf=2/7 ecu=HP statut=TERMINE
[dump] colonnes: R,elapsed_ms,kmh_x100,dist_ft,ax_mg,ay_mg,az_mg,gx_ds10,gy_ds10,gz_ds10
R,-601,9568,0.0,28,-421,923,0,-3,0
R,-546,9562,0.0,27,-391,934,-9,1,2
R,-522,9577,0.0,31,-397,921,0,-2,3
R,-482,9580,0.0,55,-366,955,10,-4,0
R,-442,9617,0.0,28,-428,917,4,5,4
R,-402,9641,0.0,25,-418,915,7,-4,0
R,-362,9637,0.0,59,-344,871,8,-1,1
R,-323,9658,0.0,28,-424,932,16,-5,0
R,-282,9684,0.0,35,-358,905,19,-9,0
R,-242,9720,0.0,12,-405,898,5,-5,2
R,-203,9692,0.0,48,-389,955,10,-15,0
R,-162,9697,0.0,65,-330,964,6,-11,3
R,-122,9739,0.0,53,-417,923,0,-11,4
R,-82,9737,0.0,96,-359,945,2,-14,4
R,-42,9717,0.0,55,-422,928,0,-8,10
R,-2,9703,0.0,82,-420,944,9,-9,4
R,38,9712,3.4,95,-367,934,15,-8,9
R,77,9746,6.8,87,-414,918,12,-4,9
R,118,9794,10.5,96,-360,903,14,-9,10
R,158,9829,14.0,76,-363,917,10,-6,12
R,198,9852,17.6,79,-382,933,13,-11,10
R,237,9821,21.1,119,-352,912,6,-7,12
R,289,9838,25.8,98,-374,925,5,-7,12
R,317,9856,28.3,89,-341,903,6,-10,11
R,359,9861,32.1,101,-398,901,6,-4,13
R,398,9869,35.6,123,-393,926,21,-9,12
R,437,9848,39.1,91,-359,951,11,-4,15
R,477,9875,42.7,101,-411,910,16,-4,14
R,518,9923,46.4,122,-337,945,22,-12,12
R,558,9927,50.0,80,-398,919,10,-3,15
R,597,9918,53.5,86,-389,974,14,-12,12
R,638,9941,57.2,136,-355,969,10,-5,14
R,677,9965,60.8,85,-398,956,13,-7,14
R,717,9949,64.4,140,-360,959,7,-10,11
R,757,9946,68.0,75,-443,946,0,-2,15
R,798,9976,71.7,114,-360,956,7,-7,11
R,837,9975,75.3,89,-342,925,1,1,17
R,883,10003,79.5,75,-401,954,15,-8,10
R,917,10029,82.6,117,-346,928,1,-6,11
R,957,10000,86.2,63,-468,925,3,-7,11
R,997,10058,89.9,100,-294,908,5,-9,8
R,1037,10022,93.6,58,-358,901,-15,-5,11
R,1077,10034,97.2,78,-371,969,2,-12,7
R,1117,10038,100.9,83,-376,922,7,-9,10
R,1157,10049,104.5,54,-408,916,9,-10,7
R,1196,10079,108.1,97,-349,919,0,-17,5
R,1237,10091,111.9,43,-405,915,5,-11,9
R,1291,10126,116.8,93,-348,938,1,-22,6
R,1318,10151,119.3,66,-358,930,-2,-14,10
R,1358,10125,123.0,57,-399,940,5,-24,5
R,1403,10144,127.2,93,-349,958,1,-19,12
R,1438,10112,130.4,55,-439,923,-1,-21,8
R,1478,10104,134.1,107,-334,900,2,-29,5
R,1518,10160,137.8,78,-389,934,-7,-20,12
R,1558,10200,141.5,119,-409,971,8,-29,9
R,1597,10141,145.1,149,-329,952,8,-14,16
R,1638,10044,148.9,137,-386,950,8,-12,20
R,1677,10074,152.5,187,-349,958,0,-4,24
R,1717,10170,156.2,138,-449,917,7,0,25
R,1757,10191,159.9,186,-319,915,4,-3,21
R,1797,10241,163.6,133,-362,941,-5,6,24
R,1837,10208,167.3,142,-376,917,5,-1,18
R,1878,10220,171.1,162,-334,915,5,7,20
R,1917,10241,174.8,109,-454,875,0,9,17
R,1957,10266,178.5,160,-322,874,11,6,12
R,1998,10297,182.4,71,-409,882,17,13,17
R,2052,10315,187.4,116,-345,915,18,12,11
R,2077,10381,189.8,60,-363,899,14,16,13
R,2118,10431,193.7,63,-335,944,17,11,5
R,2157,10406,197.4,54,-361,910,1,17,6
R,2197,10384,201.2,20,-440,940,7,15,0
R,2237,10303,204.9,23,-325,927,5,10,-2
R,2290,10245,209.9,6,-454,987,2,15,-1
R,2317,10350,212.4,-58,-374,930,7,2,-9
R,2358,10389,216.3,26,-380,954,4,1,-9
R,2398,10354,220.1,-61,-458,1002,3,5,-10
R,2437,10369,223.8,61,-308,981,-8,8,-14
R,2478,10354,227.6,-62,-393,923,-29,15,-10
R,2517,10351,231.3,46,-280,974,27,-2,-21
R,2557,10398,235.1,-82,-396,847,-13,26,-8
R,2597,10384,238.9,-49,-357,871,-23,21,-23
R,2637,10406,242.7,-19,-340,871,11,14,-12
R,2676,10418,246.4,-83,-366,967,25,16,-17
R,2716,10374,250.2,-15,-327,863,14,9,-14
R,2757,10400,254.1,-61,-370,953,5,17,-10
R,2797,10410,257.8,-66,-359,897,9,6,-16
R,2837,10428,261.6,-31,-326,937,-5,11,-9
R,2882,10478,265.9,-52,-399,986,9,5,-11
R,2917,10462,269.3,1,-334,969,-5,13,-3
R,2957,10444,273.1,-44,-413,1014,-1,17,3
R,2997,10454,276.9,29,-393,1007,5,20,6
R,3037,10498,280.7,-16,-379,1004,7,21,12
R,3077,10503,284.5,48,-389,979,0,20,12
R,3117,10483,288.4,-5,-390,935,7,22,15
R,3156,10468,292.1,9,-325,931,9,17,12
R,3195,10491,295.8,25,-368,936,5,16,16
R,3237,10573,299.8,20,-350,933,7,11,12
R,3289,10551,304.8,29,-380,886,-1,13,13
R,3317,10579,307.5,68,-378,917,4,12,11
R,3358,10610,311.5,39,-334,913,10,21,12
R,3397,10611,315.3,-2,-376,920,0,24,14
R,3436,10648,319.1,3,-340,936,11,15,7
R,3477,10634,323.0,8,-368,933,4,22,10
R,3517,10646,326.9,-12,-357,1000,8,16,5
R,3557,10611,330.8,-33,-349,924,2,13,5
R,3597,10630,334.7,-88,-365,938,7,0,1
R,3637,10662,338.5,30,-336,961,6,-7,-1
R,3676,10681,342.3,-45,-422,971,11,-2,0
R,3716,10677,346.2,13,-326,1013,21,-8,0
R,3757,10659,350.2,-17,-371,940,5,-1,5
R,3797,10652,354.1,16,-347,919,3,-3,-1
R,3837,10645,358.0,18,-358,877,6,1,5
R,3877,10646,361.9,32,-324,966,9,7,0
R,3917,10699,365.7,-4,-329,938,5,7,5
R,3957,10700,369.6,28,-339,962,1,12,5
R,4000,10659,373.8,-14,-318,957,-8,11,4
R,4037,10666,377.4,-7,-361,939,11,11,5
R,4077,10747,381.3,-18,-362,946,15,2,1
R,4117,10708,385.2,-16,-328,916,15,3,0
R,4156,10679,389.0,-58,-326,946,16,0,-3
R,4196,10727,392.9,-37,-327,958,15,-3,-1
R,4237,10734,397.0,-35,-287,934,9,-3,-5
R,4290,10742,402.1,-16,-320,955,6,-2,-6
R,4317,10716,404.8,-4,-343,972,4,1,-4
R,4358,10713,408.8,-40,-317,957,7,2,-6
R,4398,10763,412.7,-54,-283,934,9,11,-5
R,4438,10744,416.6,-23,-340,951,11,5,-8
R,4478,10711,420.5,-69,-322,990,15,14,-7
R,4518,10738,424.4,-77,-318,975,9,4,-12
R,4557,10733,428.3,-81,-316,960,2,5,-7
R,4597,10708,432.2,-65,-320,990,3,3,-14
R,4649,10705,437.2,-73,-335,942,8,7,-10
R,4676,10765,439.9,-93,-327,977,8,4,-13
R,4716,10798,443.8,-46,-329,931,9,-1,-11
R,4757,10813,447.8,-112,-281,959,2,0,-12
R,4797,10775,451.8,-64,-332,949,7,-4,-14
R,4837,10733,455.7,-84,-282,970,12,-2,-11
R,4882,10724,460.1,-61,-351,987,-1,-5,-12
R,4917,10683,463.5,-30,-368,945,-4,-1,-9
R,4957,10767,467.4,-61,-332,934,4,4,-8
R,4997,10817,471.4,-107,-311,958,3,0,-9
R,5037,10855,475.3,-62,-373,969,12,1,-8
R,5077,10866,479.3,-47,-319,924,17,1,-10
R,5116,10847,483.1,-76,-295,957,7,1,-10
R,5156,10844,487.1,-61,-382,930,9,0,-8
R,5197,10794,491.1,-68,-304,976,14,0,-8
R,5238,10742,495.1,-56,-275,954,-1,-2,-11
R,5298,10749,501.0,-55,-338,981,0,-4,-12
R,5317,10753,502.9,-50,-333,971,1,-2,-12
R,5357,10761,506.8,-88,-348,974,5,-2,-7
R,5397,10800,510.7,-56,-364,964,15,-2,-7
R,5437,10837,514.7,-51,-308,939,14,-6,-8
R,5477,10864,518.6,-72,-300,941,10,-5,-8
R,5517,10841,522.6,-62,-330,942,16,-8,-8
R,5557,10796,526.5,-49,-283,945,15,-6,-7
R,5597,10916,530.5,-45,-309,923,2,-8,-9
R,5637,10836,534.5,-35,-331,921,-4,-11,-6
R,5677,10814,538.4,-16,-296,969,-1,-4,-7
R,5717,10839,542.3,-33,-331,956,0,-1,-2
R,5758,10908,546.4,-22,-346,988,-1,-1,-2
R,5797,10880,550.3,-3,-332,987,2,0,-1
R,5837,10863,554.2,-38,-303,1020,2,-1,-1
R,5878,10880,558.3,-45,-361,983,6,-4,-1
R,5917,10887,562.2,-5,-302,970,9,-8,-2
R,5957,10900,566.1,-26,-327,934,7,-9,0
R,5998,10944,570.2,-9,-319,941,17,-13,-3
R,6038,10975,574.2,-1,-284,966,11,-13,0
R,6077,10918,578.1,-9,-367,938,4,-11,-1
R,6117,10945,582.1,23,-310,956,2,-9,-2
R,6156,10976,586.0,-10,-302,952,0,-3,1
R,6197,10966,590.1,-3,-333,973,0,0,-1
R,6238,10937,594.2,11,-328,934,1,1,1
R,6289,10892,599.3,3,-315,961,2,0,-1
R,6317,10922,602.0,-4,-363,969,12,0,2
R,6357,10876,606.0,-47,-363,976,19,-6,-1
R,6397,10884,610.0,0,-271,953,8,-2,0
R,6437,10882,613.9,-30,-373,939,-1,-5,0
R,6478,10860,618.0,40,-304,913,11,-4,-2
R,6518,10893,622.0,-49,-315,916,1,-5,2
R,6558,10885,625.9,2,-356,962,2,-5,-3
R,6598,10865,629.9,-44,-329,944,4,-7,-1
R,6637,10867,633.8,-20,-291,991,4,-9,-3
R,6678,10925,637.8,-14,-343,914,1,-1,0
R,6717,10980,641.7,3,-342,985,13,-5,-1
R,6758,10922,645.8,1,-346,984,7,0,2
R,6798,10901,649.8,0,-387,999,9,-8,0
R,6837,10947,653.7,-8,-271,962,7,-2,0
R,6883,10971,658.3,0,-369,980,-1,-7,0
R,6917,10916,661.7,16,-320,919,1,-2,0
R,6957,10903,665.6,-5,-328,920,3,-5,1
R,6997,10887,669.6,19,-310,928,9,-2,1
R,7037,10863,673.6,-14,-329,940,8,-3,1
R,7076,10877,677.4,3,-331,940,8,-6,1
R,7116,10908,681.4,0,-318,940,0,0,3
R,7157,10939,685.5,-17,-335,960,5,-3,0
R,7197,10894,689.5,46,-312,952,7,-1,3
R,7246,10898,694.3,-18,-313,964,3,-4,0
R,7290,10888,698.7,-2,-341,904,5,-5,0
R,7317,10971,701.4,-11,-357,941,13,-9,0
R,7358,10985,705.5,11,-309,949,8,-6,-1
R,7398,10932,709.5,-40,-354,920,4,-14,0
R,7437,10978,713.4,20,-283,968,13,-9,-2
R,7478,11008,717.5,-20,-316,971,-7,-11,1
R,7518,10976,721.5,12,-339,955,-3,-1,0
R,7556,10967,725.3,13,-319,987,-2,-6,1
R,7596,10983,729.3,-36,-348,1002,-9,0,2
R,7637,10995,733.4,19,-377,962,0,-2,-1
R,7677,10982,737.4,13,-338,962,4,1,2
R,7717,11016,741.4,6,-331,942,0,4,0
R,7757,11008,745.4,-21,-335,939,5,-4,1
R,7797,11015,749.5,-29,-258,923,7,2,-2
R,7837,11042,753.5,-10,-356,916,4,-6,0
R,7895,11005,759.3,16,-339,932,9,-3,-1
R,7917,10984,761.5,-6,-326,912,10,-5,-1
R,7957,11063,765.5,-15,-276,930,6,-4,-1
R,7998,11052,769.7,-38,-343,930,7,-4,-2
R,8038,11098,773.7,15,-294,947,12,-3,0
R,8077,11020,777.6,-22,-346,947,0,0,1
R,8117,11025,781.6,-7,-316,970,15,-8,-2
R,8158,11060,785.8,17,-330,976,12,-2,1
R,8198,11047,789.8,-29,-361,1005,17,-4,-1
R,8238,11062,793.8,17,-304,958,3,-2,-1
R,8289,11040,799.0,-25,-360,995,2,-5,0
R,8317,11083,801.8,17,-313,979,1,-2,-2
R,8358,11071,805.9,-27,-346,955,1,-4,1
R,8398,11065,810.0,1,-293,947,0,-2,-2
R,8437,11031,813.9,-29,-330,936,0,-3,0
R,8478,11118,818.0,13,-303,955,9,-5,-2
R,8518,11072,822.1,-14,-314,958,-1,-2,0
R,8556,11055,825.9,-13,-324,972,18,-11,-2
R,8597,11077,830.0,22,-320,950,-4,-2,0
R,8638,11057,834.2,-11,-339,970,5,0,0
R,8677,11025,838.1,41,-333,885,0,5,2
R,8717,11024,842.1,-28,-396,919,0,4,2
R,8758,11004,846.2,1,-285,942,16,6,0
R,8797,11037,850.1,-41,-340,912,11,2,3
R,8837,11084,854.2,-4,-268,998,14,0,-3
R,8883,11070,858.8,-31,-345,941,4,-7,-1
R,8917,11074,862.3,-10,-326,977,12,-7,-1
R,8957,11048,866.3,-32,-318,940,-3,-3,-1
R,8998,11072,870.4,-13,-332,970,5,-7,-1
R,9037,11042,874.3,46,-330,910,10,-2,0
R,9077,11076,878.4,-38,-318,957,14,-5,0
R,9118,11054,882.5,15,-321,974,10,-5,0
R,9157,11093,886.5,-34,-366,933,4,-4,0
R,9197,11138,890.5,15,-255,955,0,-5,-4
R,9238,11094,894.7,-29,-366,951,-2,-2,3
R,9289,11079,899.8,19,-301,972,7,-2,-1
R,9317,11111,902.6,-32,-309,968,0,0,3
R,9358,11129,906.8,0,-329,992,7,-3,0
R,9398,11148,910.9,-52,-291,935,-1,-2,1
R,9437,11151,914.8,-10,-330,993,6,-10,-3
R,9477,11135,918.9,14,-305,963,10,-2,0
R,9517,11114,922.9,-41,-340,984,2,-9,-2
R,9557,11168,927.0,29,-347,933,0,-2,0
R,9597,11253,931.1,-8,-329,961,4,-5,0
R,9637,11237,935.2,2,-322,934,3,1,0
R,9678,11215,939.4,0,-376,947,12,-1,-1
R,9717,11170,943.4,0,-303,905,3,0,0
R,9757,11200,947.4,-37,-354,973,15,-1,-1
R,9797,11192,951.5,15,-266,901,10,-3,-3
R,9844,11258,956.3,-47,-335,941,12,-2,0
R,9878,11228,959.8,-17,-293,954,12,-6,-4
R,9917,11181,963.8,-22,-285,958,4,-3,1
R,9958,11179,968.0,6,-325,989,11,-7,-3
R,9998,11240,972.1,-15,-297,924,5,2,1
R,10037,11210,976.0,-4,-316,936,11,-7,-1
R,10077,11163,980.1,-3,-322,923,12,2,1
R,10118,11206,984.3,-17,-332,970,19,-6,-3
R,10157,11219,988.3,11,-293,942,3,-2,0
R,10197,11226,992.4,-20,-308,988,8,-5,-2
R,10238,11137,996.6,11,-298,907,1,-3,0
R,10290,11103,1001.8,-26,-335,993,4,-8,0
R,10318,11158,1004.7,31,-278,933,4,-4,-3
R,10358,11184,1008.7,-21,-329,965,0,-4,3
R,10398,11225,1012.8,12,-293,1020,8,-4,-2
R,10438,11204,1016.9,-14,-316,970,-2,-4,2
R,10493,11219,1022.5,22,-306,1000,-2,-4,1
R,10517,11213,1025.0,18,-316,973,0,-1,2
R,10557,11199,1029.1,21,-312,1014,8,-4,1
R,10597,11186,1033.1,8,-334,950,-2,0,3
R,10637,11217,1037.2,11,-347,966,10,-5,3
R,10677,11288,1041.3,24,-311,970,10,-4,3
R,10718,11344,1045.6,-21,-344,971,4,-7,1
R,10757,11287,1049.6,65,-291,932,6,-7,1
R,10797,11236,1053.7,-34,-354,920,0,-5,5
R,10837,11253,1057.8,20,-290,963,1,-9,-1
R,10882,11286,1062.4,1,-345,905,1,-3,5
R,10917,11317,1066.0,13,-294,953,11,-1,0
R,10957,11311,1070.1,23,-321,918,8,1,6
R,10997,11272,1074.3,-2,-336,992,4,-3,2
R,11036,11284,1078.3,6,-297,961,7,1,2
R,11077,11271,1082.5,20,-300,996,16,-6,0
R,11117,11261,1086.6,-16,-345,989,3,1,4
R,11157,11208,1090.7,-3,-358,978,9,-7,-1
R,11197,11215,1094.8,23,-301,972,6,0,3
R,11237,11231,1098.9,-23,-362,1000,8,-5,0
R,11289,11244,1104.2,26,-275,941,5,0,3
R,11317,11236,1107.0,-24,-347,972,3,0,4
R,11357,11224,1111.1,30,-300,935,0,-2,0
R,11397,11247,1115.2,-27,-309,937,5,0,4
R,11437,11251,1119.3,43,-292,912,10,-2,-1
R,11477,11238,1123.4,-3,-286,915,-2,-2,4
R,11517,11163,1127.5,20,-328,943,2,-2,0
R,11556,11149,1131.5,-6,-289,921,9,0,4
R,11597,11222,1135.7,12,-320,956,11,-2,0
R,11637,11291,1139.8,-9,-297,904,2,0,2
R,11677,11300,1143.9,-1,-329,988,7,-7,0
R,11717,11305,1148.0,10,-315,937,6,-4,0
R,11757,11291,1152.1,-17,-288,1008,6,-6,1
R,11796,11288,1156.1,32,-348,950,3,0,1
R,11837,11353,1160.4,-33,-319,965,8,-4,1
R,11878,11347,1164.6,22,-292,978,4,-2,0
R,11917,11306,1168.6,-11,-358,940,8,-2,1
R,11957,11316,1172.8,7,-264,962,12,-1,-2
R,11996,11274,1176.8,-20,-339,905,2,0,2
R,12037,11278,1181.0,16,-310,939,9,-2,-2
R,12078,11255,1185.2,-32,-332,947,2,-1,1
R,12118,11254,1189.3,29,-327,932,-1,-2,0
R,12158,11238,1193.4,-41,-305,971,0,2,4
R,12197,11275,1197.4,2,-325,969,1,-4,-1
R,12238,11309,1201.6,0,-330,962,2,0,5
R,12292,11332,1207.2,13,-240,992,12,0,2
R,12318,11351,1209.9,5,-326,941,7,2,4
R,12358,11291,1214.0,-32,-345,1017,7,-4,0
R,12398,11276,1218.1,34,-275,939,5,0,0
R,12442,11294,1222.6,-2,-325,995,4,-4,0
R,12477,11285,1226.2,20,-295,972,-1,0,0
R,12517,11297,1230.4,-41,-359,935,5,-2,0
R,12558,11304,1234.6,-4,-264,988,9,0,0
R,12598,11370,1238.7,-25,-373,950,-2,-1,-1
R,12637,11375,1242.8,8,-299,935,11,-1,0
R,12677,11283,1246.9,-38,-337,959,9,-4,-1
R,12718,11390,1251.1,2,-336,981,13,-5,-2
R,12758,11357,1255.3,-17,-306,941,17,-1,0
R,12798,11341,1259.4,-22,-296,914,2,0,-2
R,12838,11362,1263.5,-17,-325,945,0,2,0
R,12884,11367,1268.3,-39,-315,941,14,0,-5
R,12918,11375,1271.8,-8,-293,908,3,4,-1
R,12956,11370,1275.8,-39,-337,903,3,-3,-5
R,12997,11312,1280.0,-34,-303,901,11,3,-3
R,13037,11350,1284.1,-35,-294,954,15,-5,-4
R,13091,11348,1289.7,-32,-312,938,4,1,0
R,13118,11382,1292.5,-40,-320,955,9,-1,-4
R,13158,11406,1296.7,-8,-277,986,0,0,-1
R,13198,11400,1300.8,-25,-333,973,0,2,-3
R,13238,11377,1305.0,-34,-294,1007,3,1,-4
R,13290,11374,1310.4,-86,-341,1041,-3,2,-1
R,13317,11327,1313.2,-28,-334,1017,1,-4,-7
R,13358,11317,1317.4,-76,-342,1008,1,-1,-1
R,13398,11362,1321.5,-53,-363,984,-4,-10,-8
[dump] J60 t_ms=669
[dump] J330 t_ms=3548 vcross_x100=10612 vtrap_x100=10542
[dump] J660 t_ms=6899 vcross_x100=10927 vtrap_x100=10907
[dump] J1320 t_ms=13382 vcross_x100=11356 vtrap_x100=11351
[dump] FIN RUN #7 t60=669 t330=3548 t660=6899 t1320=13382
