[dump] RUN #1 heure=19:03:30 src=SEUIL_GPS rollout_ms=0 unit=ALLO2 dyn=4 rate_ms=40 gps=1 pre=15 imuf=2/7 ecu=HP statut=TERMINE
[dump] colonnes: R,elapsed_ms,kmh_x100,dist_ft,ax_mg,ay_mg,az_mg,gx_ds10,gy_ds10,gz_ds10
R,-811,40,0.0,46,-67,1039,-3,-5,-5
R,-758,40,0.0,47,-68,1039,-3,-5,-5
R,-687,40,0.0,47,-66,1040,-3,-5,-5
R,-634,40,0.0,47,-67,1040,-3,-5,-5
R,-584,40,0.0,46,-67,1039,-3,-5,-5
R,-535,40,0.0,47,-66,1040,-3,-5,-5
R,-474,40,0.0,47,-67,1039,-3,-6,-5
R,-423,40,0.0,47,-67,1039,-3,-5,-5
R,-374,40,0.0,47,-66,1039,-3,-5,-5
R,-323,40,0.0,46,-66,1039,-3,-5,-5
R,-263,40,0.0,45,-67,1039,-3,-5,-5
R,-213,40,0.0,46,-67,1039,-3,-5,-5
R,-164,40,0.0,46,-67,1039,-3,-5,-5
R,-113,40,0.0,46,-66,1040,-3,-5,-5
R,-53,40,0.0,46,-67,1039,-3,-5,-5
R,67,436,0.2,47,-67,1039,-3,-5,-5
R,107,603,0.4,47,-67,1040,-3,-5,-5
R,147,769,0.6,46,-67,1039,-3,-5,-5
R,187,935,0.9,47,-67,1039,-3,-5,-5
R,227,1102,1.3,47,-67,1039,-3,-5,-5
R,267,1268,1.7,46,-67,1039,-3,-5,-5
R,307,1435,2.2,46,-67,1040,-3,-5,-5
R,346,1601,2.8,47,-67,1039,-3,-5,-5
R,387,1767,3.4,47,-67,1039,-3,-5,-5
R,426,1934,4.1,47,-67,1038,-3,-5,-5
R,467,2100,4.8,46,-66,1039,-3,-5,-5
R,507,2242,5.6,47,-67,1038,-3,-5,-5
R,547,2346,6.4,46,-66,1038,-3,-5,-5
R,587,2450,7.3,47,-67,1039,-3,-6,-5
R,627,2554,8.2,47,-67,1039,-3,-6,-5
R,667,2658,9.2,47,-67,1038,-3,-5,-5
R,707,2762,10.2,46,-68,1039,-3,-5,-5
R,747,2866,11.2,46,-67,1040,-3,-5,-5
R,787,2970,12.2,47,-67,1038,-3,-5,-5
R,826,3074,13.3,47,-67,1038,-3,-5,-5
R,867,3178,14.5,46,-67,1039,-3,-5,-5
R,907,3282,15.7,46,-66,1039,-3,-5,-5
R,946,3386,16.9,46,-67,1039,-3,-6,-5
R,987,3490,18.1,46,-66,1038,-3,-6,-5
R,1027,3547,19.4,46,-66,1039,-3,-5,-5
R,1067,3599,20.7,46,-66,1039,-3,-5,-5
R,1106,3651,22.0,46,-67,1038,-3,-5,-5
R,1147,3703,23.4,46,-66,1038,-3,-5,-5
R,1187,3755,24.7,47,-67,1039,-3,-5,-5
R,1227,3807,26.1,47,-67,1039,-3,-6,-5
R,1267,3859,27.5,47,-67,1040,-3,-5,-5
R,1307,3911,28.9,47,-68,1038,-4,-5,-5
R,1347,3963,30.4,46,-67,1038,-3,-5,-5
R,1387,4015,31.8,47,-67,1040,-2,-5,-5
R,1427,4067,33.3,46,-68,1040,-2,-5,-5
R,1467,4119,34.8,46,-66,1039,-2,-5,-5
R,1507,4171,36.3,47,-67,1038,-2,-5,-5
R,1547,4223,37.8,46,-67,1039,-4,-6,-5
R,1587,4275,39.4,46,-67,1039,-4,-5,-5
R,1627,4327,40.9,46,-67,1039,-5,-6,-5
R,1667,4379,42.5,47,-67,1039,-5,-6,-5
R,1706,4431,44.1,47,-67,1039,-5,-6,-5
R,1747,4483,45.8,46,-67,1039,-4,-5,-5
R,1787,4535,47.4,47,-67,1039,-4,-6,-5
R,1827,4587,49.1,47,-67,1039,-3,-5,-5
R,1867,4639,50.8,47,-66,1039,-3,-5,-5
R,1907,4691,52.5,47,-67,1039,-3,-5,-5
R,1947,4743,54.2,46,-67,1039,-3,-6,-5
R,1987,4795,55.9,47,-66,1039,-3,-5,-5
R,2027,4889,57.7,47,-66,1040,-2,-5,-5
R,2067,4987,59.5,47,-67,1039,-3,-5,-5
R,2106,5086,61.3,47,-67,1039,-3,-5,-5
R,2147,5185,63.2,47,-67,1038,-3,-6,-5
R,2186,5283,65.0,47,-67,1039,-3,-5,-5
R,2227,5382,67.0,47,-67,1039,-3,-5,-5
R,2267,5481,69.0,46,-67,1039,-3,-6,-5
R,2306,5579,71.0,46,-66,1039,-3,-5,-5
R,2346,5678,73.0,47,-68,1039,-3,-5,-5
R,2387,5777,75.2,47,-68,1038,-3,-6,-5
R,2427,5875,77.3,47,-66,1039,-3,-5,-5
R,2467,5974,79.5,47,-67,1038,-3,-5,-5
R,2507,6073,81.7,47,-68,1039,-3,-5,-5
R,2547,6171,83.9,47,-67,1039,-3,-5,-5
R,2587,6270,86.2,46,-67,1039,-3,-5,-5
R,2626,6369,88.4,47,-67,1039,-3,-5,-5
R,2667,6467,90.8,47,-66,1039,-3,-5,-5
R,2707,6566,93.2,47,-68,1039,-3,-5,-5
R,2747,6665,95.6,46,-67,1038,-3,-5,-5
R,2786,6763,98.0,47,-66,1040,-3,-5,-5
R,2827,6862,100.5,46,-67,1038,-3,-5,-5
R,2867,6961,103.0,46,-66,1038,-3,-5,-5
R,2906,7059,105.5,47,-67,1039,-3,-5,-5
R,2947,7158,108.2,47,-66,1040,-3,-5,-5
R,2987,7257,110.8,47,-67,1039,-3,-5,-5
R,3027,7355,113.5,47,-67,1039,-3,-5,-5
R,3067,7454,116.2,48,-66,1039,-3,-5,-5
R,3107,7553,118.9,47,-66,1039,-3,-5,-5
R,3147,7651,121.7,47,-67,1039,-2,-5,-5
R,3187,7750,124.5,46,-67,1038,-3,-5,-5
R,3226,7849,127.3,47,-67,1039,-3,-5,-5
R,3267,7947,130.2,47,-67,1040,-3,-5,-5
R,3306,8046,133.1,46,-67,1039,-3,-5,-5
R,3347,8145,136.1,47,-67,1039,-3,-5,-5
R,3387,8243,139.1,47,-66,1039,-3,-5,-5
R,3427,8342,142.1,47,-67,1039,-3,-6,-5
R,3466,8441,145.1,46,-68,1038,-3,-5,-5
R,3507,8518,148.2,46,-66,1039,-2,-6,-5
R,3547,8563,151.4,47,-68,1039,-3,-5,-5
R,3587,8608,154.5,46,-68,1039,-3,-5,-5
R,3627,8653,157.6,47,-67,1039,-3,-5,-5
R,3667,8698,160.8,47,-67,1039,-3,-5,-5
R,3707,8742,164.0,47,-67,1039,-3,-5,-5
R,3747,8787,167.2,47,-67,1039,-3,-5,-5
R,3787,8832,170.4,46,-67,1039,-3,-5,-5
R,3826,8877,173.5,46,-68,1039,-3,-5,-5
R,3867,8922,176.9,46,-66,1039,-3,-5,-5
R,3907,8967,180.1,46,-67,1040,-3,-6,-5
R,3947,9012,183.4,47,-66,1038,-3,-5,-5
R,3986,9057,186.6,47,-67,1039,-3,-5,-5
R,4027,9102,190.0,46,-69,1039,-3,-5,-5
R,4067,9147,193.3,47,-66,1039,-3,-5,-5
R,4106,9191,196.6,47,-67,1039,-3,-5,-5
R,4147,9236,200.0,46,-67,1039,-3,-6,-5
R,4186,9281,203.3,47,-67,1039,-3,-5,-5
R,4227,9326,206.8,46,-67,1040,-3,-5,-5
R,4267,9371,210.2,46,-67,1038,-3,-5,-5
R,4307,9416,213.6,46,-67,1039,-3,-5,-5
R,4347,9461,217.1,47,-67,1039,-3,-5,-5
R,4387,9506,220.5,46,-67,1039,-3,-5,-5
R,4426,9551,223.9,46,-67,1039,-3,-5,-5
R,4467,9596,227.5,47,-67,1039,-3,-5,-5
R,4507,9640,231.0,46,-67,1039,-3,-5,-5
R,4547,9685,234.5,48,-67,1038,-3,-5,-5
R,4587,9730,238.0,46,-67,1038,-3,-5,-5
R,4627,9775,241.6,46,-68,1039,-3,-5,-5
R,4667,9820,245.2,46,-68,1039,-3,-5,-5
R,4707,9865,248.8,46,-66,1039,-3,-5,-5
R,4747,9910,252.4,46,-68,1039,-3,-5,-5
R,4787,9955,256.0,47,-67,1040,-3,-5,-5
R,4827,10000,259.6,46,-67,1040,-3,-5,-5
R,4867,10044,263.3,47,-67,1039,-3,-5,-5
R,4907,10089,266.9,46,-68,1039,-3,-5,-5
R,4947,10134,270.6,47,-68,1039,-3,-5,-5
R,4986,10179,274.2,46,-67,1039,-3,-6,-5
R,5027,10224,278.1,46,-66,1038,-3,-5,-5
R,5067,10269,281.8,46,-67,1039,-3,-5,-5
R,5107,10314,285.5,46,-66,1039,-3,-5,-5
R,5147,10359,289.3,47,-68,1039,-3,-5,-5
R,5187,10404,293.1,46,-67,1039,-3,-5,-5
R,5227,10449,296.9,47,-67,1039,-3,-5,-5
R,5267,10493,300.7,47,-66,1039,-3,-5,-5
R,5307,10538,304.5,47,-67,1040,-3,-5,-5
R,5346,10583,308.3,47,-66,1039,-3,-5,-5
R,5387,10628,312.3,47,-67,1039,-3,-5,-5
R,5427,10673,316.1,47,-67,1039,-3,-5,-5
R,5467,10714,320.0,47,-67,1039,-3,-5,-5
R,5507,10749,324.0,47,-67,1039,-3,-5,-5
R,5547,10785,327.9,48,-67,1038,-3,-5,-5
R,5586,10820,331.7,46,-67,1038,-3,-5,-5
R,5627,10856,335.8,47,-67,1038,-3,-6,-5
R,5667,10891,339.7,47,-66,1039,-3,-5,-5
R,5707,10926,343.7,47,-68,1039,-3,-5,-5
R,5747,10962,347.7,46,-68,1039,-3,-5,-5
R,5787,10997,351.7,46,-67,1039,-3,-5,-5
R,5827,11032,355.7,46,-66,1039,-3,-5,-5
R,5867,11068,359.7,48,-67,1038,-2,-5,-5
R,5906,11103,363.7,46,-67,1039,-3,-6,-5
R,5947,11138,367.8,47,-67,1039,-3,-5,-5
R,5987,11174,371.9,47,-67,1038,-3,-5,-5
R,6027,11209,376.0,46,-67,1039,-4,-5,-5
R,6066,11244,380.0,47,-67,1039,-4,-6,-5
R,6107,11280,384.2,47,-68,1039,-3,-6,-5
R,6147,11315,388.3,46,-68,1040,-3,-5,-5
R,6187,11350,392.4,46,-68,1039,-3,-6,-5
R,6227,11386,396.6,47,-67,1039,-3,-5,-5
R,6267,11421,400.7,46,-67,1039,-3,-5,-5
R,6306,11456,404.8,47,-68,1039,-3,-5,-5
R,6347,11492,409.1,46,-67,1039,-2,-5,-5
R,6387,11527,413.3,46,-67,1039,-2,-5,-5
R,6426,11563,417.4,46,-67,1040,-2,-5,-5
R,6467,11598,421.7,46,-67,1040,-2,-5,-5
R,6507,11633,425.9,47,-67,1039,-2,-6,-5
R,6547,11669,430.2,47,-67,1039,-3,-5,-5
R,6586,11704,434.3,47,-67,1039,-3,-5,-5
R,6627,11739,438.7,47,-67,1039,-3,-5,-5
R,6666,11775,442.9,47,-67,1039,-3,-5,-5
R,6706,11810,447.2,47,-67,1039,-3,-5,-5
R,6747,11845,451.6,46,-68,1039,-3,-5,-5
R,6786,11881,455.8,47,-67,1038,-3,-5,-5
R,6827,11916,460.3,47,-67,1039,-3,-5,-5
R,6867,11951,464.6,46,-67,1039,-3,-5,-5
R,6907,11987,469.0,47,-67,1039,-3,-5,-5
R,6947,12022,473.4,47,-67,1039,-3,-5,-5
R,6987,12057,477.8,47,-66,1038,-3,-5,-5
R,7027,12093,482.2,46,-67,1038,-3,-5,-5
R,7066,12128,486.5,46,-67,1038,-3,-5,-5
R,7107,12163,491.0,46,-67,1039,-3,-5,-5
R,7147,12199,495.5,47,-67,1039,-3,-5,-5
R,7187,12234,499.9,46,-68,1039,-3,-5,-5
R,7227,12269,504.4,47,-67,1039,-2,-5,-5
R,7267,12305,508.8,47,-68,1039,-3,-5,-5
R,7307,12340,513.3,47,-68,1039,-3,-6,-5
R,7347,12376,517.8,46,-68,1039,-3,-5,-5
R,7387,12411,522.4,47,-68,1039,-3,-5,-5
R,7427,12446,526.9,47,-66,1040,-3,-5,-5
R,7467,12482,531.4,47,-67,1039,-3,-5,-5
R,7507,12517,536.0,47,-67,1039,-3,-5,-5
R,7547,12552,540.6,47,-67,1039,-3,-5,-5
R,7587,12588,545.1,47,-66,1039,-3,-5,-5
R,7627,12623,549.7,48,-67,1039,-3,-5,-5
R,7667,12658,554.3,47,-67,1039,-3,-6,-5
R,7707,12694,559.0,47,-68,1039,-3,-5,-5
R,7747,12729,563.6,46,-67,1039,-3,-6,-5
R,7786,12764,568.1,47,-68,1039,-3,-5,-5
R,7827,12800,572.9,47,-68,1039,-3,-5,-5
R,7867,12835,577.6,47,-67,1039,-3,-5,-5
R,7906,12870,582.2,47,-67,1039,-3,-5,-5
R,7947,12906,587.0,47,-67,1039,-3,-5,-5
R,7987,12941,591.7,47,-67,1038,-3,-5,-5
R,8027,12976,596.4,47,-67,1039,-3,-5,-5
R,8067,13012,601.1,47,-67,1039,-3,-5,-5
R,8107,13047,605.9,47,-68,1039,-3,-5,-5
R,8147,13083,610.7,47,-67,1039,-3,-5,-5
R,8187,13118,615.4,46,-67,1039,-3,-6,-5
R,8227,13153,620.2,47,-66,1038,-3,-5,-5
R,8267,13189,625.0,47,-67,1039,-3,-6,-5
R,8307,13224,629.8,47,-66,1039,-3,-5,-5
R,8347,13259,634.7,47,-67,1039,-3,-5,-5
R,8387,13295,639.5,47,-67,1039,-3,-5,-5
R,8426,13330,644.2,46,-67,1038,-2,-5,-5
R,8467,13363,649.2,46,-67,1039,-3,-5,-5
R,8507,13387,654.1,47,-66,1038,-3,-5,-5
R,8547,13410,659.0,47,-67,1038,-3,-5,-5
R,8587,13433,663.9,48,-67,1038,-3,-5,-5
R,8627,13456,668.8,47,-67,1038,-2,-5,-5
R,8667,13479,673.7,47,-67,1038,-3,-6,-5
R,8707,13502,678.6,47,-67,1038,-3,-5,-6
R,8746,13525,683.4,47,-67,1039,-3,-5,-5
R,8787,13549,688.5,47,-67,1039,-3,-5,-5
R,8827,13572,693.4,46,-68,1039,-3,-5,-5
R,8866,13595,698.2,46,-67,1039,-3,-5,-5
R,8906,13618,703.2,46,-67,1039,-3,-5,-5
R,8947,13641,708.3,47,-67,1039,-3,-6,-5
R,8987,13664,713.3,46,-67,1039,-3,-5,-5
R,9027,13687,718.2,46,-68,1039,-3,-5,-5
R,9066,13711,723.1,48,-67,1039,-3,-5,-5
R,9107,13734,728.2,47,-68,1039,-3,-5,-5
R,9147,13757,733.3,47,-67,1038,-3,-5,-5
R,9187,13780,738.3,46,-67,1038,-3,-5,-5
R,9227,13803,743.3,46,-67,1038,-3,-5,-5
R,9267,13826,748.3,47,-67,1038,-3,-5,-5
R,9306,13849,753.3,47,-66,1039,-3,-5,-5
R,9347,13873,758.4,46,-67,1038,-3,-5,-5
R,9387,13896,763.5,46,-68,1039,-3,-5,-5
R,9427,13919,768.6,47,-67,1039,-3,-5,-5
R,9466,13942,773.5,47,-67,1039,-3,-5,-5
R,9507,13965,778.7,47,-68,1038,-3,-5,-5
R,9547,13988,783.8,47,-67,1038,-3,-5,-5
R,9587,14011,788.9,47,-67,1039,-3,-5,-5
R,9627,14035,794.0,46,-67,1038,-3,-6,-5
R,9666,14058,799.0,46,-66,1039,-3,-5,-5
R,9707,14081,804.3,47,-67,1039,-3,-5,-5
R,9747,14104,809.4,47,-67,1039,-3,-5,-5
R,9787,14127,814.6,47,-68,1040,-3,-5,-5
R,9827,14150,819.7,47,-67,1039,-3,-5,-5
R,9867,14173,824.9,47,-67,1039,-3,-5,-5
R,9907,14197,830.1,47,-67,1039,-3,-5,-5
R,9946,14220,835.1,46,-67,1039,-3,-5,-5
R,9987,14243,840.4,47,-67,1038,-3,-5,-5
R,10027,14266,845.6,47,-67,1039,-3,-5,-5
R,10067,14289,850.8,46,-67,1039,-3,-6,-5
R,10107,14312,856.0,47,-67,1038,-3,-5,-5
R,10147,14335,861.3,47,-68,1039,-3,-5,-5
R,10187,14359,866.5,47,-68,1039,-2,-5,-5
R,10227,14382,871.7,46,-67,1039,-3,-5,-5
R,10266,14405,876.8,46,-67,1039,-3,-5,-5
R,10307,14428,882.2,46,-67,1040,-3,-5,-5
R,10346,14451,887.4,47,-67,1040,-3,-5,-5
R,10387,14474,892.8,47,-68,1038,-2,-5,-5
R,10426,14497,897.9,47,-67,1039,-3,-6,-5
R,10467,14520,903.3,47,-67,1039,-3,-5,-5
R,10507,14544,908.6,47,-68,1039,-3,-5,-5
R,10547,14567,913.9,46,-67,1039,-3,-5,-5
R,10587,14590,919.3,46,-66,1039,-3,-5,-5
R,10627,14613,924.6,47,-67,1039,-3,-5,-5
R,10666,14636,929.8,47,-67,1039,-3,-5,-5
R,10707,14659,935.2,47,-67,1039,-3,-5,-5
R,10747,14682,940.6,47,-67,1038,-3,-5,-5
R,10786,14706,945.8,46,-66,1039,-3,-5,-5
R,10827,14729,951.3,46,-68,1039,-3,-5,-5
R,10867,14752,956.7,47,-67,1039,-3,-5,-6
R,10907,14775,962.1,46,-67,1039,-3,-6,-5
R,10947,14798,967.5,46,-66,1038,-3,-6,-5
R,10987,14821,972.9,47,-68,1039,-3,-6,-5
R,11027,14844,978.3,46,-67,1039,-3,-5,-5
R,11067,14868,983.7,47,-67,1039,-3,-5,-5
R,11107,14891,989.1,46,-68,1040,-3,-5,-5
R,11147,14914,994.5,46,-68,1038,-3,-5,-5
R,11187,14937,1000.0,46,-67,1038,-3,-5,-5
R,11227,14960,1005.4,47,-68,1038,-3,-5,-5
R,11267,14983,1010.9,47,-67,1039,-3,-5,-5
R,11306,15006,1016.2,47,-67,1038,-3,-5,-5
R,11347,15030,1021.8,47,-68,1039,-3,-6,-5
R,11387,15053,1027.3,46,-66,1039,-3,-5,-5
R,11426,15076,1032.7,47,-67,1039,-3,-5,-5
R,11467,15099,1038.3,47,-67,1039,-3,-5,-5
R,11507,15122,1043.8,46,-66,1038,-2,-5,-5
R,11547,15145,1049.3,47,-67,1039,-3,-5,-5
R,11587,15168,1054.9,47,-67,1038,-3,-5,-5
R,11627,15192,1060.4,47,-67,1040,-3,-5,-5
R,11666,15215,1065.8,47,-67,1038,-3,-5,-5
R,11707,15238,1071.5,47,-69,1040,-3,-5,-5
R,11747,15261,1077.0,47,-67,1038,-3,-5,-5
R,11787,15284,1082.6,46,-67,1039,-3,-5,-5
R,11827,15307,1088.2,47,-67,1040,-3,-5,-5
R,11867,15330,1093.8,47,-68,1039,-3,-5,-5
R,11907,15354,1099.4,47,-67,1039,-3,-5,-5
R,11947,15377,1105.0,48,-67,1039,-3,-5,-5
R,11986,15400,1110.4,46,-68,1039,-3,-5,-5
R,12027,15423,1116.2,46,-67,1039,-3,-6,-5
R,12067,15446,1121.8,47,-68,1039,-3,-6,-5
R,12106,15469,1127.3,46,-67,1039,-3,-5,-5
R,12147,15492,1133.1,46,-67,1038,-3,-5,-5
R,12187,15516,1138.7,46,-67,1039,-3,-5,-5
R,12226,15539,1144.3,47,-66,1038,-3,-5,-5
R,12267,15562,1150.1,47,-67,1039,-3,-5,-5
R,12307,15585,1155.8,46,-67,1039,-3,-5,-5
R,12346,15608,1161.3,46,-68,1039,-3,-5,-5
R,12387,15631,1167.1,47,-68,1039,-3,-5,-5
R,12426,15654,1172.7,46,-68,1038,-3,-5,-5
R,12467,15678,1178.5,47,-66,1038,-3,-6,-5
R,12507,15701,1184.3,46,-67,1038,-3,-5,-5
R,12547,15724,1190.0,47,-67,1039,-3,-5,-5
R,12587,15747,1195.7,46,-67,1038,-3,-5,-5
R,12627,15770,1201.5,47,-67,1039,-3,-5,-5
R,12667,15793,1207.2,46,-67,1038,-3,-5,-5
R,12707,15816,1213.0,47,-67,1039,-3,-5,-5
R,12747,15840,1218.8,46,-67,1039,-2,-5,-5
R,12786,15863,1224.4,46,-67,1039,-3,-5,-5
R,12827,15886,1230.3,46,-67,1039,-2,-5,-5
R,12867,15909,1236.1,47,-68,1038,-3,-5,-5
R,12907,15932,1241.9,46,-67,1038,-3,-5,-5
R,12946,15955,1247.6,47,-68,1039,-3,-5,-5
R,12986,15978,1253.4,47,-67,1038,-3,-5,-5
R,13027,16001,1259.4,46,-67,1039,-3,-6,-5
R,13067,16025,1265.2,46,-67,1040,-3,-5,-5
R,13107,16048,1271.1,47,-67,1039,-3,-5,-5
R,13147,16071,1276.9,46,-67,1038,-3,-6,-5
R,13186,16094,1282.6,46,-68,1038,-2,-5,-5
R,13227,16117,1288.7,46,-67,1039,-3,-5,-5
R,13267,16140,1294.5,47,-67,1039,-2,-5,-5
R,13307,16145,1300.4,47,-68,1039,-3,-5,-6
R,13347,16047,1306.3,47,-67,1038,-3,-6,-5
R,13387,15948,1312.1,46,-68,1037,-3,-5,-5
R,13427,15850,1317.9,46,-67,1038,-3,-6,-5
R,13467,15751,1323.7,45,-68,1039,-3,-5,-5
[dump] J60 t_ms=1906
[dump] J330 t_ms=5385 vcross_x100=10813 vtrap_x100=10450
[dump] J660 t_ms=8370 vcross_x100=13420 vtrap_x100=13191
[dump] J1320 t_ms=13254 vcross_x100=15797 vtrap_x100=16058
[dump] FIN RUN #1 t60=1906 t330=5385 t660=8370 t1320=13254
