[dump] RUN #1 heure=19:31:33 src=SEUIL_GPS rollout_ms=0 unit=ALLO2 dyn=4 rate_ms=40 gps=1 pre=15 imuf=2/7 ecu=HP statut=TERMINE
[dump] CAL cal=0 gxo_mdps=0 gyo_mdps=0 gzo_mdps=0 cal_tempC=0 run_tempC=27
[dump] colonnes: R,elapsed_ms,kmh_x100,dist_ft,ax_mg,ay_mg,az_mg,gx_ds10,gy_ds10,gz_ds10
R,-1161,40,0.0,48,-75,1043,-3,-5,-5
R,-1075,40,0.0,49,-75,1043,-3,-6,-5
R,-997,40,0.0,48,-74,1043,-3,-6,-6
R,-924,40,0.0,49,-75,1043,-3,-6,-5
R,-841,40,0.0,48,-75,1042,-3,-6,-5
R,-768,40,0.0,49,-74,1043,-3,-6,-5
R,-695,40,0.0,48,-74,1043,-3,-6,-5
R,-613,40,0.0,49,-75,1043,-3,-6,-5
R,-540,40,0.0,48,-75,1043,-3,-6,-5
R,-467,40,0.0,48,-76,1043,-3,-5,-5
R,-385,40,0.0,48,-75,1043,-3,-6,-5
R,-315,40,0.0,49,-74,1043,-3,-6,-5
R,-230,40,0.0,48,-76,1043,-3,-6,-5
R,-143,40,0.0,48,-75,1042,-3,-6,-5
R,-73,40,0.0,48,-75,1043,-3,-5,-5
R,103,777,0.5,49,-75,1043,-3,-6,-5
R,144,944,0.9,48,-75,1043,-3,-6,-5
R,184,1110,1.2,48,-75,1042,-3,-6,-5
R,224,1276,1.7,49,-76,1043,-3,-6,-5
R,264,1443,2.2,48,-75,1043,-3,-6,-5
R,303,1609,2.7,49,-75,1043,-3,-6,-5
R,344,1776,3.3,48,-75,1043,-3,-6,-5
R,384,1942,4.0,48,-75,1043,-3,-6,-5
R,424,2108,4.7,48,-74,1042,-3,-6,-5
R,464,2247,5.5,48,-75,1043,-3,-6,-5
R,503,2351,6.4,48,-74,1043,-3,-6,-5
R,544,2455,7.3,48,-75,1043,-3,-6,-5
R,584,2559,8.2,49,-75,1043,-3,-6,-5
R,624,2663,9.1,49,-74,1043,-3,-6,-5
R,664,2767,10.1,49,-74,1043,-3,-6,-5
R,704,2871,11.1,48,-75,1043,-3,-6,-5
R,744,2975,12.2,48,-75,1042,-3,-6,-5
R,784,3079,13.3,48,-75,1043,-3,-6,-5
R,824,3183,14.4,49,-74,1042,-3,-6,-5
R,863,3287,15.6,48,-74,1042,-3,-6,-5
R,904,3391,16.8,48,-75,1043,-3,-6,-5
R,944,3495,18.1,49,-75,1043,-3,-6,-5
R,984,3549,19.4,48,-75,1043,-3,-6,-5
R,1024,3601,20.7,48,-76,1043,-3,-6,-5
R,1064,3653,22.0,47,-75,1042,-3,-6,-5
R,1104,3705,23.4,48,-74,1042,-3,-6,-5
R,1144,3757,24.7,48,-75,1042,-3,-6,-6
R,1184,3809,26.1,48,-75,1043,-3,-6,-5
R,1224,3861,27.5,48,-75,1042,-3,-5,-5
R,1264,3913,28.9,48,-74,1043,-3,-6,-6
R,1304,3965,30.3,48,-75,1043,-3,-5,-5
R,1344,4017,31.8,48,-75,1043,-3,-6,-5
R,1384,4069,33.3,48,-75,1043,-3,-6,-5
R,1423,4121,34.7,49,-75,1043,-3,-6,-5
R,1464,4173,36.3,49,-75,1043,-3,-6,-5
R,1504,4225,37.8,49,-75,1042,-3,-6,-5
R,1544,4277,39.4,49,-75,1042,-3,-6,-5
R,1584,4329,40.9,49,-75,1043,-3,-6,-5
R,1623,4381,42.5,49,-75,1042,-3,-6,-5
R,1664,4433,44.1,48,-75,1042,-3,-5,-5
R,1704,4485,45.7,49,-74,1043,-3,-6,-5
R,1744,4537,47.4,49,-75,1043,-3,-5,-6
R,1784,4589,49.1,48,-76,1042,-3,-6,-6
R,1824,4641,50.7,49,-75,1042,-3,-6,-5
R,1864,4693,52.4,49,-75,1042,-3,-5,-5
R,1904,4745,54.2,48,-75,1042,-3,-6,-6
R,1944,4797,55.9,48,-73,1041,-3,-6,-5
R,1984,4894,57.7,48,-75,1042,-3,-5,-5
R,2023,4992,59.4,48,-75,1042,-3,-6,-5
R,2064,5091,61.3,48,-75,1043,-3,-6,-5
R,2104,5190,63.2,49,-74,1041,-3,-6,-5
R,2144,5288,65.1,49,-76,1043,-3,-6,-5
R,2183,5387,67.0,48,-75,1043,-3,-6,-5
R,2224,5486,69.0,48,-74,1042,-3,-5,-5
R,2264,5584,71.0,49,-74,1042,-3,-5,-5
R,2304,5683,73.1,48,-76,1042,-3,-6,-5
R,2344,5782,75.2,48,-75,1042,-3,-6,-5
R,2384,5880,77.3,49,-75,1042,-3,-6,-6
R,2424,5979,79.5,48,-75,1042,-3,-6,-5
R,2464,6078,81.7,48,-75,1043,-3,-6,-5
R,2504,6176,83.9,48,-74,1043,-3,-5,-5
R,2544,6275,86.2,48,-75,1043,-3,-6,-5
R,2584,6374,88.5,48,-76,1041,-3,-6,-5
R,2624,6472,90.8,49,-74,1042,-3,-6,-5
R,2663,6571,93.1,48,-74,1042,-3,-6,-5
R,2704,6670,95.6,49,-75,1042,-3,-6,-5
R,2744,6768,98.1,48,-75,1042,-3,-6,-5
R,2784,6867,100.5,48,-75,1042,-3,-6,-5
R,2824,6966,103.1,48,-75,1042,-3,-5,-5
R,2864,7064,105.6,48,-75,1043,-3,-6,-5
R,2904,7163,108.2,49,-75,1042,-3,-5,-5
R,2944,7262,110.8,48,-75,1042,-3,-6,-5
R,2984,7360,113.5,49,-75,1042,-3,-6,-5
R,3024,7459,116.2,48,-75,1042,-3,-6,-5
R,3063,7558,118.9,49,-75,1042,-3,-6,-5
R,3104,7656,121.7,48,-75,1042,-3,-5,-5
R,3144,7755,124.5,49,-75,1042,-3,-6,-5
R,3184,7854,127.4,48,-75,1041,-3,-5,-5
R,3224,7952,130.2,49,-75,1043,-3,-5,-5
R,3264,8051,133.2,47,-75,1043,-3,-6,-5
R,3303,8150,136.0,48,-75,1042,-3,-6,-5
R,3344,8248,139.1,48,-75,1043,-3,-5,-5
R,3384,8347,142.1,48,-75,1042,-3,-6,-6
R,3424,8446,145.2,49,-75,1042,-3,-6,-5
R,3464,8520,148.3,48,-74,1042,-3,-6,-5
R,3504,8565,151.4,48,-75,1041,-3,-6,-5
R,3544,8610,154.5,48,-75,1042,-3,-6,-5
R,3584,8655,157.7,48,-75,1043,-3,-6,-5
R,3624,8700,160.8,47,-75,1043,-3,-5,-5
R,3664,8745,164.0,48,-75,1043,-3,-5,-5
R,3704,8790,167.2,48,-75,1042,-3,-6,-5
R,3744,8834,170.4,48,-75,1041,-3,-6,-5
R,3784,8879,173.7,48,-74,1042,-3,-6,-5
R,3824,8924,176.9,48,-75,1042,-3,-6,-5
R,3864,8969,180.2,48,-75,1042,-3,-6,-5
R,3903,9014,183.4,47,-74,1043,-3,-6,-5
R,3944,9059,186.7,48,-75,1043,-3,-6,-5
R,3984,9104,190.0,49,-75,1041,-3,-6,-5
R,4024,9149,193.4,48,-75,1042,-3,-5,-5
R,4064,9194,196.7,48,-75,1042,-3,-6,-5
R,4104,9239,200.1,48,-75,1043,-3,-6,-5
R,4144,9283,203.5,48,-75,1042,-4,-5,-5
R,4184,9328,206.8,49,-76,1042,-3,-6,-5
R,4223,9373,210.2,48,-75,1042,-3,-6,-5
R,4264,9418,213.7,47,-75,1042,-3,-6,-5
R,4304,9463,217.1,47,-74,1041,-3,-6,-5
R,4344,9508,220.6,49,-75,1042,-3,-6,-5
R,4384,9553,224.1,49,-76,1042,-3,-5,-5
R,4424,9598,227.5,48,-75,1043,-3,-6,-5
R,4464,9643,231.0,48,-75,1042,-3,-6,-5
R,4504,9688,234.6,48,-75,1042,-3,-6,-6
R,4544,9732,238.1,49,-74,1042,-3,-6,-5
R,4584,9777,241.7,48,-75,1043,-3,-6,-5
R,4624,9822,245.2,48,-75,1042,-3,-6,-5
R,4664,9867,248.8,48,-75,1042,-3,-5,-6
R,4704,9912,252.4,48,-75,1042,-3,-6,-5
R,4744,9957,256.1,48,-75,1042,-3,-6,-5
R,4784,10002,259.7,49,-74,1042,-3,-6,-5
R,4824,10047,263.3,48,-75,1042,-3,-6,-5
R,4864,10092,267.0,49,-75,1042,-3,-5,-5
R,4904,10137,270.7,48,-73,1042,-3,-5,-6
R,4944,10181,274.4,48,-75,1042,-3,-6,-5
R,4984,10226,278.1,49,-75,1042,-2,-6,-5
R,5024,10271,281.9,48,-75,1042,-3,-6,-5
R,5064,10316,285.6,49,-75,1042,-3,-6,-6
R,5103,10361,289.3,48,-74,1042,-3,-6,-6
R,5143,10406,293.1,49,-76,1041,-3,-6,-5
R,5184,10451,297.0,49,-76,1043,-4,-6,-5
R,5224,10496,300.8,49,-76,1042,-2,-6,-5
R,5264,10541,304.6,48,-75,1042,-4,-6,-5
R,5304,10586,308.5,48,-75,1043,-4,-6,-5
R,5344,10630,312.3,49,-75,1042,-3,-6,-5
R,5384,10675,316.2,48,-75,1041,-3,-6,-5
R,5424,10716,320.1,49,-75,1042,-4,-5,-5
R,5464,10751,324.0,49,-75,1042,-3,-6,-5
R,5504,10787,328.0,48,-75,1042,-4,-6,-5
R,5544,10822,331.9,48,-75,1042,-4,-6,-5
R,5584,10857,335.9,48,-75,1043,-3,-6,-5
R,5624,10893,339.8,48,-75,1042,-4,-5,-5
R,5664,10928,343.8,49,-75,1041,-3,-6,-5
R,5704,10963,347.8,48,-74,1042,-2,-6,-5
R,5744,10999,351.8,49,-75,1043,-3,-6,-5
R,5783,11034,355.7,49,-75,1043,-4,-6,-5
R,5824,11069,359.8,48,-74,1042,-3,-5,-5
R,5864,11105,363.9,48,-75,1043,-3,-6,-6
R,5904,11140,367.9,48,-75,1042,-3,-6,-5
R,5944,11175,372.0,49,-75,1042,-3,-6,-5
R,5984,11211,376.1,49,-74,1042,-3,-6,-6
R,6024,11246,380.2,48,-75,1042,-3,-5,-5
R,6064,11281,384.3,49,-75,1041,-2,-6,-5
R,6104,11317,388.4,49,-75,1043,-2,-6,-5
R,6144,11352,392.5,49,-75,1042,-3,-6,-5
R,6184,11388,396.7,48,-74,1042,-4,-6,-5
R,6224,11423,400.8,49,-75,1042,-4,-5,-5
R,6264,11458,405.0,49,-75,1042,-3,-6,-5
R,6304,11494,409.2,48,-74,1042,-3,-6,-5
R,6344,11529,413.4,48,-75,1042,-3,-6,-5
R,6383,11564,417.5,47,-74,1042,-3,-6,-5
R,6424,11600,421.8,48,-74,1041,-3,-6,-5
R,6464,11635,426.0,48,-75,1042,-3,-6,-5
R,6504,11670,430.3,49,-74,1042,-3,-6,-6
R,6544,11706,434.6,49,-75,1042,-3,-6,-5
R,6583,11741,438.7,49,-74,1042,-3,-6,-5
R,6623,11776,443.0,49,-75,1042,-3,-5,-5
R,6664,11812,447.4,49,-75,1043,-3,-6,-5
R,6704,11847,451.7,48,-75,1042,-3,-6,-5
R,6744,11882,456.1,48,-74,1042,-4,-6,-5
R,6784,11918,460.4,48,-74,1042,-4,-6,-6
R,6824,11953,464.7,49,-74,1042,-3,-5,-5
R,6864,11988,469.1,47,-75,1042,-4,-6,-5
R,6904,12024,473.5,47,-75,1042,-4,-6,-5
R,6944,12059,477.9,49,-75,1043,-3,-6,-5
R,6984,12095,482.3,47,-75,1042,-3,-6,-5
R,7024,12130,486.7,47,-75,1042,-3,-5,-5
R,7064,12165,491.1,48,-75,1043,-3,-5,-5
R,7104,12201,495.6,49,-76,1042,-3,-5,-5
R,7144,12236,500.0,47,-75,1042,-3,-6,-5
R,7184,12271,504.5,48,-75,1043,-3,-5,-5
R,7224,12307,509.0,48,-75,1042,-3,-6,-5
R,7264,12342,513.5,48,-75,1042,-3,-5,-5
R,7304,12377,518.0,48,-74,1042,-3,-5,-5
R,7344,12413,522.5,48,-74,1042,-3,-6,-5
R,7384,12448,527.0,48,-75,1042,-3,-6,-5
R,7424,12483,531.6,47,-74,1043,-3,-6,-5
R,7464,12519,536.1,47,-74,1043,-3,-6,-5
R,7504,12554,540.7,48,-75,1043,-3,-6,-6
R,7544,12589,545.3,48,-75,1041,-3,-6,-5
R,7584,12625,549.9,48,-75,1043,-3,-5,-5
R,7623,12660,554.4,48,-75,1043,-3,-6,-5
R,7664,12695,559.1,48,-74,1042,-3,-6,-5
R,7704,12731,563.7,48,-75,1042,-3,-6,-5
R,7744,12766,568.4,48,-74,1042,-4,-6,-5
R,7784,12801,573.0,49,-75,1043,-3,-6,-5
R,7824,12837,577.7,48,-75,1043,-3,-5,-6
R,7864,12872,582.4,48,-75,1043,-3,-5,-6
R,7904,12908,587.1,47,-75,1042,-3,-6,-5
R,7944,12943,591.8,48,-75,1042,-3,-6,-5
R,7984,12978,596.5,48,-75,1042,-3,-6,-5
R,8024,13014,601.3,49,-75,1042,-3,-6,-5
R,8063,13049,605.9,48,-74,1042,-3,-6,-5
R,8104,13084,610.8,48,-75,1042,-3,-5,-5
R,8144,13120,615.6,49,-75,1042,-4,-6,-5
R,8184,13155,620.3,48,-74,1043,-3,-6,-5
R,8223,13190,625.0,48,-75,1042,-4,-6,-6
R,8264,13226,630.0,48,-75,1041,-3,-6,-5
R,8303,13261,634.7,48,-75,1042,-4,-6,-5
R,8344,13296,639.6,48,-75,1042,-3,-6,-5
R,8384,13332,644.5,48,-74,1042,-3,-6,-6
R,8424,13365,649.3,47,-75,1042,-3,-6,-5
R,8464,13388,654.2,48,-74,1042,-3,-5,-5
R,8504,13411,659.1,48,-75,1043,-3,-6,-5
R,8544,13434,664.0,49,-75,1042,-3,-6,-5
R,8584,13457,668.9,48,-75,1042,-3,-6,-5
R,8624,13480,673.8,47,-76,1042,-3,-6,-5
R,8664,13503,678.7,48,-75,1042,-3,-5,-5
R,8704,13527,683.7,47,-75,1042,-3,-6,-5
R,8744,13550,688.6,49,-75,1043,-3,-5,-5
R,8784,13573,693.5,48,-74,1042,-3,-5,-5
R,8824,13596,698.5,47,-75,1041,-3,-6,-5
R,8863,13619,703.3,48,-74,1041,-3,-6,-5
R,8904,13642,708.4,49,-74,1042,-4,-5,-5
R,8944,13665,713.4,48,-75,1042,-3,-6,-5
R,8984,13689,718.4,48,-75,1042,-3,-6,-5
R,9024,13712,723.4,47,-74,1042,-4,-6,-5
R,9063,13735,728.3,49,-75,1042,-3,-6,-5
R,9104,13758,733.4,49,-74,1043,-3,-6,-5
R,9144,13781,738.4,48,-74,1043,-3,-6,-5
R,9184,13804,743.4,48,-75,1042,-3,-5,-5
R,9224,13827,748.5,48,-75,1043,-3,-5,-5
R,9264,13851,753.5,48,-74,1042,-3,-6,-5
R,9304,13874,758.6,48,-76,1042,-3,-6,-5
R,9343,13897,763.5,49,-75,1042,-3,-6,-5
R,9384,13920,768.7,48,-74,1042,-3,-6,-6
R,9424,13943,773.8,48,-74,1042,-3,-6,-5
R,9464,13966,778.9,48,-74,1043,-2,-6,-5
R,9503,13989,783.8,47,-75,1041,-4,-5,-5
R,9543,14013,788.9,48,-75,1042,-3,-6,-5
R,9584,14036,794.2,48,-75,1042,-4,-5,-5
R,9624,14059,799.3,48,-75,1041,-4,-6,-5
R,9664,14082,804.4,48,-76,1042,-3,-6,-5
R,9704,14105,809.6,48,-75,1041,-4,-6,-5
R,9744,14128,814.7,48,-76,1042,-3,-5,-5
R,9784,14151,819.9,48,-75,1042,-3,-6,-5
R,9824,14175,825.0,48,-75,1043,-3,-6,-5
R,9864,14198,830.2,48,-75,1042,-3,-6,-5
R,9904,14221,835.4,48,-75,1042,-3,-6,-5
R,9944,14244,840.6,48,-75,1041,-3,-6,-5
R,9984,14267,845.8,48,-75,1041,-3,-6,-5
R,10024,14290,851.0,48,-75,1042,-3,-6,-5
R,10064,14313,856.2,48,-75,1043,-2,-6,-5
R,10103,14337,861.3,48,-75,1042,-4,-5,-5
R,10144,14360,866.6,48,-75,1042,-2,-5,-5
R,10184,14383,871.9,48,-74,1042,-2,-6,-5
R,10224,14406,877.1,47,-75,1042,-4,-6,-5
R,10264,14429,882.4,48,-75,1041,-3,-6,-5
R,10304,14452,887.6,48,-75,1041,-2,-6,-5
R,10344,14475,892.9,49,-75,1042,-4,-6,-5
R,10384,14499,898.2,48,-75,1042,-3,-5,-6
R,10424,14522,903.5,47,-75,1043,-3,-6,-6
R,10464,14545,908.8,48,-74,1041,-3,-5,-5
R,10503,14568,914.0,47,-74,1042,-3,-5,-5
R,10544,14591,919.4,48,-75,1043,-4,-6,-5
R,10584,14614,924.7,48,-75,1043,-3,-5,-5
R,10624,14637,930.1,47,-75,1042,-3,-6,-5
R,10664,14660,935.4,49,-75,1042,-3,-6,-5
R,10704,14684,940.8,49,-75,1042,-3,-6,-5
R,10744,14707,946.1,48,-75,1042,-3,-6,-5
R,10784,14730,951.5,47,-75,1042,-3,-6,-5
R,10823,14753,956.7,48,-74,1042,-3,-5,-5
R,10864,14776,962.2,48,-75,1042,-4,-6,-5
R,10904,14799,967.6,47,-75,1042,-4,-6,-5
R,10944,14822,973.0,48,-75,1042,-3,-6,-5
R,10984,14846,978.4,48,-75,1042,-3,-6,-5
R,11024,14869,983.8,48,-75,1043,-3,-6,-5
R,11064,14892,989.3,48,-76,1043,-3,-6,-5
R,11104,14915,994.7,49,-75,1042,-3,-6,-5
R,11144,14938,1000.1,49,-75,1042,-3,-6,-5
R,11184,14961,1005.6,48,-75,1042,-3,-6,-5
R,11224,14984,1011.0,48,-75,1041,-4,-6,-5
R,11264,15008,1016.5,48,-75,1042,-3,-6,-5
R,11304,15031,1022.0,48,-75,1043,-3,-6,-5
R,11343,15054,1027.3,48,-75,1042,-3,-6,-5
R,11384,15077,1033.0,49,-75,1042,-3,-6,-5
R,11424,15100,1038.5,48,-75,1042,-3,-6,-5
R,11464,15123,1044.0,48,-74,1042,-4,-6,-5
R,11504,15146,1049.5,48,-74,1042,-3,-6,-5
R,11544,15170,1055.0,49,-75,1042,-3,-6,-5
R,11584,15193,1060.6,49,-74,1041,-3,-6,-5
R,11624,15216,1066.1,49,-75,1043,-3,-6,-5
R,11664,15239,1071.6,48,-74,1041,-2,-5,-5
R,11704,15262,1077.2,48,-74,1042,-2,-5,-5
R,11744,15285,1082.8,48,-74,1042,-3,-6,-5
R,11784,15308,1088.3,48,-75,1042,-3,-6,-5
R,11824,15332,1093.9,48,-75,1043,-5,-6,-5
R,11864,15355,1099.5,48,-74,1041,-2,-6,-5
R,11904,15378,1105.1,47,-76,1042,-2,-5,-5
R,11943,15401,1110.6,48,-74,1042,-4,-6,-5
R,11984,15424,1116.4,48,-75,1043,-2,-5,-5
R,12024,15447,1122.0,49,-74,1042,-3,-6,-5
R,12064,15470,1127.6,48,-75,1043,-3,-6,-5
R,12104,15494,1133.3,48,-75,1042,-2,-6,-5
R,12144,15517,1138.9,48,-74,1042,-3,-5,-5
R,12184,15540,1144.6,49,-74,1042,-3,-6,-5
R,12224,15563,1150.2,49,-74,1043,-3,-6,-5
R,12264,15586,1155.9,48,-74,1041,-3,-6,-5
R,12304,15609,1161.6,49,-74,1042,-3,-6,-5
R,12344,15632,1167.3,48,-74,1042,-3,-6,-5
R,12384,15656,1173.0,48,-75,1042,-3,-5,-6
R,12424,15679,1178.7,48,-74,1041,-3,-6,-5
R,12464,15702,1184.4,49,-75,1042,-3,-6,-5
R,12504,15725,1190.2,48,-75,1043,-3,-6,-6
R,12544,15748,1195.9,49,-75,1042,-2,-6,-5
R,12584,15771,1201.6,47,-75,1042,-3,-6,-5
R,12624,15794,1207.4,49,-74,1041,-3,-6,-5
R,12664,15818,1213.2,49,-75,1042,-3,-5,-5
R,12704,15841,1218.9,49,-75,1042,-4,-5,-5
R,12744,15864,1224.7,49,-74,1042,-4,-6,-5
R,12784,15887,1230.5,48,-75,1042,-2,-6,-5
R,12824,15910,1236.3,48,-74,1041,-4,-6,-5
R,12864,15933,1242.1,48,-75,1042,-1,-5,-5
R,12904,15956,1247.9,47,-75,1043,-2,-6,-6
R,12944,15980,1253.7,47,-75,1042,-3,-6,-5
R,12984,16003,1259.6,48,-75,1043,-2,-6,-5
R,13023,16026,1265.3,49,-74,1042,-3,-5,-5
R,13064,16049,1271.2,48,-75,1042,-4,-6,-5
R,13104,16072,1277.1,49,-75,1042,-3,-6,-5
R,13144,16095,1283.0,48,-74,1042,-3,-6,-5
R,13184,16118,1288.8,49,-74,1043,-4,-5,-5
R,13224,16141,1294.7,49,-75,1042,-3,-6,-5
R,13264,16140,1300.6,48,-75,1042,-4,-6,-5
R,13304,16042,1306.5,48,-75,1042,-3,-6,-5
R,13344,15943,1312.3,48,-74,1041,-3,-6,-5
R,13384,15845,1318.1,49,-75,1042,-1,-6,-5
R,13424,15746,1323.8,48,-75,1042,-5,-6,-5
[dump] J60 t_ms=1897
[dump] J330 t_ms=5375 vcross_x100=10814 vtrap_x100=10450
[dump] J660 t_ms=8359 vcross_x100=13420 vtrap_x100=13215
[dump] J1320 t_ms=13244 vcross_x100=15795 vtrap_x100=16058
[dump] FIN RUN #1 t60=1897 t330=5375 t660=8359 t1320=13244
