[dump] === board=A46E9FDF948C fw=v7.7.00 -- 5 run(s) en flash ===
[dump] RUN #1 heure=13:05:28 src=SEUIL_GPS rollout_ms=0 statut=ABANDON
[dump] colonnes: R,elapsed_ms,kmh_x100,dist_ft,ax_mg,ay_mg,az_mg,gx_ds10,gy_ds10,gz_ds10
R,38,171,0.1,-140,-55,992,4,-4,-1
R,78,165,0.1,-140,-52,993,5,-4,0
R,118,159,0.2,-138,-57,996,6,-4,-1
R,158,152,0.2,-139,-58,991,3,-4,0
R,198,149,0.3,-138,-57,991,3,-4,-1
R,238,143,0.3,-128,-54,993,5,-4,-1
R,278,133,0.4,-135,-57,996,3,-4,0
R,318,127,0.4,-136,-57,996,6,-5,0
R,358,122,0.5,-137,-57,991,5,-4,-1
R,398,115,0.5,-135,-57,991,5,-4,0
R,438,105,0.6,-135,-56,992,5,-4,-1
R,487,93,0.6,-134,-55,991,5,-5,0
R,518,81,0.6,-136,-57,993,4,-4,0
R,559,72,0.7,-136,-56,990,7,-4,0
R,598,75,0.7,-138,-58,992,4,-4,0
R,638,78,0.7,-132,-57,994,4,-4,0
R,679,75,0.8,-136,-57,992,5,-4,-1
R,718,70,0.8,-136,-56,988,6,-4,-1
R,758,78,0.8,-134,-58,994,5,-4,-1
R,810,84,0.8,-137,-56,991,5,-4,-1
R,839,83,0.9,-139,-56,990,5,-5,-1
R,880,77,0.9,-136,-56,993,4,-5,0
R,920,87,0.9,-136,-55,997,5,-4,-1
R,959,95,1.0,-136,-56,995,4,-4,-1
R,1001,78,1.0,-134,-53,989,6,-4,0
R,1040,49,1.0,-133,-55,992,6,-5,-1
R,1080,31,1.0,-137,-52,993,5,-4,-1
R,1136,13,1.0,-141,-59,992,5,-4,-1
R,1160,15,1.0,-135,-56,990,7,-4,0
R,1200,29,1.0,-139,-54,992,4,-5,0
R,1239,37,1.1,-135,-55,995,6,-4,-1
R,1279,41,1.1,-133,-59,987,4,-5,-1
R,1320,40,1.1,-134,-55,991,6,-4,-1
R,1358,25,1.1,-139,-57,989,6,-5,0
R,1399,10,1.1,-139,-56,993,4,-5,0
R,1440,4,1.1,-132,-57,991,6,-4,-1
R,1478,8,1.1,-135,-57,987,3,-5,-1
R,1519,12,1.1,-136,-55,995,6,-4,0
R,1559,10,1.1,-134,-56,994,6,-4,-1
R,1599,8,1.1,-128,-53,992,7,-4,-1
R,1640,4,1.1,-129,-57,997,3,-4,0
R,1680,14,1.1,-135,-58,993,6,-4,-1
R,1719,24,1.1,-138,-56,994,5,-4,0
R,1759,28,1.1,-140,-54,988,6,-4,-1
R,1811,25,1.2,-134,-54,995,6,-5,-1
R,1839,17,1.2,-135,-54,1000,6,-4,0
R,1879,18,1.2,-129,-53,991,6,-4,-1
R,1920,12,1.2,-131,-56,996,5,-4,-1
R,1958,1,1.2,-135,-54,996,5,-4,0
R,2001,9,1.2,-134,-58,998,5,-3,0
R,2039,21,1.2,-138,-57,991,5,-4,0
R,2080,37,1.2,-134,-55,1000,4,-5,0
R,2120,48,1.2,-131,-55,999,7,-4,0
R,2159,43,1.2,-137,-59,991,5,-4,0
R,2200,31,1.2,-140,-55,991,5,-4,-1
R,2239,17,1.2,-135,-55,1000,6,-4,-1
R,2282,15,1.3,-135,-55,999,5,-4,-1
R,2320,15,1.3,-136,-55,990,4,-4,-1
R,2360,12,1.3,-134,-55,995,6,-4,0
R,2399,17,1.3,-137,-57,998,5,-4,-1
R,2439,12,1.3,-135,-57,996,4,-3,-1
R,2479,15,1.3,-140,-56,990,6,-4,0
R,2520,13,1.3,-132,-55,995,4,-5,0
R,2560,14,1.3,-139,-53,999,6,-4,0
R,2600,10,1.3,-138,-58,991,5,-4,0
R,2640,7,1.3,-138,-51,995,6,-4,0
R,2680,5,1.3,-134,-54,997,5,-4,0
R,2720,8,1.3,-135,-54,993,5,-4,-1
R,2760,9,1.3,-131,-55,992,4,-4,-1
R,2813,8,1.3,-136,-57,995,4,-4,-1
R,2840,1,1.3,-137,-56,994,5,-4,-1
R,2880,8,1.3,-133,-57,997,4,-4,-1
R,2920,19,1.3,-136,-56,994,5,-4,0
R,2959,32,1.3,-131,-53,994,6,-3,0
R,3001,46,1.3,-133,-57,994,4,-4,0
R,3040,57,1.4,-135,-59,994,4,-4,0
R,3083,59,1.4,-139,-57,992,2,-4,-1
R,3120,60,1.4,-135,-56,994,3,-4,-1
R,3160,86,1.4,-130,-52,996,5,-4,-1
R,3200,117,1.5,-138,-58,994,3,-4,-1
R,3240,90,1.5,-138,-54,998,4,-4,0
R,3280,23,1.5,-137,-58,996,4,-4,-1
R,3320,28,1.5,-128,-55,989,6,-5,0
R,3360,16,1.5,-137,-59,996,4,-4,0
R,3399,30,1.6,-142,-56,990,6,-4,0
R,3439,26,1.6,-139,-57,996,5,-4,-1
R,3479,53,1.6,-138,-57,992,6,-4,0
R,3519,75,1.6,-139,-58,988,5,-4,0
R,3560,78,1.6,-139,-55,990,7,-5,-1
R,3604,90,1.7,-131,-58,994,4,-5,0
R,3640,87,1.7,-135,-55,994,5,-4,0
R,3680,69,1.7,-132,-56,983,3,-4,-1
R,3732,59,1.7,-142,-61,988,4,-4,0
R,3760,82,1.8,-134,-55,992,6,-4,0
R,3811,86,1.8,-135,-54,1000,8,-3,-1
R,3840,85,1.8,-132,-57,998,7,-5,-1
R,3880,78,1.9,-140,-56,990,7,-4,0
R,3921,69,1.9,-136,-53,991,5,-5,-1
R,3959,91,1.9,-140,-57,995,3,-4,0
R,4001,110,2.0,-136,-51,997,7,-5,-1
R,4040,144,2.0,-133,-56,990,9,-4,-1
R,4080,163,2.1,-139,-56,994,7,-3,-1
R,4121,177,2.1,-133,-54,996,8,-4,-1
R,4160,172,2.2,-146,-62,996,15,-4,-1
R,4200,170,2.2,-131,-63,984,7,-3,0
R,4240,171,2.3,-132,-53,996,11,-3,0
R,4280,171,2.4,-127,-56,994,-2,-6,0
R,4320,166,2.4,-124,-53,985,17,-2,0
R,4379,139,2.5,-136,-56,987,5,-4,-1
R,4400,146,2.5,-133,-53,989,-1,-5,0
R,4440,147,2.6,-137,-57,988,3,-5,0
R,4480,150,2.6,-137,-57,1001,5,-4,0
R,4521,171,2.7,-129,-54,996,5,-4,-1
R,4561,178,2.8,-135,-63,1002,1,-5,-1
R,4601,175,2.8,-139,-55,990,6,-4,-1
R,4640,161,2.9,-104,-38,1007,14,-6,0
R,4680,137,2.9,-140,-51,993,13,-2,0
R,4720,104,3.0,-141,-55,989,8,-2,0
R,4760,105,3.0,-133,-53,991,9,-3,0
R,4812,132,3.1,-137,-61,996,4,-5,0
R,4840,158,3.1,-133,-46,984,1,-4,0
R,4881,181,3.2,-142,-40,990,0,-7,-1
R,4921,200,3.3,-137,-55,977,7,-3,0
R,4960,202,3.3,-135,-67,1017,12,-7,0
R,5001,194,3.4,-135,-52,1003,-1,-3,0
R,5040,174,3.5,-131,-59,1002,13,-1,0
R,5080,147,3.5,-136,-53,996,6,-4,-1
R,5120,124,3.6,-139,-54,990,9,-2,0
R,5160,105,3.6,-131,-59,1008,1,-6,-1
R,5200,116,3.7,-129,-55,1003,11,-2,0
R,5242,116,3.7,-130,-54,999,6,-4,0
R,5280,118,3.7,-131,-52,994,4,-5,0
R,5320,110,3.8,-138,-55,995,5,-3,-1
R,5360,99,3.8,-134,-51,996,9,-3,-1
R,5399,86,3.9,-136,-57,1000,6,-4,0
R,5440,76,3.9,-139,-57,997,6,-4,-1
R,5480,74,3.9,-137,-58,989,5,-4,-1
R,5520,88,3.9,-129,-51,1000,3,-4,0
R,5560,77,4.0,-134,-59,987,8,-4,0
R,5600,70,4.0,-138,-54,989,4,-5,0
R,5641,58,4.0,-140,-45,991,7,-6,-1
R,5681,50,4.0,-139,-53,990,-8,-7,-1
R,5720,61,4.1,-135,-51,989,8,-4,0
R,5760,82,4.1,-151,-13,950,-15,-12,51
R,5812,108,4.1,-134,-22,946,10,2,100
R,5840,129,4.2,-126,-12,998,-12,-22,105
R,5879,145,4.2,-81,-115,967,74,0,144
R,5921,160,4.3,-146,-37,996,0,-7,-1
R,5959,154,4.3,-140,-53,1007,2,-5,-1
R,6001,145,4.4,-139,-44,991,0,-5,0
R,6039,131,4.4,-112,-60,1032,-115,-52,118
R,6079,118,4.5,-191,4,1009,25,-4,412
R,6119,86,4.5,-41,-88,944,82,-45,554
R,6159,108,4.5,-89,-266,986,25,-12,59
R,6199,125,4.6,-139,-22,998,-50,-6,0
R,6238,137,4.6,-130,-49,967,-1,-5,1
R,6279,156,4.7,-122,-44,979,-40,-11,0
R,6329,171,4.8,-133,-36,999,-9,-7,1
R,6358,187,4.8,-133,-43,997,-9,-7,2
R,6400,207,4.9,-129,-19,936,-9,-10,2
R,6440,225,5.0,-131,-40,982,10,-4,0
R,6479,219,5.0,-131,-40,1004,6,-4,0
R,6520,219,5.1,-122,-45,1028,10,-5,-1
R,6560,227,5.2,-133,-36,989,5,-4,-1
R,6599,229,5.3,-133,-43,998,6,-5,0
R,6640,230,5.4,-137,-42,990,6,-4,-1
R,6679,221,5.5,-131,-38,998,5,-3,-1
R,6719,208,5.5,-134,-43,989,5,-4,-1
R,6760,202,5.6,-131,-41,998,5,-4,-1
R,6809,207,5.7,-134,-40,997,4,-3,-1
R,6838,224,5.8,-132,-40,993,7,-4,-1
R,6879,228,5.8,-130,-42,997,6,-4,-1
R,6920,230,5.9,-130,-40,992,5,-4,0
R,6977,226,6.0,-127,-38,996,5,-5,-1
R,7001,224,6.1,-140,-29,975,-17,-4,-1
R,7039,217,6.2,-130,-33,982,4,-4,0
R,7079,205,6.2,-128,-40,996,9,-4,0
R,7119,175,6.3,-130,-37,979,-7,-5,-1
R,7159,150,6.4,-121,-36,929,29,-8,-3
R,7199,138,6.4,-133,-41,996,-2,-4,0
R,7239,143,6.5,-126,-58,997,1,-8,0
R,7279,158,6.5,-138,-42,990,11,-4,-1
R,7319,161,6.6,-134,-39,1000,2,-4,-1
R,7359,168,6.7,-132,-37,996,2,-4,0
R,7398,184,6.7,-135,-39,999,-8,-5,0
R,7439,221,6.8,-129,-40,999,-1,-5,0
R,7479,244,6.9,-135,-30,1005,6,-7,12
R,7518,256,7.0,-127,-47,1001,2,-5,0
R,7559,267,7.1,-132,-44,996,3,-4,-1
R,7599,275,7.2,-128,-42,991,6,-4,0
R,7638,272,7.3,-127,-42,993,3,-5,0
R,7679,267,7.4,-130,-39,992,4,-4,-1
R,7719,243,7.5,-129,-42,993,4,-4,-1
R,7759,242,7.5,-128,-40,991,5,-5,-1
R,7809,237,7.6,-132,-41,1001,5,-5,0
R,7839,220,7.7,-139,-43,1005,4,-4,-1
R,7878,211,7.8,-128,-41,996,6,-4,-1
R,7919,204,7.9,-131,-42,993,5,-4,-1
R,7959,201,7.9,-134,-40,993,6,-5,0
R,8001,193,8.0,-129,-39,994,5,-4,0
R,8038,202,8.1,-131,-36,975,6,-5,0
R,8079,195,8.2,-130,-50,1005,-2,-6,-1
R,8118,186,8.2,-135,-43,1001,8,-4,0
R,8158,189,8.3,-133,-45,991,5,-3,0
R,8199,202,8.4,-129,-38,995,6,-4,-1
R,8239,216,8.4,-136,-41,992,3,-4,-1
R,8280,227,8.5,-133,-40,996,5,-5,-1
R,8318,232,8.6,-132,-41,998,4,-3,-1
R,8358,237,8.7,-138,-37,996,7,-4,-1
R,8398,239,8.8,-131,-37,996,7,-4,-1
R,8439,232,8.9,-132,-40,998,4,-4,-1
R,8480,226,8.9,-127,-42,991,5,-4,-1
R,8518,237,9.0,-131,-43,994,4,-5,0
R,8558,259,9.1,-126,-54,997,7,-5,-1
R,8598,258,9.2,-130,-45,986,5,-5,0
R,8638,247,9.3,-130,-38,983,18,-5,-1
R,8680,249,9.4,-137,-41,996,8,-5,0
R,8718,257,9.5,-115,-45,978,-8,-1,0
R,8758,261,9.6,-112,-96,1083,4,-9,1
R,8808,257,9.7,-121,-53,987,-4,-6,0
R,8838,250,9.8,-127,-40,985,-2,-6,-1
R,8880,244,9.9,-130,-40,983,8,-4,-1
R,8926,238,10.0,-134,-40,998,3,-5,0
R,8958,234,10.0,-132,-43,996,5,-5,0
R,9001,231,10.1,-134,-43,1001,4,-4,-1
R,9038,228,10.2,-131,-40,997,5,-3,-1
R,9080,224,10.3,-131,-41,983,5,-4,0
R,9118,221,10.4,-136,-42,992,4,-5,-1
R,9158,216,10.4,-130,-38,996,5,-4,0
R,9199,210,10.5,-132,-40,998,4,-4,0
R,9238,203,10.6,-130,-39,998,5,-4,-1
R,9280,197,10.7,-137,-41,1001,3,-5,-1
R,9318,189,10.7,-132,-39,996,6,-4,-1
R,9358,182,10.8,-131,-40,1000,3,-3,0
R,9398,182,10.9,-133,-41,996,7,-4,-1
R,9439,181,10.9,-130,-41,994,5,-5,-1
R,9480,172,11.0,-133,-42,998,5,-4,0
R,9518,157,11.1,-130,-36,992,6,-4,-1
R,9575,143,11.1,-135,-40,998,4,-4,0
R,9599,137,11.2,-132,-38,998,4,-5,-1
R,9638,132,11.2,-132,-41,996,5,-4,-1
R,9680,123,11.3,-128,-40,995,6,-4,0
R,9718,124,11.3,-135,-40,996,4,-5,-1
R,9758,125,11.4,-128,-42,998,4,-5,0
R,9808,116,11.4,-134,-43,998,5,-4,0
R,9838,107,11.4,-136,-45,990,5,-4,0
R,9880,100,11.5,-129,-39,998,5,-4,-1
R,9919,95,11.5,-134,-41,999,5,-4,0
R,9958,89,11.6,-128,-43,994,4,-4,-1
R,10001,90,11.6,-129,-40,994,6,-4,-1
R,10038,87,11.6,-128,-39,987,4,-6,-1
R,10080,83,11.7,-131,-41,1000,5,-4,0
R,10119,77,11.7,-134,-43,999,2,-4,-1
R,10158,74,11.7,-133,-46,1002,6,-4,0
R,10199,73,11.7,-135,-42,991,6,-3,-1
R,10238,71,11.8,-132,-44,1001,3,-4,0
R,10279,72,11.8,-131,-41,988,7,-4,-1
R,10318,67,11.8,-133,-43,997,4,-5,-1
R,10358,62,11.8,-130,-39,997,7,-4,-1
R,10398,60,11.9,-131,-42,996,3,-4,0
R,10439,59,11.9,-131,-40,990,6,-4,0
R,10480,53,11.9,-135,-41,998,2,-5,0
R,10518,53,11.9,-135,-41,994,5,-4,0
R,10559,52,11.9,-132,-44,995,4,-4,0
R,10598,50,12.0,-127,-42,994,6,-4,-1
R,10639,48,12.0,-128,-40,993,4,-4,-1
R,10680,46,12.0,-133,-42,1000,4,-4,0
R,10718,44,12.0,-132,-37,990,8,-4,0
R,10758,43,12.0,-126,-41,990,9,-3,0
R,10808,42,12.0,-132,-44,996,3,-4,-1
R,10838,45,12.1,-132,-43,997,5,-4,-1
R,10880,49,12.1,-134,-44,988,7,-5,0
R,10920,50,12.1,-131,-41,998,4,-5,0
R,10962,49,12.1,-130,-40,999,3,-5,0
R,11001,43,12.1,-130,-42,1000,5,-5,0
R,11037,37,12.1,-129,-39,994,7,-5,-1
R,11079,31,12.2,-134,-40,992,4,-3,0
R,11117,31,12.2,-122,-42,996,6,-5,-1
R,11158,32,12.2,-131,-41,993,4,-3,-1
R,11198,33,12.2,-132,-42,991,6,-4,0
R,11237,30,12.2,-131,-40,997,6,-4,0
R,11277,27,12.2,-130,-38,1000,5,-4,0
R,11318,21,12.2,-129,-40,989,6,-4,0
R,11358,14,12.2,-131,-41,996,4,-4,-1
R,11398,13,12.2,-133,-39,996,7,-4,0
R,11438,24,12.2,-140,-41,997,5,-4,-1
R,11478,35,12.2,-131,-40,988,5,-4,0
R,11523,46,12.3,-133,-42,991,8,-5,-1
R,11558,52,12.3,-129,-42,994,7,-4,-1
R,11598,47,12.3,-138,-39,1000,4,-3,0
R,11637,39,12.3,-137,-39,990,7,-4,0
R,11679,35,12.3,-135,-41,1000,3,-4,-1
R,11717,39,12.3,-129,-40,999,6,-4,-1
R,11757,40,12.4,-127,-40,996,5,-4,0
R,11808,38,12.4,-133,-40,996,5,-4,-1
R,11837,39,12.4,-132,-41,999,4,-4,0
R,11877,37,12.4,-131,-42,1000,5,-4,-1
R,11919,41,12.4,-124,-43,989,6,-4,-1
R,11957,47,12.4,-130,-41,999,5,-5,-1
R,12000,53,12.4,-126,-40,997,4,-4,-1
R,12037,57,12.5,-132,-40,993,5,-5,-1
R,12078,54,12.5,-122,-43,990,5,-4,0
R,12117,47,12.5,-132,-42,1000,4,-5,-1
R,12172,41,12.5,-137,-42,995,5,-5,0
R,12198,39,12.5,-141,-42,1001,3,-3,0
R,12237,41,12.5,-135,-38,987,8,-4,0
R,12277,37,12.6,-127,-40,997,4,-5,-1
R,12318,31,12.6,-132,-43,996,5,-5,-1
R,12358,31,12.6,-137,-41,995,4,-4,0
R,12397,24,12.6,-131,-40,997,6,-3,0
R,12439,24,12.6,-127,-40,996,5,-5,0
R,12477,31,12.6,-130,-41,994,4,-4,-1
R,12517,31,12.6,-131,-41,998,4,-4,-1
R,12558,36,12.6,-129,-41,999,7,-4,-1
R,12597,38,12.7,-130,-41,996,5,-4,0
R,12637,34,12.7,-131,-42,998,5,-5,0
R,12678,26,12.7,-133,-40,987,6,-4,0
R,12717,22,12.7,-133,-40,998,5,-4,-1
R,12757,28,12.7,-135,-42,997,5,-4,0
R,12821,28,12.7,-133,-43,996,4,-4,-1
R,12837,27,12.7,-128,-43,995,6,-5,0
R,12877,27,12.7,-131,-38,994,4,-4,-1
R,12922,26,12.7,-127,-41,997,4,-4,-1
R,12959,25,12.7,-134,-42,994,4,-5,0
R,13000,29,12.8,-129,-41,995,4,-4,0
R,13037,28,12.8,-132,-42,993,5,-4,0
R,13078,26,12.8,-135,-45,996,5,-4,0
R,13117,23,12.8,-131,-40,993,6,-4,0
R,13158,25,12.8,-131,-40,1001,4,-4,0
R,13198,30,12.8,-133,-42,997,5,-4,-1
R,13237,36,12.8,-133,-40,999,7,-4,-1
R,13277,42,12.8,-132,-39,990,6,-4,-1
R,13318,42,12.8,-135,-43,1003,5,-4,-1
R,13358,32,12.9,-132,-42,995,7,-5,0
R,13398,16,12.9,-129,-39,1000,4,-4,0
R,13438,10,12.9,-128,-40,994,8,-4,-1
R,13479,8,12.9,-137,-45,998,4,-4,0
R,13518,10,12.9,-133,-40,993,6,-4,-1
R,13558,22,12.9,-132,-42,1003,3,-4,0
R,13598,26,12.9,-134,-41,989,7,-4,0
R,13638,26,12.9,-136,-43,996,5,-4,-1
R,13678,31,12.9,-126,-40,1000,8,-4,-1
R,13718,33,12.9,-132,-39,991,5,-3,-1
R,13758,30,12.9,-133,-42,990,6,-5,-1
R,13809,24,12.9,-131,-41,998,5,-4,0
R,13838,18,13.0,-138,-42,1000,5,-3,-1
R,13878,17,13.0,-128,-40,996,5,-4,0
R,13919,20,13.0,-132,-40,994,7,-4,-1
R,13958,23,13.0,-131,-39,996,5,-4,-1
R,14001,22,13.0,-124,-43,997,5,-4,-1
R,14037,18,13.0,-133,-42,992,5,-5,0
R,14078,12,13.0,-130,-40,1001,4,-4,-1
R,14119,12,13.0,-131,-45,1000,5,-5,-1
R,14157,17,13.0,-128,-40,993,5,-4,0
R,14198,28,13.0,-133,-44,991,4,-5,-1
R,14237,39,13.0,-134,-41,998,4,-4,-1
R,14277,42,13.0,-136,-42,996,4,-4,-1
R,14318,43,13.1,-128,-40,993,5,-4,-1
R,14358,35,13.1,-133,-41,996,4,-5,0
R,14398,27,13.1,-133,-39,995,7,-5,-1
R,14438,28,13.1,-131,-41,994,4,-4,0
R,14478,32,13.1,-131,-43,989,6,-5,-1
R,14517,31,13.1,-135,-46,998,4,-5,0
R,14558,29,13.1,-126,-38,996,7,-4,-1
R,14598,23,13.1,-129,-42,994,4,-4,0
R,14637,20,13.1,-136,-39,992,6,-4,-1
R,14678,11,13.1,-133,-42,1000,3,-5,-1
R,14717,11,13.1,-125,-40,997,5,-3,0
R,14768,15,13.2,-133,-40,999,5,-3,-1
R,14811,20,13.2,-136,-43,996,5,-4,-1
R,14839,25,13.2,-129,-40,994,4,-5,-1
R,14881,23,13.2,-128,-43,994,5,-4,0
R,14921,25,13.2,-135,-40,1004,3,-5,0
R,14959,23,13.2,-129,-40,990,5,-5,-1
R,15001,21,13.2,-128,-43,994,4,-4,0
R,15039,18,13.2,-129,-43,999,3,-4,0
R,15079,15,13.2,-128,-37,988,7,-4,-1
R,15119,17,13.2,-134,-41,1000,2,-4,-1
R,15158,19,13.2,-129,-40,996,6,-4,0
R,15199,21,13.2,-129,-43,994,4,-4,0
R,15238,27,13.2,-129,-42,989,6,-5,-1
R,15279,32,13.3,-129,-42,996,4,-5,-1
R,15319,36,13.3,-128,-40,998,6,-5,0
R,15359,39,13.3,-134,-45,1000,3,-5,0
R,15416,41,13.3,-132,-40,1000,7,-4,-1
R,15439,44,13.3,-132,-41,997,3,-5,0
R,15478,49,13.3,-136,-40,993,6,-4,0
R,15519,56,13.3,-132,-40,996,4,-4,0
R,15559,59,13.4,-130,-43,992,6,-4,0
R,15599,56,13.4,-131,-47,992,5,-5,0
R,15639,58,13.4,-137,-38,986,7,-5,-1
R,15679,58,13.4,-126,-37,992,12,-4,-1
R,15718,59,13.5,-132,-40,986,7,-5,-1
R,15759,60,13.5,-128,-41,991,7,-4,0
R,15810,58,13.5,-136,-37,989,7,-5,-1
R,15839,57,13.5,-132,-38,994,8,-3,-1
R,15878,61,13.5,-131,-44,1001,3,-4,-1
R,15920,62,13.6,-131,-40,993,5,-4,0
R,15958,61,13.6,-137,-42,993,3,-5,-1
R,16001,56,13.6,-140,-40,1033,-12,-1,0
R,16038,53,13.6,-126,-36,983,-12,-5,0
R,16079,55,13.6,-132,-42,1014,1,-4,-1
R,16119,58,13.7,-132,-40,995,2,-5,-1
R,16158,57,13.7,-129,-43,998,1,-5,-1
R,16198,57,13.7,-132,-46,1002,0,-5,-1
R,16239,59,13.7,-133,-44,1006,2,-4,-1
R,16278,56,13.7,-129,-40,991,8,-4,-1
R,16319,59,13.8,-135,-42,1006,3,-4,-1
R,16358,59,13.8,-134,-40,992,7,-4,0
R,16399,59,13.8,-132,-40,1000,5,-4,-1
R,16438,59,13.8,-132,-40,993,7,-4,-1
R,16479,60,13.9,-133,-45,999,3,-4,-1
R,16518,62,13.9,-129,-38,996,7,-5,0
R,16560,71,13.9,-129,-40,992,4,-4,-1
R,16599,77,13.9,-130,-41,994,5,-5,-1
R,16639,74,14.0,-134,-40,997,5,-4,-1
R,16679,68,14.0,-134,-43,996,5,-4,-1
R,16719,60,14.0,-133,-41,992,5,-4,0
R,16759,53,14.0,-135,-42,995,7,-4,0
R,16810,53,14.0,-132,-41,1002,5,-5,-1
R,16841,60,14.1,-130,-42,1002,4,-4,-1
R,16879,65,14.1,-133,-42,992,6,-4,0
R,16920,66,14.1,-131,-42,994,3,-4,-1
R,16959,64,14.1,-133,-39,994,6,-4,-1
R,17001,61,14.2,-133,-42,1002,2,-4,0
R,17039,62,14.2,-131,-39,993,8,-4,-1
R,17080,62,14.2,-131,-44,997,3,-5,-1
R,17119,58,14.2,-129,-38,993,8,-4,-1
R,17158,54,14.2,-132,-40,996,4,-4,0
R,17199,52,14.3,-133,-42,997,9,-5,-1
R,17239,54,14.3,-132,-42,996,7,-5,-1
R,17279,65,14.3,-131,-41,998,6,-5,-1
R,17318,73,14.3,-129,-40,992,7,-4,0
R,17366,75,14.4,-130,-39,993,6,-5,0
R,17398,71,14.4,-131,-39,995,5,-4,-1
R,17438,68,14.4,-131,-42,1001,4,-4,-1
R,17478,64,14.4,-132,-40,991,6,-4,0
R,17519,61,14.5,-130,-42,998,5,-4,0
R,17559,64,14.5,-130,-36,994,5,-4,-1
R,17599,64,14.5,-132,-41,1001,4,-4,-1
R,17638,67,14.5,-131,-41,994,7,-4,-1
R,17678,65,14.5,-132,-40,1001,4,-4,0
R,17719,61,14.6,-129,-40,994,6,-4,0
R,17759,61,14.6,-133,-44,996,3,-5,-1
R,17811,61,14.6,-131,-43,993,4,-4,-1
R,17838,61,14.6,-128,-42,996,3,-4,-1
R,17879,58,14.7,-128,-41,997,6,-4,0
R,17919,55,14.7,-133,-42,999,4,-5,0
R,17959,55,14.7,-128,-35,991,6,-5,0
R,18015,54,14.7,-130,-40,990,6,-5,0
R,18039,57,14.7,-134,-41,996,6,-4,-1
R,18078,61,14.8,-134,-37,995,6,-4,-1
R,18118,63,14.8,-132,-42,997,5,-4,0
R,18157,60,14.8,-135,-41,1000,4,-4,0
R,18199,57,14.8,-130,-43,999,6,-4,0
R,18238,59,14.9,-131,-40,988,5,-4,-1
R,18279,65,14.9,-132,-40,999,5,-4,-1
R,18319,72,14.9,-133,-39,998,6,-4,-1
R,18359,76,14.9,-131,-39,998,5,-4,-1
R,18398,77,15.0,-131,-37,996,5,-4,-1
R,18439,80,15.0,-131,-41,994,6,-4,-1
R,18478,81,15.0,-132,-38,993,6,-4,-1
R,18519,75,15.0,-133,-42,996,5,-5,-1
R,18559,72,15.1,-131,-40,991,7,-4,-1
R,18598,73,15.1,-130,-37,994,4,-4,-1
R,18638,75,15.1,-132,-41,998,4,-5,0
R,18679,76,15.1,-134,-37,991,5,-4,-1
R,18718,79,15.2,-133,-43,1000,4,-4,-1
R,18759,82,15.2,-126,-39,991,1,-4,0
R,18813,79,15.2,-132,-42,994,3,-4,0
R,18839,71,15.3,-130,-41,992,2,-4,-1
R,18878,59,15.3,-131,-41,997,3,-4,0
R,18920,48,15.3,-132,-43,1000,3,-4,0
R,18958,37,15.3,-131,-43,993,2,-4,0
R,18999,33,15.3,-127,-42,994,-2,-5,0
R,19038,33,15.3,-131,-43,995,-4,-5,0
R,19079,30,15.4,-137,-42,999,0,-3,0
R,19117,21,15.4,-131,-46,996,3,-3,-1
R,19158,12,15.4,-159,-42,1003,1,-3,-2
R,19198,3,15.4,-143,-40,997,3,-3,-1
R,19239,5,15.4,-132,-45,986,0,-4,0
R,19278,6,15.4,-131,-40,990,6,-5,-1
R,19319,9,15.4,-131,-45,1001,3,-5,-1
R,19358,12,15.4,-132,-45,1002,4,-5,0
R,19399,7,15.4,-129,-46,999,6,-4,-1
R,19438,8,15.4,-133,-41,996,8,-4,0
R,19479,17,15.4,-131,-45,996,5,-5,-1
R,19518,19,15.4,-132,-41,996,7,-5,-2
R,19559,15,15.4,-132,-40,982,50,-1,-4
R,19597,26,15.4,-114,-48,1002,62,3,-17
R,19638,65,15.4,-125,-52,997,15,-3,0
R,19679,107,15.5,-132,-36,991,6,-4,0
R,19719,126,15.5,-133,-40,988,5,-4,-1
R,19759,134,15.6,-130,-43,996,4,-5,0
R,19812,138,15.6,-131,-42,1000,6,-4,-1
R,19838,136,15.7,-135,-40,997,4,-5,-1
R,19879,133,15.7,-128,-38,989,6,-5,-1
R,19919,127,15.8,-132,-40,993,5,-4,-1
R,19962,125,15.8,-129,-42,998,4,-4,0
R,19999,124,15.8,-136,-42,1001,4,-4,-1
[dump] FIN RUN #1 t60=0 t330=0 t660=0 t1320=0
[dump] RUN #2 heure=14:07:11 src=TRANSBRAKE rollout_ms=0 statut=TERMINE
[dump] colonnes: R,elapsed_ms,kmh_x100,dist_ft,ax_mg,ay_mg,az_mg,gx_ds10,gy_ds10,gz_ds10
R,12,6487,0.4,-183,1332,1466,181,162,53
R,63,6500,3.4,692,1047,103,188,201,86
R,87,6513,4.8,593,932,255,-206,90,106
R,127,6530,7.2,-373,1605,557,-219,102,28
R,170,6554,9.7,-142,1039,1507,-93,148,84
R,212,6578,12.3,-23,1103,817,-276,-105,-44
R,250,6597,14.5,-317,1472,1481,-134,65,-51
R,292,6616,17.1,29,1338,-1287,-112,-311,-138
R,331,6635,19.4,-13,1630,-274,-56,-164,-11
R,370,6657,21.8,561,1663,1335,-263,-179,-90
R,410,6680,24.2,-273,876,1768,150,-156,16
R,451,16898,28.6,442,1002,1093,-25,-57,-10
R,492,17922,35.1,-560,1478,1273,255,-46,8
R,532,18383,41.7,289,824,157,279,235,54
R,571,18636,48.3,402,1516,2292,94,171,0
R,613,19012,55.5,-485,884,-341,365,80,32
R,651,19223,62.1,-257,1549,204,124,264,-51
R,691,19387,69.2,-886,1576,597,379,155,-49
R,734,19545,76.8,1135,1629,4044,90,299,80
R,771,19685,83.4,52,598,1462,369,180,138
R,811,19817,90.6,404,875,455,-11,322,69
R,853,19946,98.2,335,926,1934,0,29,71
R,892,20067,105.3,297,517,-659,39,16,44
R,931,20183,112.5,642,1345,2204,-77,-84,37
R,972,20302,120.1,271,682,614,-4,-425,75
R,1014,20421,127.9,207,1692,1998,-327,-69,60
R,1063,20536,137.0,697,1452,1245,-357,-82,-103
R,1092,20648,142.4,576,1277,2402,-69,58,-38
R,1135,20757,150.6,182,634,328,-47,-88,-57
R,1174,20872,157.9,314,1114,1596,-235,-146,-125
R,1215,20986,165.8,-341,1021,705,111,-310,-72
R,1253,21106,173.1,-549,880,-1667,173,-77,-86
R,1293,21234,180.8,-16,1358,1657,68,356,59
R,1334,21361,188.7,-101,805,537,88,362,169
R,1373,21488,196.3,604,1023,4040,-33,225,109
R,1413,21617,204.2,564,598,1277,106,-352,30
R,1454,21754,212.3,557,1163,1400,-129,131,-6
R,1495,21903,220.5,147,478,73,-22,-310,-49
R,1535,22053,228.5,-161,1395,1094,-120,-167,-49
R,1573,22206,236.1,-489,632,239,180,-65,27
R,1613,22360,244.3,78,1318,1859,2,239,5
R,1655,22504,252.8,532,639,1270,102,42,32
R,1693,22648,260.7,73,1103,-313,-172,40,23
R,1733,22787,268.9,930,718,2948,-133,100,91
R,1774,22916,277.5,-484,1059,159,-225,-372,-46
R,1813,23043,285.7,162,436,-509,506,225,43
R,1853,23279,294.1,328,1457,2041,74,26,-36
R,1895,23504,303.0,-88,421,-1827,158,-117,65
R,1934,23699,311.4,691,601,416,-459,258,89
R,1974,23843,320.1,639,-795,2313,-570,-33,-48
R,2015,23929,329.0,-304,-643,2861,-21,-126,-57
R,2065,23927,339.9,391,-332,194,-102,-117,-4
R,2093,23874,346.0,578,-655,3252,124,215,94
R,2135,23776,355.2,-377,-228,23,47,-62,-18
R,2175,23689,363.8,401,-418,528,48,98,13
R,2213,23627,372.0,388,-465,1995,-2,-99,14
R,2253,23577,380.6,-829,81,-592,26,-166,-34
R,2293,23534,389.2,-421,-51,340,63,240,35
R,2333,23487,397.8,336,-638,2388,118,191,10
R,2373,23427,406.3,-187,-209,-448,159,-227,-59
R,2414,23368,415.0,279,-50,1261,-150,-7,-16
R,2453,23313,423.3,227,-158,724,-325,149,16
R,2493,23264,431.8,-4,-602,2629,-183,-69,-15
R,2533,23221,440.3,-238,-20,-1193,282,-41,-36
R,2573,23177,448.8,223,60,1423,146,206,28
R,2614,23125,457.4,-85,-191,671,-7,185,13
R,2654,23074,465.8,52,-403,1913,-9,-88,4
R,2694,23018,474.2,597,-670,3286,138,-122,15
R,2734,22969,482.6,-362,-444,-396,15,92,26
R,2774,22920,491.0,516,-141,378,-46,129,67
R,2814,22872,499.3,196,-291,2024,25,-150,-25
R,2854,22827,507.7,-946,-78,902,122,-216,-54
R,2894,22779,516.0,214,-417,2903,235,147,38
R,2934,22729,524.3,51,-331,64,113,41,-16
R,2974,22674,532.5,874,-308,1954,-67,-98,0
R,3014,22619,540.8,552,-432,1726,-255,-219,-46
R,3064,22571,551.1,-284,-366,458,140,-220,-23
R,3093,22544,557.1,-260,-347,483,-45,-61,-15
R,3134,22512,565.5,379,-383,444,74,66,11
R,3174,22471,573.7,464,-400,1045,-40,-92,-21
R,3214,22414,581.9,123,-113,1465,7,-125,-45
R,3254,22363,590.0,-304,75,394,-9,304,-11
R,3293,22312,598.0,842,-638,3646,-80,310,38
R,3334,22266,606.3,133,-669,2641,205,-77,-20
R,3374,22226,614.4,-132,-337,268,149,-162,-46
R,3414,22171,622.5,-324,-112,-1026,149,-237,-83
R,3455,22116,630.8,-285,-136,-897,-15,-132,-56
R,3494,22056,638.6,195,-137,485,-315,130,2
R,3533,22004,646.4,350,-404,2592,-309,-19,2
R,3575,21973,654.9,-285,-273,2204,-46,-65,43
R,3613,21947,662.5,483,-461,918,255,-24,-47
R,3654,21906,670.7,317,-63,704,271,-22,-21
R,3694,21851,678.6,219,57,1891,175,44,-52
R,3733,21809,686.4,-697,83,1173,-36,211,-9
R,3773,21762,694.3,-623,65,944,-129,340,69
R,3814,21719,702.5,4,-152,1604,32,261,70
R,3853,21682,710.2,-91,-317,952,210,-3,27
R,3893,21632,718.1,-347,-364,-130,218,-88,-30
R,3934,21578,726.1,-150,-220,-193,112,-113,-36
R,3974,21529,734.0,39,-343,844,-198,-37,-10
R,4013,21484,741.6,-542,-219,378,-202,-85,-27
R,4065,21440,751.8,-104,-520,1943,91,-142,-14
R,4094,21395,757.5,16,-341,2536,-192,-72,42
R,4134,21336,765.3,120,-601,3135,-146,-7,64
R,4175,21277,773.2,278,-248,1912,-80,-49,39
R,4214,21218,780.8,-87,-53,920,-37,-63,-15
R,4253,21171,788.3,-24,-155,698,99,8,-29
R,4295,21137,796.4,293,-216,-37,0,35,-2
R,4334,21093,803.9,-587,-194,-167,124,-95,-33
R,4373,21056,811.4,-736,-84,-523,50,-179,-62
R,4414,21005,819.2,-669,-3,-514,-44,-164,-54
R,4454,20947,826.9,-620,-12,58,72,-102,-44
R,4493,20890,834.3,-472,-125,162,100,-74,-81
R,4533,20844,841.9,-446,-145,127,247,-305,-98
R,4574,20790,849.7,-331,-449,923,209,-183,-105
R,4613,20742,857.1,608,-311,1118,273,-16,-61
R,4653,20697,864.6,569,-43,-96,371,1,-61
R,4693,20640,872.2,-410,228,622,179,163,-4
R,4733,20584,879.7,-644,216,910,45,28,-20
R,4773,20519,887.2,-345,-138,1529,-30,80,8
R,4814,20454,894.8,-248,-156,1219,-132,133,16
R,4853,20406,902.1,-435,82,-160,-43,109,6
R,4894,20369,909.7,-529,-29,-99,34,-96,-17
R,4934,20329,917.1,-861,-142,625,49,2,8
R,4974,20276,924.5,-511,-305,1906,246,-132,-59
R,5013,20213,931.7,-380,-53,383,94,-184,-31
R,5065,20147,941.3,0,-440,813,-3,-39,-20
R,5093,20090,946.4,-240,16,430,140,51,-33
R,5134,20040,953.9,365,-182,866,177,75,-43
R,5175,19992,961.4,-238,-205,6,312,14,-51
R,5213,19932,968.3,69,-307,1338,247,41,-33
R,5253,19864,975.6,343,-260,1199,145,-1,-24
R,5293,19805,982.8,438,-143,933,95,24,-34
R,5335,19743,990.4,-13,-280,-6,109,-144,-22
R,5374,19685,997.4,-210,-468,1053,58,-62,-5
R,5414,19631,1004.5,-217,-324,1339,-35,-24,-16
R,5454,19571,1011.7,-146,-383,1948,-138,-20,10
R,5494,19515,1018.8,148,-329,924,-32,115,51
R,5534,19449,1025.9,-259,-280,1363,-230,40,19
R,5574,19387,1033.0,179,-499,2160,-399,175,59
R,5614,19325,1040.1,86,-339,392,-293,117,55
R,5654,19270,1047.1,-185,-427,1211,-275,-82,35
R,5694,19224,1054.1,325,-549,1699,-246,-129,8
R,5734,19168,1061.1,-307,-358,997,-193,-47,36
R,5774,19106,1068.1,-603,-550,1532,-209,-110,38
R,5814,19042,1075.0,536,-461,2539,-219,22,54
R,5855,18982,1082.1,-370,-258,-98,-84,140,72
R,5894,18917,1088.9,-56,-559,2197,-121,128,63
R,5934,18869,1095.8,-234,-261,487,-60,-7,35
R,5974,18824,1102.6,-356,-237,806,-96,-20,-8
R,6015,18775,1109.7,84,-396,924,-136,135,55
R,6065,18716,1118.2,-605,-316,645,-26,-31,-69
R,6094,18653,1123.1,-651,-42,3519,-45,59,38
R,6134,18598,1129.9,-217,-344,712,-186,-61,65
R,6175,18543,1136.9,-187,-369,1193,-302,119,84
R,6214,18488,1143.4,-373,-156,64,-280,-1,14
R,6254,18440,1150.2,409,-598,2543,-146,89,37
R,6294,18378,1156.9,-319,-263,-373,55,121,40
R,6334,18324,1163.6,330,-484,1808,-113,219,68
R,6374,18276,1170.2,233,-174,1152,53,104,-8
R,6414,18220,1176.9,-15,-323,948,-15,-49,-4
R,6454,18166,1183.5,-24,-363,10,45,-10,-13
R,6493,18113,1190.0,358,-441,1634,5,64,40
R,6534,18067,1196.7,445,-160,1276,140,99,10
R,6574,18009,1203.3,-61,-326,174,154,-103,-18
R,6614,17954,1209.9,800,-197,1681,277,-26,24
R,6655,17893,1216.6,781,-501,1653,246,150,15
R,6694,17842,1222.9,84,-94,906,164,100,-69
R,6734,17788,1229.4,-182,-149,416,220,-4,-102
R,6775,17757,1236.0,-164,-310,345,29,-37,-33
R,6815,17712,1242.5,333,-401,497,-64,-138,-49
R,6854,17660,1248.8,-40,-146,1642,104,-72,-65
R,6894,17597,1255.2,-413,-121,1381,-180,-187,-29
R,6934,17539,1261.6,229,-335,1138,-186,-32,27
R,6973,17493,1267.9,65,-372,814,-242,102,97
R,7013,17456,1274.2,-599,-254,269,-49,-20,66
R,7067,17415,1282.8,-546,-529,477,-189,-111,41
R,7094,17362,1287.1,-369,-176,465,117,10,8
R,7134,17304,1293.4,-352,-186,-533,202,0,-59
R,7175,17253,1299.9,63,-483,2194,187,36,3
R,7214,17195,1306.0,299,-27,767,232,54,-60
R,7254,17153,1312.2,216,-63,1080,154,38,-21
R,7294,17109,1318.5,191,-202,819,101,-18,-70
R,7334,17068,1324.7,259,-387,1925,51,16,-25
[dump] J60 t_ms=621
[dump] J330 t_ms=2001 vcross_x100=23929 vtrap_x100=23361
[dump] J660 t_ms=3583 vcross_x100=21952 vtrap_x100=22079
[dump] J1320 t_ms=7287 vcross_x100=17092 vtrap_x100=17367
[dump] FIN RUN #2 t60=621 t330=2001 t660=3583 t1320=7287
[dump] RUN #3 heure=14:19:00 src=TRANSBRAKE rollout_ms=0 statut=ABANDON
[dump] colonnes: R,elapsed_ms,kmh_x100,dist_ft,ax_mg,ay_mg,az_mg,gx_ds10,gy_ds10,gz_ds10
R,29,17,0.0,23,108,976,4,-2,1
R,69,18,0.0,12,82,995,3,-1,-2
R,109,21,0.0,3,91,1016,5,-2,-3
R,149,19,0.0,1,97,998,5,-4,0
R,189,10,0.0,-2,91,1016,3,0,0
R,228,12,0.0,17,100,1002,9,-2,1
R,280,30,0.0,14,101,1011,6,-3,0
R,309,19,0.1,7,101,998,3,-5,0
R,349,8,0.1,-2,92,1017,1,-4,-1
R,389,23,0.1,12,94,1002,4,-3,-1
R,429,25,0.1,1,89,1022,0,-1,0
R,469,11,0.1,61,91,1006,4,4,3
R,509,24,0.1,-16,74,1058,10,-3,3
R,549,30,0.1,21,85,1017,10,-1,6
R,587,12,0.1,30,100,1001,4,-6,2
R,627,17,0.1,27,113,989,2,-5,0
R,669,17,0.1,26,108,999,5,-4,-5
R,709,19,0.1,-2,92,1008,4,-1,-5
R,749,17,0.1,-5,84,1010,6,-1,-2
R,789,11,0.1,-7,89,999,4,0,0
R,829,13,0.1,-9,98,989,4,-1,1
R,869,15,0.1,0,99,1013,6,-4,1
R,909,7,0.1,22,98,1004,3,-4,1
R,949,8,0.1,26,101,1012,5,-4,0
R,989,8,0.2,24,104,994,1,-2,0
R,1028,14,0.2,19,95,1000,6,-2,0
R,1067,12,0.2,14,95,1004,4,0,-1
R,1107,18,0.2,0,89,1019,3,0,-3
R,1149,13,0.2,-8,84,1033,6,-2,-3
R,1189,6,0.2,-7,97,1003,7,-5,0
R,1228,10,0.2,-1,101,991,7,-3,0
R,1280,32,0.2,5,101,1005,5,-4,3
R,1309,30,0.2,15,107,1005,4,-5,2
R,1348,21,0.2,9,101,998,3,-5,0
R,1390,15,0.2,13,91,1020,4,-2,-1
R,1429,15,0.2,30,92,1002,6,-1,-1
R,1469,21,0.2,2,94,983,6,-2,0
R,1508,30,0.2,2,99,962,9,2,3
R,1547,11,0.2,7,100,963,4,0,4
R,1587,33,0.2,8,100,976,10,-2,5
R,1629,28,0.3,34,104,988,5,-5,1
R,1668,28,0.3,39,107,1007,4,-4,-2
R,1709,18,0.3,35,104,1000,5,-3,-5
R,1748,9,0.3,15,94,1008,5,-2,-4
R,1788,29,0.3,-2,95,997,5,-1,-2
R,1829,56,0.3,-8,97,991,6,-1,0
R,1869,50,0.3,-11,97,999,3,-2,0
R,1909,9,0.3,-12,92,1003,3,-3,0
R,1949,22,0.3,3,99,998,4,-5,1
R,1989,28,0.3,17,106,989,6,-3,1
R,2028,10,0.4,34,102,1004,7,-2,0
R,2068,9,0.4,37,105,992,6,-2,0
R,2109,10,0.4,23,94,997,6,-1,-1
R,2148,9,0.4,-1,93,1005,5,-1,-4
R,2189,8,0.4,2,89,1019,7,-1,-3
R,2228,12,0.4,-12,93,1001,7,-4,-1
R,2281,10,0.4,0,98,992,7,-3,0
R,2309,12,0.4,-2,98,1005,4,-3,1
R,2349,5,0.4,7,106,996,6,-5,2
R,2389,15,0.4,10,104,1004,5,-5,1
R,2428,14,0.4,25,103,1011,4,-4,0
R,2469,9,0.4,23,95,1007,1,-3,0
R,2509,9,0.4,15,96,997,3,-2,0
R,2549,21,0.4,7,85,1016,2,0,0
R,2589,21,0.4,4,88,1018,10,0,0
R,2629,6,0.4,16,83,980,7,0,0
R,2669,13,0.4,-6,94,1002,9,-2,2
R,2709,23,0.4,8,103,1002,14,-4,3
R,2749,10,0.4,31,105,1023,6,-2,1
R,2789,9,0.4,30,98,1039,4,-1,-1
R,2828,13,0.4,25,95,1022,4,-3,-4
R,2868,5,0.4,6,95,997,5,-2,-3
R,2909,3,0.4,3,93,986,4,-1,-2
R,2948,5,0.4,-14,86,1005,4,-1,0
R,2989,26,0.5,1,89,1020,2,-1,1
R,3027,15,0.5,0,101,1001,6,-3,0
R,3067,7,0.5,1,97,1014,2,-3,0
R,3108,7,0.5,19,106,989,7,-4,0
R,3149,11,0.5,28,102,990,6,-4,1
R,3188,4,0.5,11,100,1008,7,-2,0
R,3228,8,0.5,15,94,1027,4,0,0
R,3281,9,0.5,15,95,1010,4,-3,-1
R,3308,9,0.5,0,94,1000,2,-3,-1
R,3348,8,0.5,-8,88,1002,3,-1,0
R,3390,6,0.5,0,97,972,7,-2,1
R,3428,15,0.5,-5,94,1010,6,-1,3
R,3469,33,0.5,0,111,958,12,-6,6
R,3509,27,0.5,21,108,998,9,-4,5
R,3548,12,0.5,35,110,1013,6,-1,2
R,3588,20,0.5,34,110,1000,7,-2,-1
R,3628,24,0.5,25,102,1011,7,-4,-4
R,3669,12,0.5,10,96,992,6,-3,-4
R,3709,8,0.5,-3,90,1001,7,-2,-3
R,3749,12,0.5,-14,85,1003,4,-1,-1
R,3789,10,0.6,-15,98,1000,3,-3,1
R,3828,14,0.6,-11,100,997,6,-4,0
R,3869,14,0.6,8,107,1004,5,-6,0
R,3909,11,0.6,14,101,995,4,-7,1
R,3948,26,0.6,34,107,985,0,-8,0
R,3989,21,0.6,26,98,1007,8,-8,-1
R,4030,18,0.6,28,101,1009,7,-6,-5
R,4068,10,0.6,31,102,1016,5,0,-5
R,4109,11,0.6,-3,97,1012,7,0,-4
R,4149,10,0.6,-22,83,999,6,-3,0
R,4189,10,0.6,-21,95,960,8,-5,2
R,4228,14,0.6,-22,93,998,2,-4,1
R,4281,3,0.6,11,98,1019,4,-5,0
R,4309,3,0.6,18,112,1003,8,-8,1
R,4349,23,0.6,34,108,993,5,-5,0
R,4390,21,0.6,20,96,993,2,-1,0
R,4429,13,0.6,34,107,958,8,-1,-1
R,4469,13,0.6,12,95,1009,1,-2,-3
R,4507,27,0.6,10,102,997,8,-3,-3
R,4549,18,0.7,0,95,1001,3,-5,-2
R,4589,5,0.7,-5,91,992,3,-4,0
R,4630,9,0.7,-7,92,1002,6,-3,1
R,4670,25,0.7,9,99,996,6,-3,2
R,4709,31,0.7,19,102,990,3,-4,0
R,4749,12,0.7,18,107,1002,7,-5,-1
R,4789,5,0.7,20,98,1019,5,-4,-2
R,4829,17,0.7,20,102,996,7,-3,-1
R,4869,23,0.7,4,91,996,4,-1,-1
R,4909,22,0.7,8,94,1011,5,0,0
R,4949,8,0.7,4,101,998,5,-2,0
R,4988,21,0.7,3,98,1003,4,-4,0
R,5028,25,0.7,0,92,1011,3,-4,0
R,5069,15,0.7,9,99,996,6,-4,0
R,5109,18,0.7,16,101,986,5,-3,1
R,5149,21,0.7,11,101,998,5,-2,0
R,5189,16,0.8,15,95,997,4,-2,0
R,5229,21,0.8,14,96,992,5,-3,-1
R,5282,23,0.8,7,89,1004,4,-3,0
R,5309,31,0.8,8,99,1002,5,-2,-1
R,5349,19,0.8,3,99,996,5,-2,0
R,5390,18,0.8,5,99,1005,5,-2,0
R,5429,27,0.8,0,101,1015,5,-2,0
R,5469,18,0.8,9,98,1000,4,-4,0
R,5507,5,0.8,10,99,996,5,-4,0
R,5549,25,0.8,9,94,998,5,-3,0
R,5589,36,0.8,12,97,998,4,-3,0
R,5629,15,0.8,10,101,999,7,-2,0
R,5669,13,0.8,10,96,1007,6,-2,-1
R,5709,22,0.8,8,92,1009,3,-2,0
R,5749,25,0.9,13,101,986,5,-4,0
R,5789,5,0.9,6,96,1008,5,-2,0
R,5829,16,0.9,3,92,1012,5,-2,0
R,5869,15,0.9,12,95,1005,4,-2,0
R,5909,6,0.9,9,98,1009,4,-3,0
R,5948,5,0.9,14,101,994,5,-2,-1
R,5987,11,0.9,12,98,998,5,-2,0
R,6028,28,0.9,10,96,1005,5,-2,0
R,6068,32,0.9,8,96,1013,4,-1,0
R,6109,23,0.9,11,97,1006,4,-3,0
R,6149,12,0.9,16,97,991,6,-3,0
R,6189,11,0.9,3,94,1000,6,-3,0
R,6229,12,0.9,12,88,1022,4,-1,0
R,6281,9,0.9,11,100,1005,6,-4,0
R,6309,21,0.9,7,93,1022,4,-1,0
R,6348,14,0.9,12,100,989,7,-4,0
R,6389,6,0.9,8,100,992,6,-4,0
R,6429,19,0.9,10,96,1004,5,-1,0
R,6467,30,1.0,15,99,1015,5,-3,0
R,6507,26,1.0,17,99,995,4,-2,0
R,6549,17,1.0,16,97,996,5,-3,0
R,6588,16,1.0,4,94,1005,4,-3,0
R,6629,12,1.0,7,90,1021,2,-1,0
R,6669,31,1.0,5,98,1011,6,-4,0
R,6708,47,1.0,5,94,1013,7,-3,0
R,6749,41,1.0,14,98,999,5,-3,0
R,6789,28,1.0,15,100,993,5,-4,0
R,6828,10,1.0,10,96,996,4,-3,0
R,6870,14,1.0,13,94,1012,5,-3,0
R,6909,24,1.1,10,96,1009,4,-2,0
R,6947,40,1.1,5,97,1012,5,-2,0
R,6988,47,1.1,4,97,1001,4,-2,0
R,7029,42,1.1,8,100,996,4,-2,0
R,7069,25,1.1,4,94,1002,4,-2,0
R,7108,8,1.1,3,91,1016,4,-3,0
R,7149,31,1.1,9,99,1007,5,-3,0
R,7188,32,1.1,10,99,1007,5,-2,0
R,7228,28,1.1,6,94,1007,5,-3,0
R,7282,23,1.2,9,93,1009,6,-2,0
R,7308,18,1.2,16,98,998,5,-2,0
R,7348,11,1.2,12,101,996,6,-3,0
R,7390,6,1.2,12,99,1003,6,-3,0
R,7427,27,1.2,13,90,1004,5,-3,0
R,7467,24,1.2,9,95,1010,4,-1,0
R,7508,20,1.2,5,94,1011,6,-2,0
R,7549,32,1.2,8,97,1006,6,-4,0
R,7589,36,1.2,8,103,990,6,-4,0
R,7629,23,1.2,7,94,1008,4,-1,0
R,7669,9,1.2,11,94,1016,4,-3,0
R,7709,2,1.2,14,95,998,4,-3,0
R,7749,22,1.2,11,91,1014,5,-1,0
R,7789,28,1.3,10,96,1007,4,-3,0
R,7830,18,1.3,13,98,1005,4,-2,0
R,7870,13,1.3,3,98,995,5,-3,0
R,7909,31,1.3,8,92,1018,4,-2,0
R,7948,28,1.3,9,97,996,5,-3,0
R,7988,12,1.3,12,100,1006,7,-3,0
R,8029,28,1.3,2,95,1011,5,-2,0
R,8070,17,1.3,14,97,1006,4,-3,0
R,8108,33,1.3,10,90,1011,6,-2,0
R,8149,58,1.3,16,94,1002,5,-2,0
R,8189,44,1.4,12,98,1000,3,-2,0
R,8228,26,1.4,13,96,1000,3,-3,0
R,8281,30,1.4,4,97,1002,5,-3,0
R,8309,54,1.4,11,95,1014,5,-2,0
R,8349,46,1.4,12,92,1007,5,-1,0
R,8390,21,1.4,5,128,948,-1,-9,1
R,8427,32,1.4,127,90,1044,3,9,4
R,8469,43,1.4,201,6,1474,-6,13,6
R,8509,24,1.5,78,125,671,3,-7,4
R,8549,16,1.5,-8,159,826,13,-10,-4
R,8589,27,1.5,10,89,1028,13,2,0
R,8629,14,1.5,-6,118,969,3,-1,6
R,8670,5,1.5,-6,75,1051,3,-1,3
R,8709,10,1.5,17,81,1061,3,0,0
R,8749,3,1.5,17,106,968,3,-6,-2
R,8789,8,1.5,-3,90,998,-4,-4,-3
R,8829,12,1.5,9,87,1027,0,0,0
R,8869,6,1.5,0,97,984,4,-2,0
R,8908,9,1.5,-2,91,1020,0,0,1
R,8949,6,1.5,6,89,1026,4,-2,0
R,8989,15,1.5,13,110,969,9,-6,0
R,9029,14,1.5,11,99,1016,3,-3,-1
R,9069,7,1.5,17,93,1018,5,-3,0
R,9108,15,1.5,17,101,1000,3,-2,1
R,9149,20,1.5,15,106,978,9,-3,0
R,9189,9,1.5,11,92,1018,5,-2,0
R,9229,14,1.5,9,97,978,6,-5,0
R,9282,13,1.5,7,103,983,6,-5,0
R,9309,11,1.5,5,91,1021,5,-2,0
R,9349,24,1.5,18,96,1018,3,0,0
R,9389,21,1.6,16,107,976,5,-3,0
R,9429,10,1.6,6,101,991,4,-3,0
R,9469,14,1.6,9,92,1014,3,-2,0
R,9509,17,1.6,18,94,1002,4,-4,-1
R,9549,6,1.6,6,88,1025,4,-1,0
R,9588,16,1.6,9,94,1014,5,-1,0
R,9629,14,1.6,5,93,1011,4,-3,0
R,9669,9,1.6,10,101,991,5,-3,0
R,9709,24,1.6,1,99,1004,5,-3,-1
R,9748,11,1.6,15,97,1012,4,-2,0
R,9789,6,1.6,21,101,983,7,-3,0
R,9829,8,1.6,10,98,1005,6,-1,0
R,9869,13,1.6,19,92,1019,3,-1,0
R,9909,12,1.6,6,96,1006,5,-3,0
R,9947,3,1.6,12,94,1011,3,-2,-1
R,9989,18,1.6,14,107,980,6,-4,0
R,10029,18,1.6,14,106,977,6,-4,0
R,10069,12,1.6,5,98,996,6,-3,0
R,10109,16,1.6,4,94,1016,4,-2,0
R,10149,18,1.6,15,95,1012,6,-2,0
R,10188,10,1.7,3,100,985,6,-4,0
R,10228,18,1.7,6,98,994,6,-3,0
R,10281,29,1.7,15,98,1000,5,-3,0
R,10308,19,1.7,7,97,1001,6,-3,0
R,10349,8,1.7,7,92,1027,3,-2,-1
R,10390,13,1.7,17,96,1011,3,-2,0
R,10428,20,1.7,13,96,1009,3,-2,0
R,10469,31,1.7,7,95,1005,3,-3,0
R,10509,21,1.7,14,89,1034,5,-3,-1
R,10549,14,1.7,15,97,1000,7,-2,0
R,10589,30,1.7,21,101,988,5,-4,0
R,10628,14,1.7,13,96,1008,1,-2,0
R,10669,6,1.7,6,105,980,9,-4,0
R,10709,15,1.7,0,96,988,5,-3,0
R,10749,22,1.7,-3,95,1012,5,-2,0
R,10788,13,1.7,13,95,1010,2,-2,0
R,10829,5,1.8,15,104,988,5,-4,0
R,10867,12,1.8,6,99,987,4,-4,0
R,10907,15,1.8,1,96,995,3,-4,0
R,10949,21,1.8,14,89,1025,1,-1,0
R,10989,22,1.8,1,92,1020,4,-3,0
R,11029,15,1.8,14,93,1018,5,-2,0
R,11069,10,1.8,17,103,985,4,-2,0
R,11109,12,1.8,0,97,997,5,-3,0
R,11148,12,1.8,5,95,1003,5,-4,0
R,11189,13,1.8,0,95,1010,4,-3,0
R,11229,12,1.8,14,93,1016,4,-2,0
R,11280,11,1.8,14,102,999,5,-2,0
R,11309,12,1.8,21,100,1000,4,-2,0
R,11347,7,1.8,20,104,986,6,-4,0
R,11389,22,1.8,3,89,1023,7,-2,0
R,11428,19,1.8,15,97,1005,6,-2,0
R,11468,10,1.8,0,99,1009,2,-2,0
R,11508,18,1.8,11,89,1035,4,-1,0
R,11549,19,1.8,15,100,988,2,-2,0
R,11589,7,1.9,6,108,957,9,-6,0
R,11628,18,1.9,8,109,970,8,-6,0
R,11669,20,1.9,9,102,983,4,-2,0
R,11709,9,1.9,0,87,1025,3,-2,-1
R,11748,5,1.9,14,88,1018,4,-2,-1
R,11789,18,1.9,4,90,1010,5,-2,0
R,11828,19,1.9,9,103,999,4,-4,0
R,11869,7,1.9,20,96,1002,2,-1,0
R,11909,13,1.9,2,94,1005,6,-2,0
R,11949,4,1.9,15,95,1007,2,-3,0
R,11988,11,1.9,10,105,964,7,-6,0
R,12028,17,1.9,13,95,1021,4,-1,0
R,12069,6,1.9,9,82,1061,2,0,-1
R,12109,8,1.9,19,87,1052,2,0,0
R,12149,8,1.9,-2,92,1003,6,-2,0
R,12189,6,1.9,3,92,1029,5,-3,0
R,12228,9,1.9,7,91,1021,3,-1,0
R,12281,7,1.9,6,97,1003,5,-3,0
R,12308,5,1.9,-1,92,1016,2,-3,0
R,12349,6,1.9,12,91,1016,4,-3,0
R,12389,5,1.9,9,93,997,4,-4,0
R,12429,4,1.9,15,96,1006,5,-3,0
R,12469,11,1.9,13,103,988,3,-3,0
R,12509,14,1.9,22,96,1009,2,-2,0
R,12549,8,1.9,6,97,993,9,-3,0
R,12589,5,1.9,10,95,1017,5,-2,0
R,12629,8,1.9,7,90,1030,2,-2,0
R,12669,10,1.9,35,112,936,7,-4,1
R,12709,2,1.9,20,100,956,8,-4,0
R,12748,8,1.9,27,104,1003,3,-1,0
R,12789,5,2.0,-54,75,1050,3,0,2
R,12828,9,2.0,-39,58,1140,1,0,-2
R,12868,13,2.0,-7,80,1046,5,-2,0
R,12909,5,2.0,-13,98,997,8,-4,0
R,12949,5,2.0,-6,89,1030,6,-2,0
R,12989,7,2.0,15,93,1021,2,-2,0
R,13028,1,2.0,9,101,985,5,-3,0
R,13069,5,2.0,13,90,1024,3,-3,0
R,13109,6,2.0,2,89,1034,3,0,0
R,13148,5,2.0,8,90,1025,5,-4,0
R,13189,3,2.0,26,93,1010,6,0,0
R,13228,5,2.0,50,97,1011,2,0,0
R,13281,5,2.0,17,134,871,11,-11,1
R,13307,3,2.0,-17,125,914,11,-10,0
R,13349,11,2.0,14,88,1022,2,0,0
R,13392,14,2.0,-9,106,967,6,-5,0
R,13429,3,2.0,40,129,881,9,-9,2
R,13469,5,2.0,21,111,955,9,-6,0
R,13509,15,2.0,8,99,997,3,-4,0
R,13550,18,2.0,-5,88,1033,5,-3,0
R,13589,14,2.0,3,93,1032,2,0,0
R,13628,9,2.0,28,98,987,5,-2,0
R,13669,12,2.0,9,90,1015,8,-3,0
R,13709,14,2.0,-3,92,1001,4,-5,-1
R,13749,10,2.0,-4,77,1070,7,0,-1
R,13789,8,2.0,19,76,1113,0,2,0
R,13828,5,2.0,3,119,931,7,-7,-1
R,13868,3,2.0,74,118,921,7,-2,-1
R,13909,5,2.0,34,131,863,8,-8,1
R,13949,1,2.0,-12,93,1025,6,-2,0
R,13989,8,2.0,11,87,1025,5,-2,0
R,14029,12,2.0,14,102,989,4,-2,0
R,14069,3,2.0,17,105,962,5,-5,0
R,14109,3,2.0,-7,97,994,6,-4,0
R,14149,9,2.0,-4,92,1019,5,-3,0
R,14189,6,2.0,23,95,1023,4,-1,1
R,14229,5,2.0,35,97,1018,9,-5,0
R,14280,7,2.1,9,118,908,8,-9,0
R,14308,2,2.1,-69,77,1040,7,-7,-2
R,14347,11,2.1,-79,44,1165,0,0,-4
R,14389,16,2.1,10,93,1009,4,-1,0
R,14429,8,2.1,-7,105,977,8,-5,0
R,14469,3,2.1,-5,92,1027,4,-2,0
R,14509,5,2.1,11,89,1053,5,-1,0
R,14549,7,2.1,8,99,990,5,-3,0
R,14589,4,2.1,41,101,1009,1,-1,0
R,14628,13,2.1,30,110,980,3,-2,0
R,14669,15,2.1,32,133,871,8,-8,2
R,14709,6,2.1,-21,111,964,8,-8,1
R,14749,8,2.1,-10,89,1022,4,-2,-1
R,14788,2,2.1,5,99,982,5,-4,-1
R,14828,3,2.1,12,112,947,5,-4,1
R,14868,11,2.1,14,118,934,9,-7,1
R,14909,14,2.1,-5,104,983,7,-5,0
R,14948,14,2.1,6,94,1014,4,-3,0
R,14989,7,2.1,5,89,1013,5,-2,0
R,15029,10,2.1,20,94,1011,4,-1,0
R,15069,18,2.1,40,102,1004,1,-1,1
R,15108,12,2.1,25,134,878,9,-7,1
R,15149,15,2.1,-21,108,955,8,-7,0
R,15189,25,2.1,0,78,1025,3,-1,-2
R,15228,11,2.1,-7,118,938,6,-8,0
R,15279,17,2.1,-15,118,937,9,-8,0
R,15307,20,2.1,3,102,942,7,-6,0
R,15348,6,2.2,12,103,991,4,-4,0
R,15389,6,2.2,20,101,1003,5,-3,0
R,15429,19,2.2,-5,103,966,6,-6,0
R,15469,13,2.2,-23,80,1050,5,-4,-1
R,15509,20,2.2,13,68,1099,2,1,0
R,15549,23,2.2,29,105,966,4,-3,0
R,15588,15,2.2,-9,96,1011,6,-2,0
R,15629,14,2.2,5,85,1061,1,-1,0
R,15669,3,2.2,-8,100,1020,9,-3,0
R,15709,6,2.2,-13,129,880,11,-12,0
R,15748,13,2.2,-72,78,1069,5,-5,-2
R,15788,3,2.2,-4,54,1160,-1,7,-2
R,15828,9,2.2,81,106,980,4,0,0
R,15869,6,2.2,67,124,966,5,-1,2
R,15909,4,2.2,43,110,976,2,0,0
R,15949,6,2.2,24,78,1060,0,0,-1
R,15989,12,2.2,23,75,1094,0,1,-1
R,16029,13,2.2,-18,108,989,3,-3,-1
R,16069,4,2.2,30,93,1022,2,0,0
R,16109,5,2.2,23,100,984,6,-3,0
R,16149,7,2.2,13,96,1025,4,-2,0
R,16189,5,2.2,-12,67,1085,3,0,-1
R,16229,8,2.2,-5,82,1067,2,-2,-1
R,16279,8,2.2,31,106,975,5,-2,0
R,16307,8,2.2,4,105,991,5,-3,0
R,16349,3,2.2,27,110,989,4,-1,0
R,16390,7,2.2,0,116,1059,4,-6,0
R,16428,8,2.2,25,95,1021,3,0,0
R,16469,6,2.2,-18,96,1022,5,-5,0
R,16509,5,2.2,0,94,1013,5,-5,0
R,16549,10,2.3,19,104,971,4,-5,0
R,16589,3,2.3,8,105,1019,2,-1,0
R,16629,10,2.3,42,114,976,4,-2,0
R,16669,11,2.3,18,122,914,9,-7,0
R,16709,5,2.3,15,83,1033,3,-1,0
R,16749,6,2.3,-19,64,937,1,-1,-2
R,16787,7,2.3,29,94,1021,5,0,0
R,16829,15,2.3,-6,95,1009,6,-3,0
R,16869,12,2.3,-1,118,938,7,-8,0
R,16908,8,2.3,28,111,955,6,-7,0
R,16950,3,2.3,21,99,1001,3,-2,-1
R,16989,2,2.3,16,94,1023,3,0,0
R,17028,9,2.3,15,105,974,6,-3,0
R,17069,6,2.3,-31,97,986,7,-8,0
R,17109,13,2.3,-10,94,994,4,-4,0
R,17149,17,2.3,22,82,1018,6,-1,0
R,17189,14,2.3,-28,74,1083,0,-1,-2
R,17227,13,2.3,-13,78,1055,3,-1,-1
R,17279,10,2.3,15,89,1040,7,0,0
R,17309,12,2.3,8,76,1087,2,0,0
R,17349,10,2.3,0,98,1000,4,-2,0
R,17390,3,2.3,-12,116,956,11,-5,0
R,17429,4,2.3,13,89,1015,5,-2,0
R,17469,6,2.3,13,96,991,4,-2,0
R,17509,14,2.3,3,104,986,11,-4,0
R,17549,13,2.3,14,103,1000,4,-4,0
R,17589,13,2.3,20,108,962,4,-2,0
R,17629,18,2.3,7,103,996,3,-3,0
R,17669,12,2.3,7,102,992,6,-4,0
R,17709,13,2.4,-5,94,1005,6,-5,-2
R,17749,13,2.4,11,88,1020,3,-2,0
R,17788,10,2.4,7,95,1006,6,-2,0
R,17829,17,2.4,4,104,989,4,-4,0
R,17869,12,2.4,33,96,1020,2,0,1
R,17909,16,2.4,17,113,953,6,-5,0
R,17949,12,2.4,27,105,996,5,-4,0
R,17988,6,2.4,-7,97,1004,5,-3,0
R,18029,14,2.4,0,90,1017,5,-3,-1
R,18069,13,2.4,2,98,1007,4,-4,0
R,18108,4,2.4,19,94,995,5,-2,0
R,18149,19,2.4,2,110,956,7,-4,0
R,18189,18,2.4,-28,97,1003,6,-5,-1
R,18227,15,2.4,59,114,943,2,-3,-1
R,18279,6,2.4,10,92,1042,5,-2,0
R,18308,6,2.4,24,88,1042,3,0,0
R,18349,10,2.4,0,87,1018,3,-3,0
R,18389,15,2.4,-20,88,1047,2,-3,-1
R,18429,5,2.4,0,82,1062,5,-1,0
R,18469,4,2.4,12,99,979,8,-4,-1
R,18509,10,2.4,-11,94,995,4,-5,0
R,18549,6,2.4,-5,102,1010,4,-4,0
R,18589,8,2.4,0,106,983,4,-6,0
R,18629,2,2.4,22,92,1034,4,0,0
R,18669,14,2.4,15,89,1020,5,-1,0
R,18707,12,2.5,10,99,1001,4,-2,0
R,18747,4,2.5,25,114,972,7,-3,1
R,18789,8,2.5,-9,94,975,8,-6,-1
R,18829,10,2.5,24,85,1041,2,0,0
R,18869,5,2.5,24,90,1016,4,-1,0
R,18909,6,2.5,0,101,985,3,-5,0
R,18948,17,2.5,14,104,955,6,-7,0
R,18989,4,2.5,10,93,1034,2,0,0
R,19029,9,2.5,17,89,1020,5,-1,-1
R,19069,6,2.5,7,90,1037,5,0,0
R,19109,8,2.5,29,99,1007,5,-3,0
R,19149,9,2.5,0,88,1017,6,-4,-1
R,19187,9,2.5,14,70,1109,1,2,0
R,19227,1,2.5,26,85,1038,2,0,-1
R,19280,4,2.5,14,91,973,4,-2,0
R,19309,8,2.5,9,92,1037,4,-1,0
R,19349,12,2.5,19,108,959,8,-4,0
R,19391,5,2.5,16,116,948,5,-5,0
R,19429,7,2.5,-1,96,1012,6,-4,-1
R,19469,5,2.5,6,91,1018,4,0,0
R,19509,8,2.5,22,112,935,5,-5,0
R,19549,4,2.5,3,97,1017,4,-3,0
R,19589,5,2.5,-1,93,1009,7,-3,0
R,19629,6,2.5,12,96,995,4,-1,0
R,19668,5,2.5,3,93,1049,2,-1,0
R,19708,3,2.5,23,102,972,8,-4,0
R,19748,11,2.5,21,91,1025,4,-1,0
R,19789,7,2.5,29,99,982,5,-1,0
R,19829,12,2.5,13,92,1019,2,0,1
R,19869,2,2.5,9,98,993,5,-5,0
R,19909,9,2.5,21,90,1010,7,-3,-1
R,19949,15,2.5,17,89,1018,3,-1,0
R,19989,10,2.5,7,89,1013,2,0,0
[dump] FIN RUN #3 t60=0 t330=0 t660=0 t1320=0
[dump] RUN #4 heure=15:14:52 src=TRANSBRAKE rollout_ms=0 statut=ABANDON
[dump] colonnes: R,elapsed_ms,kmh_x100,dist_ft,ax_mg,ay_mg,az_mg,gx_ds10,gy_ds10,gz_ds10
R,29,522,0.1,-128,139,1212,4,-19,0
R,68,518,0.3,52,103,973,13,3,-1
R,109,512,0.5,-78,192,889,61,-19,-15
R,151,507,0.7,-77,221,738,20,-14,8
R,188,516,0.9,-198,227,854,-7,-31,-18
R,229,531,1.1,-34,211,892,-3,-5,-3
R,268,519,1.3,170,113,889,30,-5,-2
R,308,494,1.5,-3,95,1143,-2,0,-6
R,351,470,1.6,-90,127,1002,-14,7,-3
R,389,453,1.8,-73,223,818,23,6,2
R,428,449,2.0,-13,157,1003,-5,-11,-4
R,469,426,2.1,-191,248,891,20,-28,-11
R,509,408,2.3,107,147,881,22,-5,-2
R,551,402,2.4,-50,291,899,-4,-15,-1
R,590,400,2.6,37,139,992,8,4,1
R,628,392,2.7,39,190,1020,-5,3,-5
R,668,387,2.9,-13,226,831,12,-15,1
R,721,391,3.0,-20,286,841,35,-22,1
R,748,368,3.1,24,164,738,-6,14,-6
R,789,351,3.3,141,188,734,-3,-8,3
R,831,345,3.4,52,142,924,0,7,7
R,869,334,3.5,23,118,1015,3,-8,-4
R,909,315,3.6,20,141,935,16,-1,-1
R,949,297,3.7,-35,221,882,20,-8,0
R,989,293,3.9,-56,313,946,0,-26,4
R,1029,264,4.0,100,21,1176,-23,3,-7
R,1069,256,4.1,39,109,829,8,6,5
R,1109,255,4.1,-63,159,1021,0,2,1
R,1150,255,4.2,161,91,1007,9,5,-4
R,1188,245,4.3,28,175,952,-9,-1,3
R,1228,228,4.4,116,95,1205,-8,26,3
R,1268,227,4.5,-156,265,853,49,-49,-21
R,1309,227,4.6,132,162,1091,-24,9,8
R,1350,218,4.7,-60,139,981,27,-16,-13
R,1389,201,4.7,-25,183,874,23,-8,3
R,1429,179,4.8,27,180,870,5,-11,-3
R,1469,158,4.9,84,-2,1193,-3,5,-3
R,1509,164,4.9,9,100,1126,-9,0,-1
R,1549,167,5.0,102,110,1015,17,-7,-6
R,1589,161,5.0,39,111,949,-4,-17,-3
R,1629,148,5.1,141,92,955,33,-1,-4
R,1668,132,5.2,-28,69,1064,-25,1,-1
R,1720,123,5.2,48,92,1196,-17,1,0
R,1748,113,5.2,-41,164,976,-5,-12,-3
R,1788,110,5.3,-263,133,868,40,-28,-8
R,1830,113,5.3,1,190,800,-1,-5,-2
R,1868,94,5.4,81,149,932,0,-8,2
R,1908,80,5.4,-5,122,1074,1,12,4
R,1948,73,5.4,-62,129,1082,14,-25,-13
R,1989,73,5.5,-26,151,907,-3,-7,4
R,2028,70,5.5,-72,140,1048,35,-22,-9
R,2068,66,5.5,8,99,949,-13,18,3
R,2109,62,5.5,101,14,1436,-20,25,-12
R,2151,54,5.5,-176,113,857,-9,6,5
R,2188,37,5.6,-18,122,967,5,-3,-1
R,2228,22,5.6,38,89,1142,2,0,-1
R,2268,15,5.6,-86,402,959,42,-29,-2
R,2308,11,5.6,369,76,959,75,32,29
R,2348,11,5.6,314,10,1207,-54,-11,-5
R,2389,16,5.6,57,163,1021,16,47,16
R,2428,16,5.6,-120,-21,1198,-55,-29,-14
R,2469,33,5.6,68,27,1134,28,-3,-4
R,2509,36,5.6,112,61,1020,7,7,-1
R,2548,36,5.6,9,97,901,2,-8,3
R,2588,41,5.6,-122,33,1036,0,-21,-11
R,2628,53,5.7,81,-12,976,24,-4,-4
R,2668,56,5.7,37,131,907,42,-20,-1
R,2719,50,5.7,23,61,976,25,-18,-3
R,2748,44,5.7,38,74,920,-11,4,5
R,2788,46,5.7,95,43,944,-5,10,-1
R,2829,56,5.8,119,-19,1071,-18,9,5
R,2868,64,5.8,206,27,857,-20,16,3
R,2908,68,5.8,-52,50,934,31,-18,-3
R,2948,73,5.8,104,40,1067,29,6,2
R,2989,70,5.9,1,-12,1129,-32,2,-4
R,3028,77,5.9,39,69,1021,28,-7,4
R,3068,74,5.9,22,91,1037,-17,4,0
R,3108,76,5.9,26,45,1059,7,-11,0
R,3148,69,6.0,9,55,1024,7,-15,-5
R,3188,66,6.0,29,133,866,-19,-15,-1
R,3229,80,6.0,-3,132,959,2,-12,-1
R,3268,89,6.0,43,96,938,15,-7,1
R,3308,93,6.1,98,-21,1149,-20,16,0
R,3348,101,6.1,-26,16,1092,3,7,-4
R,3389,114,6.2,-32,155,870,23,-5,5
R,3428,112,6.2,-38,175,727,20,-28,-5
R,3468,96,6.2,-17,128,945,-18,-23,3
R,3510,91,6.3,-74,12,1228,6,1,-3
R,3550,84,6.3,45,123,976,8,-5,4
R,3588,80,6.3,171,83,979,-17,10,10
R,3629,81,6.4,-18,124,898,18,-19,-1
R,3668,87,6.4,-214,266,763,-7,-33,-7
R,3721,108,6.4,2,144,773,36,-26,0
R,3748,112,6.5,132,64,1225,11,14,1
R,3789,112,6.5,96,80,985,-21,3,5
R,3830,118,6.5,46,55,1046,-11,-9,-4
R,3868,116,6.6,-79,163,716,51,-11,2
R,3908,123,6.6,206,41,1153,-19,9,7
R,3949,127,6.7,-185,169,716,1,-10,-7
R,3989,131,6.7,97,66,997,2,10,9
R,4028,131,6.8,62,63,1161,-2,1,-2
R,4068,118,6.8,-23,131,769,5,-18,2
R,4108,114,6.9,-138,80,957,-6,-23,-12
R,4148,109,6.9,-28,18,1146,19,0,-2
R,4188,112,6.9,87,121,888,-1,-2,2
R,4229,130,7.0,75,162,846,26,-20,1
R,4268,143,7.0,-53,116,907,21,-1,8
R,4308,139,7.1,-81,215,692,36,6,4
R,4348,133,7.1,-11,81,960,6,-14,-1
R,4389,143,7.2,52,125,879,32,-3,6
R,4429,140,7.2,12,79,1050,6,-6,3
R,4469,131,7.3,51,1,1167,7,4,0
R,4510,117,7.3,32,28,1097,9,-1,-2
R,4551,114,7.4,125,29,973,6,-5,-1
R,4590,121,7.4,-59,217,802,5,-37,-13
R,4628,135,7.5,6,136,955,6,-15,-5
R,4669,158,7.5,188,11,1170,-14,22,6
R,4721,173,7.6,120,0,1081,-18,5,-3
R,4749,174,7.6,-80,142,816,5,-8,1
R,4789,167,7.7,123,70,960,-23,0,0
R,4830,151,7.8,170,44,1159,5,6,3
R,4869,141,7.8,-59,73,1070,-14,8,-1
R,4909,139,7.9,58,80,1074,12,-8,-5
R,4949,148,7.9,52,0,1138,-6,-7,-12
R,4990,159,8.0,-23,50,1006,17,-16,-14
R,5029,177,8.0,43,62,1068,33,-8,-12
R,5069,176,8.1,-119,135,914,29,-10,-10
R,5108,170,8.2,23,58,1073,12,-10,-13
R,5148,160,8.2,-175,110,820,16,-21,-11
R,5189,146,8.3,-129,126,912,17,-5,-8
R,5229,149,8.3,177,91,881,-6,-1,-11
R,5269,153,8.4,76,85,1150,0,-6,-2
R,5309,162,8.4,57,30,1084,30,0,-10
R,5351,165,8.5,159,-24,1220,12,14,-4
R,5389,165,8.6,106,107,1060,19,-12,-6
R,5429,167,8.6,-9,-7,1295,16,4,-7
R,5468,174,8.7,-59,141,961,12,-23,-9
R,5510,174,8.8,-14,160,822,0,-20,-8
R,5551,174,8.8,27,-20,1225,-4,9,-3
R,5588,170,8.9,165,-8,1052,31,14,-2
R,5628,182,8.9,-126,84,891,-10,-28,-16
R,5670,180,9.0,45,52,982,4,-4,-5
R,5721,175,9.1,-11,67,1105,1,2,-2
R,5749,169,9.1,31,79,938,22,-4,-3
R,5789,176,9.2,-51,11,1004,15,-19,-15
R,5831,192,9.3,31,67,961,11,-2,5
R,5869,207,9.3,226,-22,1195,14,12,2
R,5910,202,9.4,31,8,1051,9,0,-3
R,5950,198,9.5,-220,118,866,2,-9,-1
R,5989,188,9.6,72,84,949,1,3,5
R,6028,187,9.6,119,32,1215,-19,17,5
R,6069,207,9.7,-141,57,1002,5,-6,-6
R,6109,217,9.8,93,-8,1213,-7,-15,-2
R,6149,215,9.8,-32,60,1004,10,4,-1
R,6189,202,9.9,-44,111,951,0,-6,-4
R,6230,190,10.0,-68,11,1200,15,-3,-11
R,6269,189,10.1,-88,181,802,22,-34,-5
R,6309,199,10.1,-63,169,791,37,-14,0
R,6350,210,10.2,71,2,1279,-28,17,2
R,6389,223,10.3,28,-1,1127,21,4,1
R,6429,239,10.4,10,77,1026,12,4,4
R,6469,244,10.5,23,9,962,-13,-11,-5
R,6510,227,10.6,8,44,1243,-4,19,4
R,6549,205,10.6,-38,73,1137,23,-11,-7
R,6588,205,10.7,5,101,745,7,-6,9
R,6628,228,10.8,69,-7,1157,-9,10,4
R,6668,250,10.9,55,-59,1077,-15,10,-4
R,6722,252,11.0,174,2,1129,-9,19,11
R,6751,244,11.1,-21,138,845,19,-28,-5
R,6788,223,11.1,98,142,780,1,-3,0
R,6830,210,11.2,92,116,1186,16,-11,0
R,6869,212,11.3,-23,136,895,4,-6,-1
R,6909,230,11.4,9,132,846,31,-23,-5
R,6948,246,11.5,29,61,1042,15,2,-5
R,6989,246,11.5,51,141,884,-15,-1,2
R,7029,241,11.6,65,21,1111,-17,11,7
R,7069,232,11.7,0,-57,1158,-20,8,-9
R,7109,234,11.8,8,23,1055,18,-4,-1
R,7148,240,11.9,64,16,1118,17,11,2
R,7188,258,12.0,-58,177,802,19,-29,-13
R,7229,262,12.1,11,104,931,11,-12,-5
R,7269,267,12.2,197,81,1059,12,6,2
R,7309,271,12.3,-6,44,1120,1,3,2
R,7350,261,12.4,85,39,989,23,-7,-10
R,7389,249,12.5,-101,92,873,0,-14,-4
R,7429,242,12.6,110,71,825,17,-15,-1
R,7469,240,12.6,-54,88,835,-9,-20,-1
R,7509,240,12.7,-32,60,1016,-2,1,-2
R,7548,233,12.8,-5,-6,790,28,3,-5
R,7588,239,12.9,83,72,896,-16,6,2
R,7629,265,13.0,233,107,1085,-13,35,16
R,7669,290,13.1,56,-31,1260,3,10,0
R,7720,283,13.2,-35,-17,1272,-27,-5,-9
R,7751,254,13.3,-12,27,1050,-11,-21,-5
R,7789,228,13.4,-15,78,956,21,-1,2
R,7831,229,13.5,184,-82,1155,21,1,-6
R,7868,246,13.6,29,89,958,-2,-4,0
R,7909,290,13.7,-119,127,832,42,-29,-20
R,7951,299,13.8,-86,125,771,0,-22,-1
R,7989,277,13.9,-124,127,1013,26,-25,-17
R,8028,265,14.0,1,121,838,17,-9,-1
R,8068,257,14.1,-2,1,1090,18,-5,-6
R,8109,269,14.2,4,162,874,9,-11,0
R,8151,271,14.3,182,16,1174,23,0,-1
R,8188,264,14.4,-45,56,1063,9,-1,0
R,8229,271,14.5,-46,148,776,17,-16,-2
R,8269,284,14.6,137,-28,1100,0,30,3
R,8309,288,14.7,148,101,1025,4,2,-1
R,8351,279,14.8,-213,211,884,3,-41,-11
R,8389,283,14.9,13,59,913,-11,0,1
R,8429,278,15.0,-35,72,1007,7,-7,-9
R,8469,264,15.1,-117,52,942,3,-8,-5
R,8509,261,15.2,-54,93,793,21,-10,0
R,8548,264,15.3,126,107,999,16,22,12
R,8589,269,15.4,3,-24,1089,-29,0,2
R,8629,264,15.4,-139,58,896,18,-25,-17
R,8669,248,15.5,-83,47,874,2,-11,-4
R,8721,245,15.7,-56,26,1106,16,-15,-11
R,8749,252,15.7,-61,85,1012,-12,-15,-4
R,8788,259,15.8,-24,81,936,8,-11,-2
R,8830,249,15.9,-120,125,817,42,-27,-5
R,8869,232,16.0,-143,77,946,27,-3,0
R,8908,226,16.1,93,86,910,-1,-5,0
R,8950,214,16.2,0,-3,976,-21,0,-1
R,8989,206,16.2,48,-20,1062,32,2,-1
R,9028,198,16.3,84,45,981,42,-15,-5
R,9069,191,16.4,-51,56,994,42,-21,-4
R,9110,187,16.5,-21,39,1042,18,-8,-6
R,9149,183,16.5,79,2,1125,39,-8,-6
R,9190,183,16.6,-205,34,995,30,-40,-26
R,9230,171,16.7,-98,70,878,-1,-22,-2
R,9269,161,16.7,-19,83,822,24,-2,0
R,9310,168,16.8,64,-11,1080,-4,13,2
R,9351,179,16.8,-1,6,1017,12,-20,-8
R,9390,177,16.9,-43,2,1014,12,5,0
R,9430,176,17.0,196,63,972,0,25,13
R,9469,162,17.0,98,-58,1357,-22,16,2
R,9509,136,17.1,58,-46,1024,6,23,0
R,9550,109,17.1,143,-13,1025,-1,-7,-3
R,9590,102,17.2,-2,-60,1111,-1,2,0
R,9628,100,17.2,2,81,978,-4,0,3
R,9669,114,17.2,131,-20,1287,-1,10,2
R,9721,138,17.3,-13,174,831,25,-28,-9
R,9748,144,17.3,146,8,1154,0,11,3
R,9789,136,17.4,23,-2,1160,-1,-9,-6
R,9830,138,17.4,-97,105,853,30,-20,-2
R,9868,135,17.5,145,142,799,32,-3,-2
R,9908,139,17.5,-27,99,1028,-13,-14,0
R,9949,145,17.6,79,34,1109,14,0,0
R,9989,141,17.6,-99,28,1166,11,25,5
R,10029,136,17.7,6,54,1077,-1,0,0
R,10069,124,17.7,-99,126,895,4,-7,-2
R,10109,110,17.8,-63,138,889,8,-3,4
R,10151,109,17.8,-86,74,1004,-19,-9,-5
R,10190,127,17.9,-73,10,1089,-1,2,-2
R,10229,134,17.9,-150,154,869,27,-21,-9
R,10268,142,18.0,22,72,972,25,-9,-4
R,10308,137,18.0,-49,151,849,5,-20,-1
R,10351,132,18.1,-76,141,825,16,-5,2
R,10390,127,18.1,109,52,1069,-16,19,5
R,10428,125,18.2,-81,67,868,15,-11,-9
R,10468,123,18.2,17,89,862,6,-9,2
R,10508,144,18.2,26,11,1131,-37,20,6
R,10548,156,18.3,-32,41,1076,-10,2,-4
R,10589,162,18.4,98,77,996,17,-1,3
R,10628,156,18.4,-46,114,968,30,4,1
R,10668,152,18.5,-1,46,1109,-22,19,6
R,10721,140,18.5,280,42,1076,17,11,4
R,10749,146,18.6,-15,113,942,12,-15,0
R,10788,150,18.6,-28,-5,1203,8,8,-4
R,10830,166,18.7,82,29,1063,-2,-3,-2
R,10868,175,18.8,31,47,1022,-11,-3,-4
R,10908,168,18.8,-24,6,1056,-27,10,0
R,10948,165,18.9,-1,-26,1127,-6,23,0
R,10988,154,18.9,17,95,1013,17,-9,-4
R,11028,162,19.0,48,110,844,0,-4,5
R,11068,161,19.0,149,-11,1118,-7,16,-2
R,11109,162,19.1,37,-10,1185,6,11,-1
R,11148,174,19.2,99,123,748,-7,0,5
R,11188,184,19.2,85,-23,1240,-10,9,4
R,11229,180,19.3,9,56,1045,5,-6,-3
R,11268,169,19.4,33,30,1080,24,4,0
R,11308,165,19.4,-41,134,861,9,-23,-9
R,11351,159,19.5,296,14,1170,-6,29,13
R,11389,158,19.5,26,19,1198,26,4,2
R,11428,172,19.6,-134,106,1043,14,-16,-8
R,11468,185,19.7,70,78,914,-11,-17,0
R,11509,170,19.7,-25,78,1165,18,0,0
R,11551,171,19.8,-98,110,923,-13,-24,-5
R,11589,176,19.9,-32,43,1014,2,-3,0
R,11629,178,19.9,26,39,956,15,7,7
R,11668,184,20.0,70,46,1061,-7,6,1
R,11721,186,20.1,31,60,984,19,10,11
R,11748,172,20.1,27,11,1071,32,-3,-5
R,11788,156,20.2,-74,56,1006,26,-13,-7
R,11830,131,20.2,-1,9,962,-4,-13,-2
R,11869,125,20.3,48,-64,1163,-19,15,3
R,11908,122,20.3,33,47,1004,-15,-3,-1
R,11948,128,20.4,0,70,890,43,-25,-5
R,11988,138,20.4,132,43,932,14,2,6
R,12028,139,20.5,-2,32,993,19,-4,1
R,12068,141,20.5,-40,83,960,35,-4,1
R,12109,147,20.6,-57,3,1068,-14,-10,-4
R,12148,141,20.6,0,64,923,20,-9,3
R,12188,125,20.7,63,5,1219,4,17,12
R,12229,114,20.7,14,100,801,10,-27,1
R,12269,94,20.8,197,-75,1227,24,13,6
R,12309,80,20.8,-15,-100,1257,-5,7,-5
R,12349,69,20.8,-117,60,935,-10,-5,-2
R,12390,67,20.8,-18,-28,1174,8,-8,1
R,12429,63,20.9,103,-71,1120,11,9,-5
R,12468,59,20.9,-99,3,919,-20,-20,-10
R,12509,59,20.9,182,74,1025,19,-3,9
R,12551,58,20.9,-29,24,853,-28,22,2
R,12589,50,20.9,41,2,1078,6,8,0
R,12628,45,21.0,67,92,928,9,-5,0
R,12668,45,21.0,118,72,927,-15,6,10
R,12720,49,21.0,-93,40,1108,-7,23,0
R,12748,58,21.0,1,124,813,25,-13,-2
R,12788,62,21.0,-107,154,743,12,-12,-1
R,12830,53,21.1,-159,179,773,-3,-41,-8
R,12869,55,21.1,-44,92,1074,-14,3,14
R,12909,68,21.1,-16,184,744,40,-25,-14
R,12948,68,21.1,10,33,1216,-12,-2,-3
R,12988,62,21.2,-64,68,985,-11,8,0
R,13028,63,21.2,-78,39,1068,-10,-6,-7
R,13068,63,21.2,-12,178,813,26,-22,-1
R,13109,64,21.2,54,140,931,12,-2,7
R,13149,56,21.2,-140,135,847,15,-9,-1
R,13188,66,21.3,126,78,1063,12,14,9
R,13229,82,21.3,76,85,1036,-10,-7,1
R,13268,84,21.3,-130,88,1089,24,-3,0
R,13308,70,21.3,-94,69,971,-6,-17,-4
R,13349,72,21.4,-24,183,871,8,-22,2
R,13388,88,21.4,28,89,975,-17,9,4
R,13428,103,21.4,-155,112,996,6,3,0
R,13468,109,21.5,8,15,1115,14,-5,-4
R,13508,98,21.5,5,7,1098,6,-10,-2
R,13551,88,21.6,94,42,1070,39,-10,-6
R,13589,73,21.6,122,21,1064,-15,-3,4
R,13628,63,21.6,4,7,881,29,-14,-6
R,13669,71,21.6,4,49,1234,-3,22,12
R,13720,84,21.7,-28,56,1179,17,18,2
R,13749,104,21.7,-126,125,767,20,-18,-4
R,13789,114,21.7,25,140,847,-13,-10,5
R,13831,105,21.8,-129,104,1139,-24,-5,-8
R,13869,101,21.8,-30,58,1037,24,-12,-1
R,13908,108,21.8,-79,136,930,20,-8,-2
R,13948,109,21.9,-51,191,829,17,-32,-11
R,13989,100,21.9,-40,143,1265,8,-18,7
R,14028,92,22.0,-124,189,833,40,-37,-9
R,14069,85,22.0,0,122,859,-5,-13,2
R,14109,91,22.0,179,20,1080,1,12,7
R,14149,110,22.1,49,28,1128,0,1,3
R,14189,115,22.1,129,15,943,14,4,1
R,14228,116,22.1,-47,94,800,-10,-10,-1
R,14269,116,22.2,-98,97,1070,-13,-8,-4
R,14308,109,22.2,-92,88,1059,-32,5,0
R,14348,104,22.3,43,7,1146,0,2,-2
R,14389,108,22.3,112,88,1096,-9,8,8
R,14428,105,22.3,42,0,1152,-22,1,-2
R,14468,117,22.4,-195,151,861,11,-35,-12
R,14509,130,22.4,-36,109,818,16,-14,5
R,14548,131,22.5,-28,17,1162,-29,1,-6
R,14588,115,22.5,37,10,1088,9,-6,-1
R,14629,112,22.6,181,61,968,26,5,-2
R,14668,125,22.6,43,137,904,0,-13,0
R,14721,127,22.7,232,79,868,-13,20,13
R,14748,118,22.7,-82,16,910,-9,9,11
R,14789,121,22.7,25,-82,1223,-13,7,-3
R,14830,120,22.8,-42,73,761,8,-20,0
R,14868,104,22.8,-61,57,918,1,0,1
R,14909,94,22.9,-93,55,1093,33,-11,-8
R,14948,91,22.9,-60,120,878,12,-22,0
R,14989,105,22.9,143,119,1029,15,8,8
R,15029,111,23.0,-20,-22,1239,-6,0,-1
R,15069,117,23.0,-33,147,744,28,-18,-4
R,15110,107,23.1,-95,38,1135,3,-10,-5
R,15149,104,23.1,-29,50,1087,-1,-7,1
R,15189,103,23.1,-43,84,1081,21,8,6
R,15229,103,23.2,-29,78,1065,14,-14,-2
R,15269,94,23.2,-26,82,1052,-8,12,8
R,15309,91,23.2,-46,101,1040,23,-27,-3
R,15349,93,23.3,-101,111,842,-3,-4,4
R,15389,99,23.3,61,56,1041,-7,0,2
R,15428,97,23.3,-15,37,908,-15,14,5
R,15469,92,23.4,101,99,995,23,-6,2
R,15509,97,23.4,-167,113,988,-10,-15,-2
R,15550,99,23.4,-45,62,1123,20,-12,-8
R,15589,106,23.5,31,17,968,-6,-3,-2
R,15628,113,23.5,-113,132,858,43,-27,-7
R,15668,113,23.6,36,84,966,-7,-9,5
R,15721,103,23.6,-45,62,854,1,-19,-4
R,15752,103,23.6,17,9,1092,-7,8,6
R,15789,110,23.7,-44,134,815,20,-18,2
R,15830,109,23.7,-50,138,801,15,-7,-2
R,15869,106,23.8,-4,82,919,-26,-1,1
R,15909,106,23.8,41,28,1037,24,-11,-9
R,15948,105,23.8,-81,61,820,21,-32,-9
R,15989,94,23.9,-216,266,697,22,-42,-9
R,16029,82,23.9,70,-17,1240,-29,4,0
R,16069,93,23.9,-22,30,1092,36,-4,-5
R,16109,101,24.0,-12,81,997,21,-11,-1
R,16149,106,24.0,28,3,1138,-25,-16,7
R,16189,104,24.0,-27,96,971,5,-13,-3
R,16229,101,24.1,-107,129,873,9,-13,0
R,16269,105,24.1,33,87,893,41,-20,-7
R,16309,111,24.2,-5,136,822,-22,-3,6
R,16350,108,24.2,36,68,965,-5,2,3
R,16389,99,24.2,162,-27,1163,-36,27,4
R,16428,90,24.3,30,-1,1048,29,-6,-3
R,16469,84,24.3,-22,31,1071,-9,0,3
R,16510,78,24.3,-63,155,1045,8,3,9
R,16549,84,24.4,101,-18,1251,2,17,9
R,16589,89,24.4,8,31,1057,1,10,-2
R,16629,102,24.4,-6,42,969,-5,-13,-5
R,16669,103,24.5,-66,88,988,8,-9,-4
R,16721,100,24.5,39,112,878,-7,-18,-2
R,16749,96,24.5,-40,44,1159,-7,6,2
R,16789,96,24.6,141,-23,1217,15,20,0
R,16831,99,24.6,111,-56,1205,-22,18,3
R,16868,100,24.6,-63,88,983,0,-7,-2
R,16908,94,24.7,-68,72,923,10,-11,0
R,16949,78,24.7,-37,1,1108,-3,3,-2
R,16989,73,24.7,-50,82,896,10,-4,-2
R,17029,70,24.8,-27,51,996,-14,-3,3
R,17069,78,24.8,220,-46,1289,7,35,3
R,17110,87,24.8,6,63,1067,41,-2,0
R,17149,90,24.9,-10,173,771,8,-17,0
R,17189,101,24.9,38,65,1000,5,-5,-1
R,17229,92,24.9,-64,134,985,18,-13,-7
R,17269,88,25.0,-26,115,930,7,-22,-6
R,17309,87,25.0,-50,105,954,12,-9,0
R,17348,93,25.0,99,85,886,-9,10,9
R,17388,95,25.1,34,41,1093,-5,9,1
R,17429,93,25.1,-77,-29,1247,-12,-9,-9
R,17469,89,25.1,-15,45,972,41,-12,-1
R,17509,92,25.2,170,74,879,14,2,-3
R,17549,101,25.2,75,8,1065,-7,-5,-1
R,17589,109,25.2,59,152,851,22,-2,0
R,17629,107,25.3,-23,251,841,15,-34,-6
R,17669,98,25.3,-98,64,1001,-29,4,7
R,17721,91,25.4,22,56,1155,-22,21,4
R,17751,87,25.4,55,42,1009,13,-25,-6
R,17790,87,25.4,-111,154,892,-16,-32,-7
R,17830,87,25.4,22,-5,1196,4,9,6
R,17868,78,25.5,295,-62,1455,-2,22,0
R,17908,80,25.5,-51,54,1067,-22,-3,-2
R,17948,84,25.5,-7,-42,1195,16,12,1
R,17989,88,25.6,-20,109,840,13,-20,-4
R,18029,90,25.6,60,50,1006,15,-1,0
R,18068,102,25.6,-230,120,912,25,-19,-10
R,18109,108,25.7,36,19,1072,-3,5,5
R,18151,98,25.7,59,-40,1417,-5,16,-2
R,18189,82,25.7,38,61,1056,-13,11,5
R,18229,75,25.8,87,48,930,-17,-8,2
R,18269,75,25.8,75,113,789,29,-22,-4
R,18309,72,25.8,44,27,1127,-16,1,1
R,18348,77,25.8,-34,48,930,6,-17,-9
R,18389,77,25.9,-108,127,821,26,-29,-1
R,18429,74,25.9,-65,89,859,27,-6,-3
R,18468,76,25.9,46,108,853,-11,0,3
R,18510,81,26.0,81,13,1046,-26,10,7
R,18551,80,26.0,-81,108,868,29,-29,-9
R,18589,76,26.0,-116,133,950,0,-14,0
R,18629,64,26.0,26,47,995,23,3,2
R,18669,59,26.1,52,-54,1225,-30,0,-3
R,18721,63,26.1,-189,151,932,4,-11,-3
R,18749,58,26.1,42,105,946,3,-5,-3
R,18789,53,26.1,98,42,1097,22,-3,2
R,18830,54,26.1,-3,86,900,1,0,6
R,18868,45,26.2,85,-20,1187,0,28,6
R,18909,50,26.2,117,-59,1179,-4,11,0
R,18948,55,26.2,87,-6,986,28,-2,0
R,18990,46,26.2,-34,109,945,-1,-16,-4
R,19029,47,26.2,104,47,1133,1,9,-1
R,19068,49,26.3,-61,47,964,5,-14,-1
R,19109,46,26.3,-115,133,858,26,-17,-5
R,19149,54,26.3,160,150,1066,-12,0,7
R,19188,53,26.3,53,42,1211,-9,11,4
R,19229,54,26.3,-5,56,1058,-4,11,-2
R,19270,54,26.3,10,82,856,-16,-13,-1
R,19308,50,26.4,-31,61,1145,14,18,5
R,19349,58,26.4,-43,59,1143,-16,-14,-6
R,19390,57,26.4,187,14,1125,14,17,4
R,19429,61,26.4,6,37,949,0,-6,0
R,19469,50,26.4,-55,35,959,4,19,3
R,19510,57,26.5,156,-43,1303,12,17,8
R,19548,65,26.5,34,-13,1058,-17,0,0
R,19588,66,26.5,71,53,967,13,3,1
R,19629,59,26.5,31,98,932,26,-16,-2
R,19668,57,26.6,-106,102,942,40,-19,-4
R,19720,59,26.6,129,0,1112,21,-7,-3
R,19748,55,26.6,-39,83,1045,-20,-9,-7
R,19788,51,26.6,-92,171,808,36,-24,4
R,19830,53,26.6,-64,111,901,-8,8,2
R,19868,63,26.7,-146,85,1097,-4,-23,-6
R,19908,62,26.7,21,18,1087,11,-4,1
R,19948,57,26.7,105,136,912,27,0,0
R,19989,57,26.7,122,106,934,-4,-12,1
[dump] FIN RUN #4 t60=0 t330=0 t660=0 t1320=0
[dump] RUN #5 heure=15:15:27 src=TRANSBRAKE rollout_ms=0 statut=TERMINE
[dump] colonnes: R,elapsed_ms,kmh_x100,dist_ft,ax_mg,ay_mg,az_mg,gx_ds10,gy_ds10,gz_ds10
R,55,7443,1.9,-13,1393,494,146,105,30
R,133,7443,7.2,452,1021,1905,-97,227,69
R,156,20803,10.1,-347,1642,21,319,320,14
R,194,20984,17.4,208,1287,1694,70,290,89
R,233,21114,24.8,377,632,452,183,256,74
R,275,21223,32.9,-297,1390,452,116,-295,-34
R,313,21323,40.3,10,1198,-321,188,-43,47
R,354,21438,48.3,382,1026,-710,17,56,63
R,407,21583,58.7,-250,1216,2038,-32,-161,-123
R,434,21746,64.0,-45,1368,2859,-467,-202,-42
R,475,21935,72.2,112,1147,999,-148,-283,-146
R,516,22132,80.4,-391,1337,61,-12,-264,-116
R,554,22326,88.1,-139,1240,-221,274,207,41
R,593,22497,96.1,712,711,859,153,296,157
R,634,22662,104.5,165,1202,135,96,-112,54
R,674,22828,112.8,139,1525,1122,-213,-48,-11
R,712,22994,120.7,203,1157,1593,-242,-393,-128
R,753,23156,129.4,-400,1557,-73,-54,-198,-132
R,794,23319,138.0,32,670,-149,272,268,29
R,833,23451,146.3,384,1369,1925,54,77,104
R,873,23580,154.9,-385,953,492,208,-200,37
R,913,23716,163.5,804,1246,761,-487,148,11
R,953,23872,172.2,-594,1314,1333,-134,-367,-186
R,993,24032,180.9,-251,1078,885,71,153,59
R,1033,24181,189.7,-343,1196,3233,-65,-145,21
R,1073,24327,198.6,1159,1115,1740,5,115,-14
R,1113,24462,207.5,-242,1506,-494,-63,-387,-125
R,1152,24591,216.2,-474,1059,-124,112,49,12
R,1194,24727,225.6,94,1249,1910,-92,99,20
R,1234,24876,234.7,182,781,21,75,-53,47
R,1273,25014,243.5,1113,724,1464,-202,-52,-15
R,1313,25136,252.7,-139,899,-662,40,109,-66
R,1353,25265,261.9,73,931,1494,26,-33,65
R,1405,25407,273.9,-916,1342,1572,-61,7,-35
R,1434,25554,280.6,-822,884,1854,57,-158,-65
R,1474,25685,289.9,-231,762,918,-109,49,-43
R,1514,25798,299.3,884,584,922,270,185,136
R,1553,25910,308.5,273,836,1779,-20,-545,-93
R,1593,26023,318.0,-229,686,2230,-116,402,-74
R,1632,26163,327.3,723,-262,992,-735,81,178
R,1673,26252,337.0,252,-290,334,-18,80,-70
R,1714,26242,346.9,-128,-29,950,-65,-67,69
R,1753,26181,356.2,868,-503,3340,131,207,60
R,1793,26114,365.7,-387,-652,968,-133,-105,-30
R,1833,26019,375.2,190,-568,-101,-144,-76,-9
R,1872,25937,384.4,-179,-393,-468,233,21,-27
R,1913,25882,394.1,-90,-329,823,-152,95,11
R,1953,25821,403.5,368,-637,2011,-153,-181,-28
R,1993,25759,412.9,1352,-508,3999,-168,282,22
R,2033,25705,422.3,-1053,-112,18,247,-351,-73
R,2073,25627,431.7,753,-374,2260,105,-131,7
R,2112,25561,440.8,132,-50,768,186,48,15
R,2152,25502,450.1,189,-345,1460,-320,-80,52
R,2193,25471,459.6,-473,-155,-591,61,-26,-16
R,2233,25417,468.9,238,-437,2223,117,87,58
R,2273,25362,478.1,-274,-350,357,-43,-239,9
R,2313,25306,487.4,293,-317,638,-312,213,39
R,2353,25255,496.6,141,-554,2170,218,-135,-54
R,2406,25194,508.8,485,-551,2146,7,-210,-69
R,2433,25130,515.0,-204,-600,270,58,-201,-65
R,2474,25070,524.3,190,68,374,-172,135,42
R,2515,25007,533.7,-939,-442,-222,3,-318,-95
R,2553,24961,542.3,-9,-199,1199,-16,340,29
R,2593,24923,551.4,875,-640,3041,97,71,-10
R,2632,24876,560.3,-580,-244,-385,320,-216,-70
R,2673,24834,569.6,-49,-170,1545,-342,-46,96
R,2713,24782,578.6,164,-637,738,68,-358,-107
R,2753,24714,587.6,-695,-162,-773,161,238,-12
R,2794,24654,596.9,437,-178,593,-253,-194,-15
R,2833,24594,605.6,80,-277,551,-149,112,-12
R,2873,24546,614.6,1331,-264,3898,-63,157,85
R,2914,24504,623.7,-1294,-544,-467,386,-572,-177
R,2953,24456,632.4,18,-47,162,-248,272,109
R,2994,24403,641.6,752,-472,833,137,4,-36
R,3033,24341,650.2,-503,2,248,-49,-154,-41
R,3073,24292,659.1,-579,-363,306,-250,0,42
R,3113,24244,667.9,927,-635,2882,-118,-82,8
R,3154,24192,677.0,52,477,855,68,396,34
R,3194,24142,685.8,642,-707,3355,98,251,18
R,3234,24101,694.6,-565,-145,354,-108,-36,37
R,3274,24047,703.4,425,-96,-330,-196,189,75
R,3313,23999,711.9,326,-158,2028,-80,-90,39
R,3353,23944,720.6,28,-226,1220,144,-226,-70
R,3406,23897,732.2,159,-258,1354,9,-257,-76
R,3433,23852,738.1,799,-549,2035,117,217,47
R,3473,23815,746.8,43,-296,821,36,-98,-19
R,3515,23759,755.9,178,-488,2396,-303,-81,39
R,3554,23706,764.3,-698,-276,-688,-3,-248,-110
R,3592,23656,772.5,163,-250,451,151,25,-32
R,3632,23610,781.1,40,-23,607,118,231,11
R,3674,23565,790.1,588,-587,3139,208,149,50
R,3714,23520,798.7,-642,-476,2201,332,-379,-57
R,3757,23475,807.9,-35,-142,-659,-14,-6,27
R,3794,23428,815.8,493,-81,1568,-299,96,88
R,3834,23372,824.4,156,-230,1325,-168,-55,47
R,3875,23325,833.1,-533,40,827,185,1,-41
R,3914,23284,841.4,-326,-243,228,277,221,20
R,3954,23233,849.9,577,-525,2733,140,-27,8
R,3995,23188,858.5,-554,-273,380,165,-225,-13
R,4033,23148,866.6,59,-296,637,-79,-39,23
R,4073,23101,875.0,7,-422,1865,-330,-62,-8
R,4113,23059,883.4,-277,-219,896,-45,-123,-22
R,4153,23017,891.8,194,-366,83,42,-118,-29
R,4194,22969,900.4,-219,60,716,35,11,-17
R,4234,22925,908.8,634,-737,2699,203,99,-9
R,4273,22879,916.9,164,-535,2918,178,-60,-18
R,4314,22831,925.4,87,-121,-178,-19,-244,-67
R,4354,22785,933.7,-205,60,152,-196,-24,34
R,4406,22744,944.5,-467,-474,1603,130,-242,-117
R,4434,22704,950.3,-94,-408,1971,-129,107,77
R,4474,22652,958.6,307,-336,833,-12,-101,-22
R,4516,22604,967.3,-413,10,474,173,-285,-94
R,4554,22558,975.1,-501,228,590,239,-69,-67
R,4593,22507,983.1,1058,-560,3070,98,250,134
R,4634,22463,991.5,1039,-610,3954,-105,-129,16
R,4674,22438,999.7,-606,-518,616,130,-223,-50
R,4714,22401,1007.9,-223,-488,1196,-5,-105,17
R,4753,22352,1015.8,563,-409,1581,-210,-28,25
R,4794,22310,1024.1,34,238,540,-471,73,80
R,4834,22262,1032.3,60,-170,146,-179,-50,23
R,4873,22226,1040.2,-89,-484,1325,-34,-7,34
R,4913,22191,1048.3,-326,-564,1894,326,-20,-40
R,4954,22154,1056.6,29,-87,1154,461,173,34
R,4993,22095,1064.4,-4,142,716,290,267,50
R,5038,22037,1073.5,-920,-250,-110,36,-295,3
R,5074,21992,1080.7,-246,-735,569,3,149,57
R,5113,21937,1088.5,318,-289,1481,-147,78,71
R,5154,21891,1096.7,671,-755,2193,84,110,33
R,5196,21833,1105.1,364,-446,461,58,56,19
R,5235,21776,1112.8,231,-319,-120,-27,-198,-59
R,5274,21722,1120.5,-530,14,-898,-110,-152,-82
R,5314,21669,1128.4,-239,-289,1274,-305,27,41
R,5354,21621,1136.3,-368,-385,570,-231,-99,7
R,5409,21571,1147.2,-71,94,456,34,85,62
R,5434,21512,1152.1,51,-447,3068,-170,-56,46
R,5474,21449,1159.9,-276,-641,1773,149,-44,-56
R,5516,21394,1168.1,201,-645,1150,73,-223,-92
R,5553,21330,1175.3,-295,-374,77,196,-292,-144
R,5594,21284,1183.3,-420,-247,592,33,-92,-51
R,5634,21235,1191.0,597,-421,146,118,117,-8
R,5675,21173,1198.9,-901,148,-770,131,7,-6
R,5714,21095,1206.4,-593,250,-365,-17,42,-18
R,5754,21040,1214.1,-569,-284,176,144,92,-11
R,5794,21006,1221.8,-306,-600,1061,217,138,15
R,5834,20957,1229.4,-860,23,-558,457,-246,-109
R,5874,20906,1237.1,-550,-308,885,288,-39,-14
R,5914,20831,1244.7,487,-328,1880,367,104,-1
R,5954,20753,1252.3,-262,-211,374,195,-38,0
R,5994,20675,1259.8,-327,-644,-350,13,191,5
R,6034,20603,1267.3,-803,-763,-527,-186,39,48
R,6073,20532,1274.6,-514,-643,395,-258,65,39
R,6114,20443,1282.3,20,-606,668,-226,112,63
R,6155,20328,1289.9,-105,-164,756,-81,78,64
R,6196,20203,1297.5,-524,-667,1425,37,76,55
R,6234,20077,1304.5,31,-789,2296,73,112,0
R,6274,19965,1311.8,-174,-221,295,250,-52,-11
R,6314,19867,1319.0,388,-412,1268,324,78,42
R,6353,19770,1326.1,-449,-716,-351,583,-316,-183
[dump] J60 t_ms=390
[dump] J330 t_ms=1619 vcross_x100=26197 vtrap_x100=25772
[dump] J660 t_ms=3053 vcross_x100=24282 vtrap_x100=24466
[dump] J1320 t_ms=6296 vcross_x100=19840 vtrap_x100=20343
[dump] FIN RUN #5 t60=390 t330=1619 t660=3053 t1320=6296
[dump] === fin ===
