[dump] === board=A46E9FDF948C fw=v7.7.00 -- 7 run(s) en flash ===
[dump] RUN #1 heure=13:05:28 src=SEUIL_GPS rollout_ms=0 statut=ABANDON
[dump] colonnes: R,elapsed_ms,kmh_x100,dist_ft,ax_mg,ay_mg,az_mg,gx_ds10,gy_ds10,gz_ds10
R,38,171,0.1,-140,-55,992,4,-4,-1
R,78,165,0.1,-140,-52,993,5,-4,0
R,118,159,0.2,-138,-57,996,6,-4,-1
R,158,152,0.2,-139,-58,991,3,-4,0
R,198,149,0.3,-138,-57,991,3,-4,-1
R,238,143,0.3,-128,-54,993,5,-4,-1
R,278,133,0.4,-135,-57,996,3,-4,0
R,318,127,0.4,-136,-57,996,6,-5,0
R,358,122,0.5,-137,-57,991,5,-4,-1
R,398,115,0.5,-135,-57,991,5,-4,0
R,438,105,0.6,-135,-56,992,5,-4,-1
R,487,93,0.6,-134,-55,991,5,-5,0
R,518,81,0.6,-136,-57,993,4,-4,0
R,559,72,0.7,-136,-56,990,7,-4,0
R,598,75,0.7,-138,-58,992,4,-4,0
R,638,78,0.7,-132,-57,994,4,-4,0
R,679,75,0.8,-136,-57,992,5,-4,-1
R,718,70,0.8,-136,-56,988,6,-4,-1
R,758,78,0.8,-134,-58,994,5,-4,-1
R,810,84,0.8,-137,-56,991,5,-4,-1
R,839,83,0.9,-139,-56,990,5,-5,-1
R,880,77,0.9,-136,-56,993,4,-5,0
R,920,87,0.9,-136,-55,997,5,-4,-1
R,959,95,1.0,-136,-56,995,4,-4,-1
R,1001,78,1.0,-134,-53,989,6,-4,0
R,1040,49,1.0,-133,-55,992,6,-5,-1
R,1080,31,1.0,-137,-52,993,5,-4,-1
R,1136,13,1.0,-141,-59,992,5,-4,-1
R,1160,15,1.0,-135,-56,990,7,-4,0
R,1200,29,1.0,-139,-54,992,4,-5,0
R,1239,37,1.1,-135,-55,995,6,-4,-1
R,1279,41,1.1,-133,-59,987,4,-5,-1
R,1320,40,1.1,-134,-55,991,6,-4,-1
R,1358,25,1.1,-139,-57,989,6,-5,0
R,1399,10,1.1,-139,-56,993,4,-5,0
R,1440,4,1.1,-132,-57,991,6,-4,-1
R,1478,8,1.1,-135,-57,987,3,-5,-1
R,1519,12,1.1,-136,-55,995,6,-4,0
R,1559,10,1.1,-134,-56,994,6,-4,-1
R,1599,8,1.1,-128,-53,992,7,-4,-1
R,1640,4,1.1,-129,-57,997,3,-4,0
R,1680,14,1.1,-135,-58,993,6,-4,-1
R,1719,24,1.1,-138,-56,994,5,-4,0
R,1759,28,1.1,-140,-54,988,6,-4,-1
R,1811,25,1.2,-134,-54,995,6,-5,-1
R,1839,17,1.2,-135,-54,1000,6,-4,0
R,1879,18,1.2,-129,-53,991,6,-4,-1
R,1920,12,1.2,-131,-56,996,5,-4,-1
R,1958,1,1.2,-135,-54,996,5,-4,0
R,2001,9,1.2,-134,-58,998,5,-3,0
R,2039,21,1.2,-138,-57,991,5,-4,0
R,2080,37,1.2,-134,-55,1000,4,-5,0
R,2120,48,1.2,-131,-55,999,7,-4,0
R,2159,43,1.2,-137,-59,991,5,-4,0
R,2200,31,1.2,-140,-55,991,5,-4,-1
R,2239,17,1.2,-135,-55,1000,6,-4,-1
R,2282,15,1.3,-135,-55,999,5,-4,-1
R,2320,15,1.3,-136,-55,990,4,-4,-1
R,2360,12,1.3,-134,-55,995,6,-4,0
R,2399,17,1.3,-137,-57,998,5,-4,-1
R,2439,12,1.3,-135,-57,996,4,-3,-1
R,2479,15,1.3,-140,-56,990,6,-4,0
R,2520,13,1.3,-132,-55,995,4,-5,0
R,2560,14,1.3,-139,-53,999,6,-4,0
R,2600,10,1.3,-138,-58,991,5,-4,0
R,2640,7,1.3,-138,-51,995,6,-4,0
R,2680,5,1.3,-134,-54,997,5,-4,0
R,2720,8,1.3,-135,-54,993,5,-4,-1
R,2760,9,1.3,-131,-55,992,4,-4,-1
R,2813,8,1.3,-136,-57,995,4,-4,-1
R,2840,1,1.3,-137,-56,994,5,-4,-1
R,2880,8,1.3,-133,-57,997,4,-4,-1
R,2920,19,1.3,-136,-56,994,5,-4,0
R,2959,32,1.3,-131,-53,994,6,-3,0
R,3001,46,1.3,-133,-57,994,4,-4,0
R,3040,57,1.4,-135,-59,994,4,-4,0
R,3083,59,1.4,-139,-57,992,2,-4,-1
R,3120,60,1.4,-135,-56,994,3,-4,-1
R,3160,86,1.4,-130,-52,996,5,-4,-1
R,3200,117,1.5,-138,-58,994,3,-4,-1
R,3240,90,1.5,-138,-54,998,4,-4,0
R,3280,23,1.5,-137,-58,996,4,-4,-1
R,3320,28,1.5,-128,-55,989,6,-5,0
R,3360,16,1.5,-137,-59,996,4,-4,0
R,3399,30,1.6,-142,-56,990,6,-4,0
R,3439,26,1.6,-139,-57,996,5,-4,-1
R,3479,53,1.6,-138,-57,992,6,-4,0
R,3519,75,1.6,-139,-58,988,5,-4,0
R,3560,78,1.6,-139,-55,990,7,-5,-1
R,3604,90,1.7,-131,-58,994,4,-5,0
R,3640,87,1.7,-135,-55,994,5,-4,0
R,3680,69,1.7,-132,-56,983,3,-4,-1
R,3732,59,1.7,-142,-61,988,4,-4,0
R,3760,82,1.8,-134,-55,992,6,-4,0
R,3811,86,1.8,-135,-54,1000,8,-3,-1
R,3840,85,1.8,-132,-57,998,7,-5,-1
R,3880,78,1.9,-140,-56,990,7,-4,0
R,3921,69,1.9,-136,-53,991,5,-5,-1
R,3959,91,1.9,-140,-57,995,3,-4,0
R,4001,110,2.0,-136,-51,997,7,-5,-1
R,4040,144,2.0,-133,-56,990,9,-4,-1
R,4080,163,2.1,-139,-56,994,7,-3,-1
R,4121,177,2.1,-133,-54,996,8,-4,-1
R,4160,172,2.2,-146,-62,996,15,-4,-1
R,4200,170,2.2,-131,-63,984,7,-3,0
R,4240,171,2.3,-132,-53,996,11,-3,0
R,4280,171,2.4,-127,-56,994,-2,-6,0
R,4320,166,2.4,-124,-53,985,17,-2,0
R,4379,139,2.5,-136,-56,987,5,-4,-1
R,4400,146,2.5,-133,-53,989,-1,-5,0
R,4440,147,2.6,-137,-57,988,3,-5,0
R,4480,150,2.6,-137,-57,1001,5,-4,0
R,4521,171,2.7,-129,-54,996,5,-4,-1
R,4561,178,2.8,-135,-63,1002,1,-5,-1
R,4601,175,2.8,-139,-55,990,6,-4,-1
R,4640,161,2.9,-104,-38,1007,14,-6,0
R,4680,137,2.9,-140,-51,993,13,-2,0
R,4720,104,3.0,-141,-55,989,8,-2,0
R,4760,105,3.0,-133,-53,991,9,-3,0
R,4812,132,3.1,-137,-61,996,4,-5,0
R,4840,158,3.1,-133,-46,984,1,-4,0
R,4881,181,3.2,-142,-40,990,0,-7,-1
R,4921,200,3.3,-137,-55,977,7,-3,0
R,4960,202,3.3,-135,-67,1017,12,-7,0
R,5001,194,3.4,-135,-52,1003,-1,-3,0
R,5040,174,3.5,-131,-59,1002,13,-1,0
R,5080,147,3.5,-136,-53,996,6,-4,-1
R,5120,124,3.6,-139,-54,990,9,-2,0
R,5160,105,3.6,-131,-59,1008,1,-6,-1
R,5200,116,3.7,-129,-55,1003,11,-2,0
R,5242,116,3.7,-130,-54,999,6,-4,0
R,5280,118,3.7,-131,-52,994,4,-5,0
R,5320,110,3.8,-138,-55,995,5,-3,-1
R,5360,99,3.8,-134,-51,996,9,-3,-1
R,5399,86,3.9,-136,-57,1000,6,-4,0
R,5440,76,3.9,-139,-57,997,6,-4,-1
R,5480,74,3.9,-137,-58,989,5,-4,-1
R,5520,88,3.9,-129,-51,1000,3,-4,0
R,5560,77,4.0,-134,-59,987,8,-4,0
R,5600,70,4.0,-138,-54,989,4,-5,0
R,5641,58,4.0,-140,-45,991,7,-6,-1
R,5681,50,4.0,-139,-53,990,-8,-7,-1
R,5720,61,4.1,-135,-51,989,8,-4,0
R,5760,82,4.1,-151,-13,950,-15,-12,51
R,5812,108,4.1,-134,-22,946,10,2,100
R,5840,129,4.2,-126,-12,998,-12,-22,105
R,5879,145,4.2,-81,-115,967,74,0,144
R,5921,160,4.3,-146,-37,996,0,-7,-1
R,5959,154,4.3,-140,-53,1007,2,-5,-1
R,6001,145,4.4,-139,-44,991,0,-5,0
R,6039,131,4.4,-112,-60,1032,-115,-52,118
R,6079,118,4.5,-191,4,1009,25,-4,412
R,6119,86,4.5,-41,-88,944,82,-45,554
R,6159,108,4.5,-89,-266,986,25,-12,59
R,6199,125,4.6,-139,-22,998,-50,-6,0
R,6238,137,4.6,-130,-49,967,-1,-5,1
R,6279,156,4.7,-122,-44,979,-40,-11,0
R,6329,171,4.8,-133,-36,999,-9,-7,1
R,6358,187,4.8,-133,-43,997,-9,-7,2
R,6400,207,4.9,-129,-19,936,-9,-10,2
R,6440,225,5.0,-131,-40,982,10,-4,0
R,6479,219,5.0,-131,-40,1004,6,-4,0
R,6520,219,5.1,-122,-45,1028,10,-5,-1
R,6560,227,5.2,-133,-36,989,5,-4,-1
R,6599,229,5.3,-133,-43,998,6,-5,0
R,6640,230,5.4,-137,-42,990,6,-4,-1
R,6679,221,5.5,-131,-38,998,5,-3,-1
R,6719,208,5.5,-134,-43,989,5,-4,-1
R,6760,202,5.6,-131,-41,998,5,-4,-1
R,6809,207,5.7,-134,-40,997,4,-3,-1
R,6838,224,5.8,-132,-40,993,7,-4,-1
R,6879,228,5.8,-130,-42,997,6,-4,-1
R,6920,230,5.9,-130,-40,992,5,-4,0
R,6977,226,6.0,-127,-38,996,5,-5,-1
R,7001,224,6.1,-140,-29,975,-17,-4,-1
R,7039,217,6.2,-130,-33,982,4,-4,0
R,7079,205,6.2,-128,-40,996,9,-4,0
R,7119,175,6.3,-130,-37,979,-7,-5,-1
R,7159,150,6.4,-121,-36,929,29,-8,-3
R,7199,138,6.4,-133,-41,996,-2,-4,0
R,7239,143,6.5,-126,-58,997,1,-8,0
R,7279,158,6.5,-138,-42,990,11,-4,-1
R,7319,161,6.6,-134,-39,1000,2,-4,-1
R,7359,168,6.7,-132,-37,996,2,-4,0
R,7398,184,6.7,-135,-39,999,-8,-5,0
R,7439,221,6.8,-129,-40,999,-1,-5,0
R,7479,244,6.9,-135,-30,1005,6,-7,12
R,7518,256,7.0,-127,-47,1001,2,-5,0
R,7559,267,7.1,-132,-44,996,3,-4,-1
R,7599,275,7.2,-128,-42,991,6,-4,0
R,7638,272,7.3,-127,-42,993,3,-5,0
R,7679,267,7.4,-130,-39,992,4,-4,-1
R,7719,243,7.5,-129,-42,993,4,-4,-1
R,7759,242,7.5,-128,-40,991,5,-5,-1
R,7809,237,7.6,-132,-41,1001,5,-5,0
R,7839,220,7.7,-139,-43,1005,4,-4,-1
R,7878,211,7.8,-128,-41,996,6,-4,-1
R,7919,204,7.9,-131,-42,993,5,-4,-1
R,7959,201,7.9,-134,-40,993,6,-5,0
R,8001,193,8.0,-129,-39,994,5,-4,0
R,8038,202,8.1,-131,-36,975,6,-5,0
R,8079,195,8.2,-130,-50,1005,-2,-6,-1
R,8118,186,8.2,-135,-43,1001,8,-4,0
R,8158,189,8.3,-133,-45,991,5,-3,0
R,8199,202,8.4,-129,-38,995,6,-4,-1
R,8239,216,8.4,-136,-41,992,3,-4,-1
R,8280,227,8.5,-133,-40,996,5,-5,-1
R,8318,232,8.6,-132,-41,998,4,-3,-1
R,8358,237,8.7,-138,-37,996,7,-4,-1
R,8398,239,8.8,-131,-37,996,7,-4,-1
R,8439,232,8.9,-132,-40,998,4,-4,-1
R,8480,226,8.9,-127,-42,991,5,-4,-1
R,8518,237,9.0,-131,-43,994,4,-5,0
R,8558,259,9.1,-126,-54,997,7,-5,-1
R,8598,258,9.2,-130,-45,986,5,-5,0
R,8638,247,9.3,-130,-38,983,18,-5,-1
R,8680,249,9.4,-137,-41,996,8,-5,0
R,8718,257,9.5,-115,-45,978,-8,-1,0
R,8758,261,9.6,-112,-96,1083,4,-9,1
R,8808,257,9.7,-121,-53,987,-4,-6,0
R,8838,250,9.8,-127,-40,985,-2,-6,-1
R,8880,244,9.9,-130,-40,983,8,-4,-1
R,8926,238,10.0,-134,-40,998,3,-5,0
R,8958,234,10.0,-132,-43,996,5,-5,0
R,9001,231,10.1,-134,-43,1001,4,-4,-1
R,9038,228,10.2,-131,-40,997,5,-3,-1
R,9080,224,10.3,-131,-41,983,5,-4,0
R,9118,221,10.4,-136,-42,992,4,-5,-1
R,9158,216,10.4,-130,-38,996,5,-4,0
R,9199,210,10.5,-132,-40,998,4,-4,0
R,9238,203,10.6,-130,-39,998,5,-4,-1
R,9280,197,10.7,-137,-41,1001,3,-5,-1
R,9318,189,10.7,-132,-39,996,6,-4,-1
R,9358,182,10.8,-131,-40,1000,3,-3,0
R,9398,182,10.9,-133,-41,996,7,-4,-1
R,9439,181,10.9,-130,-41,994,5,-5,-1
R,9480,172,11.0,-133,-42,998,5,-4,0
R,9518,157,11.1,-130,-36,992,6,-4,-1
R,9575,143,11.1,-135,-40,998,4,-4,0
R,9599,137,11.2,-132,-38,998,4,-5,-1
R,9638,132,11.2,-132,-41,996,5,-4,-1
R,9680,123,11.3,-128,-40,995,6,-4,0
R,9718,124,11.3,-135,-40,996,4,-5,-1
R,9758,125,11.4,-128,-42,998,4,-5,0
R,9808,116,11.4,-134,-43,998,5,-4,0
R,9838,107,11.4,-136,-45,990,5,-4,0
R,9880,100,11.5,-129,-39,998,5,-4,-1
R,9919,95,11.5,-134,-41,999,5,-4,0
R,9958,89,11.6,-128,-43,994,4,-4,-1
R,10001,90,11.6,-129,-40,994,6,-4,-1
R,10038,87,11.6,-128,-39,987,4,-6,-1
R,10080,83,11.7,-131,-41,1000,5,-4,0
R,10119,77,11.7,-134,-43,999,2,-4,-1
R,10158,74,11.7,-133,-46,1002,6,-4,0
R,10199,73,11.7,-135,-42,991,6,-3,-1
R,10238,71,11.8,-132,-44,1001,3,-4,0
R,10279,72,11.8,-131,-41,988,7,-4,-1
R,10318,67,11.8,-133,-43,997,4,-5,-1
R,10358,62,11.8,-130,-39,997,7,-4,-1
R,10398,60,11.9,-131,-42,996,3,-4,0
R,10439,59,11.9,-131,-40,990,6,-4,0
R,10480,53,11.9,-135,-41,998,2,-5,0
R,10518,53,11.9,-135,-41,994,5,-4,0
R,10559,52,11.9,-132,-44,995,4,-4,0
R,10598,50,12.0,-127,-42,994,6,-4,-1
R,10639,48,12.0,-128,-40,993,4,-4,-1
R,10680,46,12.0,-133,-42,1000,4,-4,0
R,10718,44,12.0,-132,-37,990,8,-4,0
R,10758,43,12.0,-126,-41,990,9,-3,0
R,10808,42,12.0,-132,-44,996,3,-4,-1
R,10838,45,12.1,-132,-43,997,5,-4,-1
R,10880,49,12.1,-134,-44,988,7,-5,0
R,10920,50,12.1,-131,-41,998,4,-5,0
R,10962,49,12.1,-130,-40,999,3,-5,0
R,11001,43,12.1,-130,-42,1000,5,-5,0
R,11037,37,12.1,-129,-39,994,7,-5,-1
R,11079,31,12.2,-134,-40,992,4,-3,0
R,11117,31,12.2,-122,-42,996,6,-5,-1
R,11158,32,12.2,-131,-41,993,4,-3,-1
R,11198,33,12.2,-132,-42,991,6,-4,0
R,11237,30,12.2,-131,-40,997,6,-4,0
R,11277,27,12.2,-130,-38,1000,5,-4,0
R,11318,21,12.2,-129,-40,989,6,-4,0
R,11358,14,12.2,-131,-41,996,4,-4,-1
R,11398,13,12.2,-133,-39,996,7,-4,0
R,11438,24,12.2,-140,-41,997,5,-4,-1
R,11478,35,12.2,-131,-40,988,5,-4,0
R,11523,46,12.3,-133,-42,991,8,-5,-1
R,11558,52,12.3,-129,-42,994,7,-4,-1
R,11598,47,12.3,-138,-39,1000,4,-3,0
R,11637,39,12.3,-137,-39,990,7,-4,0
R,11679,35,12.3,-135,-41,1000,3,-4,-1
R,11717,39,12.3,-129,-40,999,6,-4,-1
R,11757,40,12.4,-127,-40,996,5,-4,0
R,11808,38,12.4,-133,-40,996,5,-4,-1
R,11837,39,12.4,-132,-41,999,4,-4,0
R,11877,37,12.4,-131,-42,1000,5,-4,-1
R,11919,41,12.4,-124,-43,989,6,-4,-1
R,11957,47,12.4,-130,-41,999,5,-5,-1
R,12000,53,12.4,-126,-40,997,4,-4,-1
R,12037,57,12.5,-132,-40,993,5,-5,-1
R,12078,54,12.5,-122,-43,990,5,-4,0
R,12117,47,12.5,-132,-42,1000,4,-5,-1
R,12172,41,12.5,-137,-42,995,5,-5,0
R,12198,39,12.5,-141,-42,1001,3,-3,0
R,12237,41,12.5,-135,-38,987,8,-4,0
R,12277,37,12.6,-127,-40,997,4,-5,-1
R,12318,31,12.6,-132,-43,996,5,-5,-1
R,12358,31,12.6,-137,-41,995,4,-4,0
R,12397,24,12.6,-131,-40,997,6,-3,0
R,12439,24,12.6,-127,-40,996,5,-5,0
R,12477,31,12.6,-130,-41,994,4,-4,-1
R,12517,31,12.6,-131,-41,998,4,-4,-1
R,12558,36,12.6,-129,-41,999,7,-4,-1
R,12597,38,12.7,-130,-41,996,5,-4,0
R,12637,34,12.7,-131,-42,998,5,-5,0
R,12678,26,12.7,-133,-40,987,6,-4,0
R,12717,22,12.7,-133,-40,998,5,-4,-1
R,12757,28,12.7,-135,-42,997,5,-4,0
R,12821,28,12.7,-133,-43,996,4,-4,-1
R,12837,27,12.7,-128,-43,995,6,-5,0
R,12877,27,12.7,-131,-38,994,4,-4,-1
R,12922,26,12.7,-127,-41,997,4,-4,-1
R,12959,25,12.7,-134,-42,994,4,-5,0
R,13000,29,12.8,-129,-41,995,4,-4,0
R,13037,28,12.8,-132,-42,993,5,-4,0
R,13078,26,12.8,-135,-45,996,5,-4,0
R,13117,23,12.8,-131,-40,993,6,-4,0
R,13158,25,12.8,-131,-40,1001,4,-4,0
R,13198,30,12.8,-133,-42,997,5,-4,-1
R,13237,36,12.8,-133,-40,999,7,-4,-1
R,13277,42,12.8,-132,-39,990,6,-4,-1
R,13318,42,12.8,-135,-43,1003,5,-4,-1
R,13358,32,12.9,-132,-42,995,7,-5,0
R,13398,16,12.9,-129,-39,1000,4,-4,0
R,13438,10,12.9,-128,-40,994,8,-4,-1
R,13479,8,12.9,-137,-45,998,4,-4,0
R,13518,10,12.9,-133,-40,993,6,-4,-1
R,13558,22,12.9,-132,-42,1003,3,-4,0
R,13598,26,12.9,-134,-41,989,7,-4,0
R,13638,26,12.9,-136,-43,996,5,-4,-1
R,13678,31,12.9,-126,-40,1000,8,-4,-1
R,13718,33,12.9,-132,-39,991,5,-3,-1
R,13758,30,12.9,-133,-42,990,6,-5,-1
R,13809,24,12.9,-131,-41,998,5,-4,0
R,13838,18,13.0,-138,-42,1000,5,-3,-1
R,13878,17,13.0,-128,-40,996,5,-4,0
R,13919,20,13.0,-132,-40,994,7,-4,-1
R,13958,23,13.0,-131,-39,996,5,-4,-1
R,14001,22,13.0,-124,-43,997,5,-4,-1
R,14037,18,13.0,-133,-42,992,5,-5,0
R,14078,12,13.0,-130,-40,1001,4,-4,-1
R,14119,12,13.0,-131,-45,1000,5,-5,-1
R,14157,17,13.0,-128,-40,993,5,-4,0
R,14198,28,13.0,-133,-44,991,4,-5,-1
R,14237,39,13.0,-134,-41,998,4,-4,-1
R,14277,42,13.0,-136,-42,996,4,-4,-1
R,14318,43,13.1,-128,-40,993,5,-4,-1
R,14358,35,13.1,-133,-41,996,4,-5,0
R,14398,27,13.1,-133,-39,995,7,-5,-1
R,14438,28,13.1,-131,-41,994,4,-4,0
R,14478,32,13.1,-131,-43,989,6,-5,-1
R,14517,31,13.1,-135,-46,998,4,-5,0
R,14558,29,13.1,-126,-38,996,7,-4,-1
R,14598,23,13.1,-129,-42,994,4,-4,0
R,14637,20,13.1,-136,-39,992,6,-4,-1
R,14678,11,13.1,-133,-42,1000,3,-5,-1
R,14717,11,13.1,-125,-40,997,5,-3,0
R,14768,15,13.2,-133,-40,999,5,-3,-1
R,14811,20,13.2,-136,-43,996,5,-4,-1
R,14839,25,13.2,-129,-40,994,4,-5,-1
R,14881,23,13.2,-128,-43,994,5,-4,0
R,14921,25,13.2,-135,-40,1004,3,-5,0
R,14959,23,13.2,-129,-40,990,5,-5,-1
R,15001,21,13.2,-128,-43,994,4,-4,0
R,15039,18,13.2,-129,-43,999,3,-4,0
R,15079,15,13.2,-128,-37,988,7,-4,-1
R,15119,17,13.2,-134,-41,1000,2,-4,-1
R,15158,19,13.2,-129,-40,996,6,-4,0
R,15199,21,13.2,-129,-43,994,4,-4,0
R,15238,27,13.2,-129,-42,989,6,-5,-1
R,15279,32,13.3,-129,-42,996,4,-5,-1
R,15319,36,13.3,-128,-40,998,6,-5,0
R,15359,39,13.3,-134,-45,1000,3,-5,0
R,15416,41,13.3,-132,-40,1000,7,-4,-1
R,15439,44,13.3,-132,-41,997,3,-5,0
R,15478,49,13.3,-136,-40,993,6,-4,0
R,15519,56,13.3,-132,-40,996,4,-4,0
R,15559,59,13.4,-130,-43,992,6,-4,0
R,15599,56,13.4,-131,-47,992,5,-5,0
R,15639,58,13.4,-137,-38,986,7,-5,-1
R,15679,58,13.4,-126,-37,992,12,-4,-1
R,15718,59,13.5,-132,-40,986,7,-5,-1
R,15759,60,13.5,-128,-41,991,7,-4,0
R,15810,58,13.5,-136,-37,989,7,-5,-1
R,15839,57,13.5,-132,-38,994,8,-3,-1
R,15878,61,13.5,-131,-44,1001,3,-4,-1
R,15920,62,13.6,-131,-40,993,5,-4,0
R,15958,61,13.6,-137,-42,993,3,-5,-1
R,16001,56,13.6,-140,-40,1033,-12,-1,0
R,16038,53,13.6,-126,-36,983,-12,-5,0
R,16079,55,13.6,-132,-42,1014,1,-4,-1
R,16119,58,13.7,-132,-40,995,2,-5,-1
R,16158,57,13.7,-129,-43,998,1,-5,-1
R,16198,57,13.7,-132,-46,1002,0,-5,-1
R,16239,59,13.7,-133,-44,1006,2,-4,-1
R,16278,56,13.7,-129,-40,991,8,-4,-1
R,16319,59,13.8,-135,-42,1006,3,-4,-1
R,16358,59,13.8,-134,-40,992,7,-4,0
R,16399,59,13.8,-132,-40,1000,5,-4,-1
R,16438,59,13.8,-132,-40,993,7,-4,-1
R,16479,60,13.9,-133,-45,999,3,-4,-1
R,16518,62,13.9,-129,-38,996,7,-5,0
R,16560,71,13.9,-129,-40,992,4,-4,-1
R,16599,77,13.9,-130,-41,994,5,-5,-1
R,16639,74,14.0,-134,-40,997,5,-4,-1
R,16679,68,14.0,-134,-43,996,5,-4,-1
R,16719,60,14.0,-133,-41,992,5,-4,0
R,16759,53,14.0,-135,-42,995,7,-4,0
R,16810,53,14.0,-132,-41,1002,5,-5,-1
R,16841,60,14.1,-130,-42,1002,4,-4,-1
R,16879,65,14.1,-133,-42,992,6,-4,0
R,16920,66,14.1,-131,-42,994,3,-4,-1
R,16959,64,14.1,-133,-39,994,6,-4,-1
R,17001,61,14.2,-133,-42,1002,2,-4,0
R,17039,62,14.2,-131,-39,993,8,-4,-1
R,17080,62,14.2,-131,-44,997,3,-5,-1
R,17119,58,14.2,-129,-38,993,8,-4,-1
R,17158,54,14.2,-132,-40,996,4,-4,0
R,17199,52,14.3,-133,-42,997,9,-5,-1
R,17239,54,14.3,-132,-42,996,7,-5,-1
R,17279,65,14.3,-131,-41,998,6,-5,-1
R,17318,73,14.3,-129,-40,992,7,-4,0
R,17366,75,14.4,-130,-39,993,6,-5,0
R,17398,71,14.4,-131,-39,995,5,-4,-1
R,17438,68,14.4,-131,-42,1001,4,-4,-1
R,17478,64,14.4,-132,-40,991,6,-4,0
R,17519,61,14.5,-130,-42,998,5,-4,0
R,17559,64,14.5,-130,-36,994,5,-4,-1
R,17599,64,14.5,-132,-41,1001,4,-4,-1
R,17638,67,14.5,-131,-41,994,7,-4,-1
R,17678,65,14.5,-132,-40,1001,4,-4,0
R,17719,61,14.6,-129,-40,994,6,-4,0
R,17759,61,14.6,-133,-44,996,3,-5,-1
R,17811,61,14.6,-131,-43,993,4,-4,-1
R,17838,61,14.6,-128,-42,996,3,-4,-1
R,17879,58,14.7,-128,-41,997,6,-4,0
R,17919,55,14.7,-133,-42,999,4,-5,0
R,17959,55,14.7,-128,-35,991,6,-5,0
R,18015,54,14.7,-130,-40,990,6,-5,0
R,18039,57,14.7,-134,-41,996,6,-4,-1
R,18078,61,14.8,-134,-37,995,6,-4,-1
R,18118,63,14.8,-132,-42,997,5,-4,0
R,18157,60,14.8,-135,-41,1000,4,-4,0
R,18199,57,14.8,-130,-43,999,6,-4,0
R,18238,59,14.9,-131,-40,988,5,-4,-1
R,18279,65,14.9,-132,-40,999,5,-4,-1
R,18319,72,14.9,-133,-39,998,6,-4,-1
R,18359,76,14.9,-131,-39,998,5,-4,-1
R,18398,77,15.0,-131,-37,996,5,-4,-1
R,18439,80,15.0,-131,-41,994,6,-4,-1
R,18478,81,15.0,-132,-38,993,6,-4,-1
R,18519,75,15.0,-133,-42,996,5,-5,-1
R,18559,72,15.1,-131,-40,991,7,-4,-1
R,18598,73,15.1,-130,-37,994,4,-4,-1
R,18638,75,15.1,-132,-41,998,4,-5,0
R,18679,76,15.1,-134,-37,991,5,-4,-1
R,18718,79,15.2,-133,-43,1000,4,-4,-1
R,18759,82,15.2,-126,-39,991,1,-4,0
R,18813,79,15.2,-132,-42,994,3,-4,0
R,18839,71,15.3,-130,-41,992,2,-4,-1
R,18878,59,15.3,-131,-41,997,3,-4,0
R,18920,48,15.3,-132,-43,1000,3,-4,0
R,18958,37,15.3,-131,-43,993,2,-4,0
R,18999,33,15.3,-127,-42,994,-2,-5,0
R,19038,33,15.3,-131,-43,995,-4,-5,0
R,19079,30,15.4,-137,-42,999,0,-3,0
R,19117,21,15.4,-131,-46,996,3,-3,-1
R,19158,12,15.4,-159,-42,1003,1,-3,-2
R,19198,3,15.4,-143,-40,997,3,-3,-1
R,19239,5,15.4,-132,-45,986,0,-4,0
R,19278,6,15.4,-131,-40,990,6,-5,-1
R,19319,9,15.4,-131,-45,1001,3,-5,-1
R,19358,12,15.4,-132,-45,1002,4,-5,0
R,19399,7,15.4,-129,-46,999,6,-4,-1
R,19438,8,15.4,-133,-41,996,8,-4,0
R,19479,17,15.4,-131,-45,996,5,-5,-1
R,19518,19,15.4,-132,-41,996,7,-5,-2
R,19559,15,15.4,-132,-40,982,50,-1,-4
R,19597,26,15.4,-114,-48,1002,62,3,-17
R,19638,65,15.4,-125,-52,997,15,-3,0
R,19679,107,15.5,-132,-36,991,6,-4,0
R,19719,126,15.5,-133,-40,988,5,-4,-1
R,19759,134,15.6,-130,-43,996,4,-5,0
R,19812,138,15.6,-131,-42,1000,6,-4,-1
R,19838,136,15.7,-135,-40,997,4,-5,-1
R,19879,133,15.7,-128,-38,989,6,-5,-1
R,19919,127,15.8,-132,-40,993,5,-4,-1
R,19962,125,15.8,-129,-42,998,4,-4,0
R,19999,124,15.8,-136,-42,1001,4,-4,-1
[dump] FIN RUN #1 t60=0 t330=0 t660=0 t1320=0
[dump] RUN #2 heure=14:07:11 src=TRANSBRAKE rollout_ms=0 statut=TERMINE
[dump] colonnes: R,elapsed_ms,kmh_x100,dist_ft,ax_mg,ay_mg,az_mg,gx_ds10,gy_ds10,gz_ds10
R,12,6487,0.4,-183,1332,1466,181,162,53
R,63,6500,3.4,692,1047,103,188,201,86
R,87,6513,4.8,593,932,255,-206,90,106
R,127,6530,7.2,-373,1605,557,-219,102,28
R,170,6554,9.7,-142,1039,1507,-93,148,84
R,212,6578,12.3,-23,1103,817,-276,-105,-44
R,250,6597,14.5,-317,1472,1481,-134,65,-51
R,292,6616,17.1,29,1338,-1287,-112,-311,-138
R,331,6635,19.4,-13,1630,-274,-56,-164,-11
R,370,6657,21.8,561,1663,1335,-263,-179,-90
R,410,6680,24.2,-273,876,1768,150,-156,16
R,451,16898,28.6,442,1002,1093,-25,-57,-10
R,492,17922,35.1,-560,1478,1273,255,-46,8
R,532,18383,41.7,289,824,157,279,235,54
R,571,18636,48.3,402,1516,2292,94,171,0
R,613,19012,55.5,-485,884,-341,365,80,32
R,651,19223,62.1,-257,1549,204,124,264,-51
R,691,19387,69.2,-886,1576,597,379,155,-49
R,734,19545,76.8,1135,1629,4044,90,299,80
R,771,19685,83.4,52,598,1462,369,180,138
R,811,19817,90.6,404,875,455,-11,322,69
R,853,19946,98.2,335,926,1934,0,29,71
R,892,20067,105.3,297,517,-659,39,16,44
R,931,20183,112.5,642,1345,2204,-77,-84,37
R,972,20302,120.1,271,682,614,-4,-425,75
R,1014,20421,127.9,207,1692,1998,-327,-69,60
R,1063,20536,137.0,697,1452,1245,-357,-82,-103
R,1092,20648,142.4,576,1277,2402,-69,58,-38
R,1135,20757,150.6,182,634,328,-47,-88,-57
R,1174,20872,157.9,314,1114,1596,-235,-146,-125
R,1215,20986,165.8,-341,1021,705,111,-310,-72
R,1253,21106,173.1,-549,880,-1667,173,-77,-86
R,1293,21234,180.8,-16,1358,1657,68,356,59
R,1334,21361,188.7,-101,805,537,88,362,169
R,1373,21488,196.3,604,1023,4040,-33,225,109
R,1413,21617,204.2,564,598,1277,106,-352,30
R,1454,21754,212.3,557,1163,1400,-129,131,-6
R,1495,21903,220.5,147,478,73,-22,-310,-49
R,1535,22053,228.5,-161,1395,1094,-120,-167,-49
R,1573,22206,236.1,-489,632,239,180,-65,27
R,1613,22360,244.3,78,1318,1859,2,239,5
R,1655,22504,252.8,532,639,1270,102,42,32
R,1693,22648,260.7,73,1103,-313,-172,40,23
R,1733,22787,268.9,930,718,2948,-133,100,91
R,1774,22916,277.5,-484,1059,159,-225,-372,-46
R,1813,23043,285.7,162,436,-509,506,225,43
R,1853,23279,294.1,328,1457,2041,74,26,-36
R,1895,23504,303.0,-88,421,-1827,158,-117,65
R,1934,23699,311.4,691,601,416,-459,258,89
R,1974,23843,320.1,639,-795,2313,-570,-33,-48
R,2015,23929,329.0,-304,-643,2861,-21,-126,-57
R,2065,23927,339.9,391,-332,194,-102,-117,-4
R,2093,23874,346.0,578,-655,3252,124,215,94
R,2135,23776,355.2,-377,-228,23,47,-62,-18
R,2175,23689,363.8,401,-418,528,48,98,13
R,2213,23627,372.0,388,-465,1995,-2,-99,14
R,2253,23577,380.6,-829,81,-592,26,-166,-34
R,2293,23534,389.2,-421,-51,340,63,240,35
R,2333,23487,397.8,336,-638,2388,118,191,10
R,2373,23427,406.3,-187,-209,-448,159,-227,-59
R,2414,23368,415.0,279,-50,1261,-150,-7,-16
R,2453,23313,423.3,227,-158,724,-325,149,16
R,2493,23264,431.8,-4,-602,2629,-183,-69,-15
R,2533,23221,440.3,-238,-20,-1193,282,-41,-36
R,2573,23177,448.8,223,60,1423,146,206,28
R,2614,23125,457.4,-85,-191,671,-7,185,13
R,2654,23074,465.8,52,-403,1913,-9,-88,4
R,2694,23018,474.2,597,-670,3286,138,-122,15
R,2734,22969,482.6,-362,-444,-396,15,92,26
R,2774,22920,491.0,516,-141,378,-46,129,67
R,2814,22872,499.3,196,-291,2024,25,-150,-25
R,2854,22827,507.7,-946,-78,902,122,-216,-54
R,2894,22779,516.0,214,-417,2903,235,147,38
R,2934,22729,524.3,51,-331,64,113,41,-16
R,2974,22674,532.5,874,-308,1954,-67,-98,0
R,3014,22619,540.8,552,-432,1726,-255,-219,-46
R,3064,22571,551.1,-284,-366,458,140,-220,-23
R,3093,22544,557.1,-260,-347,483,-45,-61,-15
R,3134,22512,565.5,379,-383,444,74,66,11
R,3174,22471,573.7,464,-400,1045,-40,-92,-21
R,3214,22414,581.9,123,-113,1465,7,-125,-45
R,3254,22363,590.0,-304,75,394,-9,304,-11
R,3293,22312,598.0,842,-638,3646,-80,310,38
R,3334,22266,606.3,133,-669,2641,205,-77,-20
R,3374,22226,614.4,-132,-337,268,149,-162,-46
R,3414,22171,622.5,-324,-112,-1026,149,-237,-83
R,3455,22116,630.8,-285,-136,-897,-15,-132,-56
R,3494,22056,638.6,195,-137,485,-315,130,2
R,3533,22004,646.4,350,-404,2592,-309,-19,2
R,3575,21973,654.9,-285,-273,2204,-46,-65,43
R,3613,21947,662.5,483,-461,918,255,-24,-47
R,3654,21906,670.7,317,-63,704,271,-22,-21
R,3694,21851,678.6,219,57,1891,175,44,-52
R,3733,21809,686.4,-697,83,1173,-36,211,-9
R,3773,21762,694.3,-623,65,944,-129,340,69
R,3814,21719,702.5,4,-152,1604,32,261,70
R,3853,21682,710.2,-91,-317,952,210,-3,27
R,3893,21632,718.1,-347,-364,-130,218,-88,-30
R,3934,21578,726.1,-150,-220,-193,112,-113,-36
R,3974,21529,734.0,39,-343,844,-198,-37,-10
R,4013,21484,741.6,-542,-219,378,-202,-85,-27
R,4065,21440,751.8,-104,-520,1943,91,-142,-14
R,4094,21395,757.5,16,-341,2536,-192,-72,42
R,4134,21336,765.3,120,-601,3135,-146,-7,64
R,4175,21277,773.2,278,-248,1912,-80,-49,39
R,4214,21218,780.8,-87,-53,920,-37,-63,-15
R,4253,21171,788.3,-24,-155,698,99,8,-29
R,4295,21137,796.4,293,-216,-37,0,35,-2
R,4334,21093,803.9,-587,-194,-167,124,-95,-33
R,4373,21056,811.4,-736,-84,-523,50,-179,-62
R,4414,21005,819.2,-669,-3,-514,-44,-164,-54
R,4454,20947,826.9,-620,-12,58,72,-102,-44
R,4493,20890,834.3,-472,-125,162,100,-74,-81
R,4533,20844,841.9,-446,-145,127,247,-305,-98
R,4574,20790,849.7,-331,-449,923,209,-183,-105
R,4613,20742,857.1,608,-311,1118,273,-16,-61
R,4653,20697,864.6,569,-43,-96,371,1,-61
R,4693,20640,872.2,-410,228,622,179,163,-4
R,4733,20584,879.7,-644,216,910,45,28,-20
R,4773,20519,887.2,-345,-138,1529,-30,80,8
R,4814,20454,894.8,-248,-156,1219,-132,133,16
R,4853,20406,902.1,-435,82,-160,-43,109,6
R,4894,20369,909.7,-529,-29,-99,34,-96,-17
R,4934,20329,917.1,-861,-142,625,49,2,8
R,4974,20276,924.5,-511,-305,1906,246,-132,-59
R,5013,20213,931.7,-380,-53,383,94,-184,-31
R,5065,20147,941.3,0,-440,813,-3,-39,-20
R,5093,20090,946.4,-240,16,430,140,51,-33
R,5134,20040,953.9,365,-182,866,177,75,-43
R,5175,19992,961.4,-238,-205,6,312,14,-51
R,5213,19932,968.3,69,-307,1338,247,41,-33
R,5253,19864,975.6,343,-260,1199,145,-1,-24
R,5293,19805,982.8,438,-143,933,95,24,-34
R,5335,19743,990.4,-13,-280,-6,109,-144,-22
R,5374,19685,997.4,-210,-468,1053,58,-62,-5
R,5414,19631,1004.5,-217,-324,1339,-35,-24,-16
R,5454,19571,1011.7,-146,-383,1948,-138,-20,10
R,5494,19515,1018.8,148,-329,924,-32,115,51
R,5534,19449,1025.9,-259,-280,1363,-230,40,19
R,5574,19387,1033.0,179,-499,2160,-399,175,59
R,5614,19325,1040.1,86,-339,392,-293,117,55
R,5654,19270,1047.1,-185,-427,1211,-275,-82,35
R,5694,19224,1054.1,325,-549,1699,-246,-129,8
R,5734,19168,1061.1,-307,-358,997,-193,-47,36
R,5774,19106,1068.1,-603,-550,1532,-209,-110,38
R,5814,19042,1075.0,536,-461,2539,-219,22,54
R,5855,18982,1082.1,-370,-258,-98,-84,140,72
R,5894,18917,1088.9,-56,-559,2197,-121,128,63
R,5934,18869,1095.8,-234,-261,487,-60,-7,35
R,5974,18824,1102.6,-356,-237,806,-96,-20,-8
R,6015,18775,1109.7,84,-396,924,-136,135,55
R,6065,18716,1118.2,-605,-316,645,-26,-31,-69
R,6094,18653,1123.1,-651,-42,3519,-45,59,38
R,6134,18598,1129.9,-217,-344,712,-186,-61,65
R,6175,18543,1136.9,-187,-369,1193,-302,119,84
R,6214,18488,1143.4,-373,-156,64,-280,-1,14
R,6254,18440,1150.2,409,-598,2543,-146,89,37
R,6294,18378,1156.9,-319,-263,-373,55,121,40
R,6334,18324,1163.6,330,-484,1808,-113,219,68
R,6374,18276,1170.2,233,-174,1152,53,104,-8
R,6414,18220,1176.9,-15,-323,948,-15,-49,-4
R,6454,18166,1183.5,-24,-363,10,45,-10,-13
R,6493,18113,1190.0,358,-441,1634,5,64,40
R,6534,18067,1196.7,445,-160,1276,140,99,10
R,6574,18009,1203.3,-61,-326,174,154,-103,-18
R,6614,17954,1209.9,800,-197,1681,277,-26,24
R,6655,17893,1216.6,781,-501,1653,246,150,15
R,6694,17842,1222.9,84,-94,906,164,100,-69
R,6734,17788,1229.4,-182,-149,416,220,-4,-102
R,6775,17757,1236.0,-164,-310,345,29,-37,-33
R,6815,17712,1242.5,333,-401,497,-64,-138,-49
R,6854,17660,1248.8,-40,-146,1642,104,-72,-65
R,6894,17597,1255.2,-413,-121,1381,-180,-187,-29
R,6934,17539,1261.6,229,-335,1138,-186,-32,27
R,6973,17493,1267.9,65,-372,814,-242,102,97
R,7013,17456,1274.2,-599,-254,269,-49,-20,66
R,7067,17415,1282.8,-546,-529,477,-189,-111,41
R,7094,17362,1287.1,-369,-176,465,117,10,8
R,7134,17304,1293.4,-352,-186,-533,202,0,-59
R,7175,17253,1299.9,63,-483,2194,187,36,3
R,7214,17195,1306.0,299,-27,767,232,54,-60
R,7254,17153,1312.2,216,-63,1080,154,38,-21
R,7294,17109,1318.5,191,-202,819,101,-18,-70
R,7334,17068,1324.7,259,-387,1925,51,16,-25
[dump] J60 t_ms=621
[dump] J330 t_ms=2001 vcross_x100=23929 vtrap_x100=23361
[dump] J660 t_ms=3583 vcross_x100=21952 vtrap_x100=22079
[dump] J1320 t_ms=7287 vcross_x100=17092 vtrap_x100=17367
[dump] FIN RUN #2 t60=621 t330=2001 t660=3583 t1320=7287
[dump] RUN #3 heure=14:19:00 src=TRANSBRAKE rollout_ms=0 statut=ABANDON
[dump] colonnes: R,elapsed_ms,kmh_x100,dist_ft,ax_mg,ay_mg,az_mg,gx_ds10,gy_ds10,gz_ds10
R,29,17,0.0,23,108,976,4,-2,1
R,69,18,0.0,12,82,995,3,-1,-2
R,109,21,0.0,3,91,1016,5,-2,-3
R,149,19,0.0,1,97,998,5,-4,0
R,189,10,0.0,-2,91,1016,3,0,0
R,228,12,0.0,17,100,1002,9,-2,1
R,280,30,0.0,14,101,1011,6,-3,0
R,309,19,0.1,7,101,998,3,-5,0
R,349,8,0.1,-2,92,1017,1,-4,-1
R,389,23,0.1,12,94,1002,4,-3,-1
R,429,25,0.1,1,89,1022,0,-1,0
R,469,11,0.1,61,91,1006,4,4,3
R,509,24,0.1,-16,74,1058,10,-3,3
R,549,30,0.1,21,85,1017,10,-1,6
R,587,12,0.1,30,100,1001,4,-6,2
R,627,17,0.1,27,113,989,2,-5,0
R,669,17,0.1,26,108,999,5,-4,-5
R,709,19,0.1,-2,92,1008,4,-1,-5
R,749,17,0.1,-5,84,1010,6,-1,-2
R,789,11,0.1,-7,89,999,4,0,0
R,829,13,0.1,-9,98,989,4,-1,1
R,869,15,0.1,0,99,1013,6,-4,1
R,909,7,0.1,22,98,1004,3,-4,1
R,949,8,0.1,26,101,1012,5,-4,0
R,989,8,0.2,24,104,994,1,-2,0
R,1028,14,0.2,19,95,1000,6,-2,0
R,1067,12,0.2,14,95,1004,4,0,-1
R,1107,18,0.2,0,89,1019,3,0,-3
R,1149,13,0.2,-8,84,1033,6,-2,-3
R,1189,6,0.2,-7,97,1003,7,-5,0
R,1228,10,0.2,-1,101,991,7,-3,0
R,1280,32,0.2,5,101,1005,5,-4,3
R,1309,30,0.2,15,107,1005,4,-5,2
R,1348,21,0.2,9,101,998,3,-5,0
R,1390,15,0.2,13,91,1020,4,-2,-1
R,1429,15,0.2,30,92,1002,6,-1,-1
R,1469,21,0.2,2,94,983,6,-2,0
R,1508,30,0.2,2,99,962,9,2,3
R,1547,11,0.2,7,100,963,4,0,4
R,1587,33,0.2,8,100,976,10,-2,5
R,1629,28,0.3,34,104,988,5,-5,1
R,1668,28,0.3,39,107,1007,4,-4,-2
R,1709,18,0.3,35,104,1000,5,-3,-5
R,1748,9,0.3,15,94,1008,5,-2,-4
R,1788,29,0.3,-2,95,997,5,-1,-2
R,1829,56,0.3,-8,97,991,6,-1,0
R,1869,50,0.3,-11,97,999,3,-2,0
R,1909,9,0.3,-12,92,1003,3,-3,0
R,1949,22,0.3,3,99,998,4,-5,1
R,1989,28,0.3,17,106,989,6,-3,1
R,2028,10,0.4,34,102,1004,7,-2,0
R,2068,9,0.4,37,105,992,6,-2,0
R,2109,10,0.4,23,94,997,6,-1,-1
R,2148,9,0.4,-1,93,1005,5,-1,-4
R,2189,8,0.4,2,89,1019,7,-1,-3
R,2228,12,0.4,-12,93,1001,7,-4,-1
R,2281,10,0.4,0,98,992,7,-3,0
R,2309,12,0.4,-2,98,1005,4,-3,1
R,2349,5,0.4,7,106,996,6,-5,2
R,2389,15,0.4,10,104,1004,5,-5,1
R,2428,14,0.4,25,103,1011,4,-4,0
R,2469,9,0.4,23,95,1007,1,-3,0
R,2509,9,0.4,15,96,997,3,-2,0
R,2549,21,0.4,7,85,1016,2,0,0
R,2589,21,0.4,4,88,1018,10,0,0
R,2629,6,0.4,16,83,980,7,0,0
R,2669,13,0.4,-6,94,1002,9,-2,2
R,2709,23,0.4,8,103,1002,14,-4,3
R,2749,10,0.4,31,105,1023,6,-2,1
R,2789,9,0.4,30,98,1039,4,-1,-1
R,2828,13,0.4,25,95,1022,4,-3,-4
R,2868,5,0.4,6,95,997,5,-2,-3
R,2909,3,0.4,3,93,986,4,-1,-2
R,2948,5,0.4,-14,86,1005,4,-1,0
R,2989,26,0.5,1,89,1020,2,-1,1
R,3027,15,0.5,0,101,1001,6,-3,0
R,3067,7,0.5,1,97,1014,2,-3,0
R,3108,7,0.5,19,106,989,7,-4,0
R,3149,11,0.5,28,102,990,6,-4,1
R,3188,4,0.5,11,100,1008,7,-2,0
R,3228,8,0.5,15,94,1027,4,0,0
R,3281,9,0.5,15,95,1010,4,-3,-1
R,3308,9,0.5,0,94,1000,2,-3,-1
R,3348,8,0.5,-8,88,1002,3,-1,0
R,3390,6,0.5,0,97,972,7,-2,1
R,3428,15,0.5,-5,94,1010,6,-1,3
R,3469,33,0.5,0,111,958,12,-6,6
R,3509,27,0.5,21,108,998,9,-4,5
R,3548,12,0.5,35,110,1013,6,-1,2
R,3588,20,0.5,34,110,1000,7,-2,-1
R,3628,24,0.5,25,102,1011,7,-4,-4
R,3669,12,0.5,10,96,992,6,-3,-4
R,3709,8,0.5,-3,90,1001,7,-2,-3
R,3749,12,0.5,-14,85,1003,4,-1,-1
R,3789,10,0.6,-15,98,1000,3,-3,1
R,3828,14,0.6,-11,100,997,6,-4,0
R,3869,14,0.6,8,107,1004,5,-6,0
R,3909,11,0.6,14,101,995,4,-7,1
R,3948,26,0.6,34,107,985,0,-8,0
R,3989,21,0.6,26,98,1007,8,-8,-1
R,4030,18,0.6,28,101,1009,7,-6,-5
R,4068,10,0.6,31,102,1016,5,0,-5
R,4109,11,0.6,-3,97,1012,7,0,-4
R,4149,10,0.6,-22,83,999,6,-3,0
R,4189,10,0.6,-21,95,960,8,-5,2
R,4228,14,0.6,-22,93,998,2,-4,1
R,4281,3,0.6,11,98,1019,4,-5,0
R,4309,3,0.6,18,112,1003,8,-8,1
R,4349,23,0.6,34,108,993,5,-5,0
R,4390,21,0.6,20,96,993,2,-1,0
R,4429,13,0.6,34,107,958,8,-1,-1
R,4469,13,0.6,12,95,1009,1,-2,-3
R,4507,27,0.6,10,102,997,8,-3,-3
R,4549,18,0.7,0,95,1001,3,-5,-2
R,4589,5,0.7,-5,91,992,3,-4,0
R,4630,9,0.7,-7,92,1002,6,-3,1
R,4670,25,0.7,9,99,996,6,-3,2
R,4709,31,0.7,19,102,990,3,-4,0
R,4749,12,0.7,18,107,1002,7,-5,-1
R,4789,5,0.7,20,98,1019,5,-4,-2
R,4829,17,0.7,20,102,996,7,-3,-1
R,4869,23,0.7,4,91,996,4,-1,-1
R,4909,22,0.7,8,94,1011,5,0,0
R,4949,8,0.7,4,101,998,5,-2,0
R,4988,21,0.7,3,98,1003,4,-4,0
R,5028,25,0.7,0,92,1011,3,-4,0
R,5069,15,0.7,9,99,996,6,-4,0
R,5109,18,0.7,16,101,986,5,-3,1
R,5149,21,0.7,11,101,998,5,-2,0
R,5189,16,0.8,15,95,997,4,-2,0
R,5229,21,0.8,14,96,992,5,-3,-1
R,5282,23,0.8,7,89,1004,4,-3,0
R,5309,31,0.8,8,99,1002,5,-2,-1
R,5349,19,0.8,3,99,996,5,-2,0
R,5390,18,0.8,5,99,1005,5,-2,0
R,5429,27,0.8,0,101,1015,5,-2,0
R,5469,18,0.8,9,98,1000,4,-4,0
R,5507,5,0.8,10,99,996,5,-4,0
R,5549,25,0.8,9,94,998,5,-3,0
R,5589,36,0.8,12,97,998,4,-3,0
R,5629,15,0.8,10,101,999,7,-2,0
R,5669,13,0.8,10,96,1007,6,-2,-1
R,5709,22,0.8,8,92,1009,3,-2,0
R,5749,25,0.9,13,101,986,5,-4,0
R,5789,5,0.9,6,96,1008,5,-2,0
R,5829,16,0.9,3,92,1012,5,-2,0
R,5869,15,0.9,12,95,1005,4,-2,0
R,5909,6,0.9,9,98,1009,4,-3,0
R,5948,5,0.9,14,101,994,5,-2,-1
R,5987,11,0.9,12,98,998,5,-2,0
R,6028,28,0.9,10,96,1005,5,-2,0
R,6068,32,0.9,8,96,1013,4,-1,0
R,6109,23,0.9,11,97,1006,4,-3,0
R,6149,12,0.9,16,97,991,6,-3,0
R,6189,11,0.9,3,94,1000,6,-3,0
R,6229,12,0.9,12,88,1022,4,-1,0
R,6281,9,0.9,11,100,1005,6,-4,0
R,6309,21,0.9,7,93,1022,4,-1,0
R,6348,14,0.9,12,100,989,7,-4,0
R,6389,6,0.9,8,100,992,6,-4,0
R,6429,19,0.9,10,96,1004,5,-1,0
R,6467,30,1.0,15,99,1015,5,-3,0
R,6507,26,1.0,17,99,995,4,-2,0
R,6549,17,1.0,16,97,996,5,-3,0
R,6588,16,1.0,4,94,1005,4,-3,0
R,6629,12,1.0,7,90,1021,2,-1,0
R,6669,31,1.0,5,98,1011,6,-4,0
R,6708,47,1.0,5,94,1013,7,-3,0
R,6749,41,1.0,14,98,999,5,-3,0
R,6789,28,1.0,15,100,993,5,-4,0
R,6828,10,1.0,10,96,996,4,-3,0
R,6870,14,1.0,13,94,1012,5,-3,0
R,6909,24,1.1,10,96,1009,4,-2,0
R,6947,40,1.1,5,97,1012,5,-2,0
R,6988,47,1.1,4,97,1001,4,-2,0
R,7029,42,1.1,8,100,996,4,-2,0
R,7069,25,1.1,4,94,1002,4,-2,0
R,7108,8,1.1,3,91,1016,4,-3,0
R,7149,31,1.1,9,99,1007,5,-3,0
R,7188,32,1.1,10,99,1007,5,-2,0
R,7228,28,1.1,6,94,1007,5,-3,0
R,7282,23,1.2,9,93,1009,6,-2,0
R,7308,18,1.2,16,98,998,5,-2,0
R,7348,11,1.2,12,101,996,6,-3,0
R,7390,6,1.2,12,99,1003,6,-3,0
R,7427,27,1.2,13,90,1004,5,-3,0
R,7467,24,1.2,9,95,1010,4,-1,0
R,7508,20,1.2,5,94,1011,6,-2,0
R,7549,32,1.2,8,97,1006,6,-4,0
R,7589,36,1.2,8,103,990,6,-4,0
R,7629,23,1.2,7,94,1008,4,-1,0
R,7669,9,1.2,11,94,1016,4,-3,0
R,7709,2,1.2,14,95,998,4,-3,0
R,7749,22,1.2,11,91,1014,5,-1,0
R,7789,28,1.3,10,96,1007,4,-3,0
R,7830,18,1.3,13,98,1005,4,-2,0
R,7870,13,1.3,3,98,995,5,-3,0
R,7909,31,1.3,8,92,1018,4,-2,0
R,7948,28,1.3,9,97,996,5,-3,0
R,7988,12,1.3,12,100,1006,7,-3,0
R,8029,28,1.3,2,95,1011,5,-2,0
R,8070,17,1.3,14,97,1006,4,-3,0
R,8108,33,1.3,10,90,1011,6,-2,0
R,8149,58,1.3,16,94,1002,5,-2,0
R,8189,44,1.4,12,98,1000,3,-2,0
R,8228,26,1.4,13,96,1000,3,-3,0
R,8281,30,1.4,4,97,1002,5,-3,0
R,8309,54,1.4,11,95,1014,5,-2,0
R,8349,46,1.4,12,92,1007,5,-1,0
R,8390,21,1.4,5,128,948,-1,-9,1
R,8427,32,1.4,127,90,1044,3,9,4
R,8469,43,1.4,201,6,1474,-6,13,6
R,8509,24,1.5,78,125,671,3,-7,4
R,8549,16,1.5,-8,159,826,13,-10,-4
R,8589,27,1.5,10,89,1028,13,2,0
R,8629,14,1.5,-6,118,969,3,-1,6
R,8670,5,1.5,-6,75,1051,3,-1,3
R,8709,10,1.5,17,81,1061,3,0,0
R,8749,3,1.5,17,106,968,3,-6,-2
R,8789,8,1.5,-3,90,998,-4,-4,-3
R,8829,12,1.5,9,87,1027,0,0,0
R,8869,6,1.5,0,97,984,4,-2,0
R,8908,9,1.5,-2,91,1020,0,0,1
R,8949,6,1.5,6,89,1026,4,-2,0
R,8989,15,1.5,13,110,969,9,-6,0
R,9029,14,1.5,11,99,1016,3,-3,-1
R,9069,7,1.5,17,93,1018,5,-3,0
R,9108,15,1.5,17,101,1000,3,-2,1
R,9149,20,1.5,15,106,978,9,-3,0
R,9189,9,1.5,11,92,1018,5,-2,0
R,9229,14,1.5,9,97,978,6,-5,0
R,9282,13,1.5,7,103,983,6,-5,0
R,9309,11,1.5,5,91,1021,5,-2,0
R,9349,24,1.5,18,96,1018,3,0,0
R,9389,21,1.6,16,107,976,5,-3,0
R,9429,10,1.6,6,101,991,4,-3,0
R,9469,14,1.6,9,92,1014,3,-2,0
R,9509,17,1.6,18,94,1002,4,-4,-1
R,9549,6,1.6,6,88,1025,4,-1,0
R,9588,16,1.6,9,94,1014,5,-1,0
R,9629,14,1.6,5,93,1011,4,-3,0
R,9669,9,1.6,10,101,991,5,-3,0
R,9709,24,1.6,1,99,1004,5,-3,-1
R,9748,11,1.6,15,97,1012,4,-2,0
R,9789,6,1.6,21,101,983,7,-3,0
R,9829,8,1.6,10,98,1005,6,-1,0
R,9869,13,1.6,19,92,1019,3,-1,0
R,9909,12,1.6,6,96,1006,5,-3,0
R,9947,3,1.6,12,94,1011,3,-2,-1
R,9989,18,1.6,14,107,980,6,-4,0
R,10029,18,1.6,14,106,977,6,-4,0
R,10069,12,1.6,5,98,996,6,-3,0
R,10109,16,1.6,4,94,1016,4,-2,0
R,10149,18,1.6,15,95,1012,6,-2,0
R,10188,10,1.7,3,100,985,6,-4,0
R,10228,18,1.7,6,98,994,6,-3,0
R,10281,29,1.7,15,98,1000,5,-3,0
R,10308,19,1.7,7,97,1001,6,-3,0
R,10349,8,1.7,7,92,1027,3,-2,-1
R,10390,13,1.7,17,96,1011,3,-2,0
R,10428,20,1.7,13,96,1009,3,-2,0
R,10469,31,1.7,7,95,1005,3,-3,0
R,10509,21,1.7,14,89,1034,5,-3,-1
R,10549,14,1.7,15,97,1000,7,-2,0
R,10589,30,1.7,21,101,988,5,-4,0
R,10628,14,1.7,13,96,1008,1,-2,0
R,10669,6,1.7,6,105,980,9,-4,0
R,10709,15,1.7,0,96,988,5,-3,0
R,10749,22,1.7,-3,95,1012,5,-2,0
R,10788,13,1.7,13,95,1010,2,-2,0
R,10829,5,1.8,15,104,988,5,-4,0
R,10867,12,1.8,6,99,987,4,-4,0
R,10907,15,1.8,1,96,995,3,-4,0
R,10949,21,1.8,14,89,1025,1,-1,0
R,10989,22,1.8,1,92,1020,4,-3,0
R,11029,15,1.8,14,93,1018,5,-2,0
R,11069,10,1.8,17,103,985,4,-2,0
R,11109,12,1.8,0,97,997,5,-3,0
R,11148,12,1.8,5,95,1003,5,-4,0
R,11189,13,1.8,0,95,1010,4,-3,0
R,11229,12,1.8,14,93,1016,4,-2,0
R,11280,11,1.8,14,102,999,5,-2,0
R,11309,12,1.8,21,100,1000,4,-2,0
R,11347,7,1.8,20,104,986,6,-4,0
R,11389,22,1.8,3,89,1023,7,-2,0
R,11428,19,1.8,15,97,1005,6,-2,0
R,11468,10,1.8,0,99,1009,2,-2,0
R,11508,18,1.8,11,89,1035,4,-1,0
R,11549,19,1.8,15,100,988,2,-2,0
R,11589,7,1.9,6,108,957,9,-6,0
R,11628,18,1.9,8,109,970,8,-6,0
R,11669,20,1.9,9,102,983,4,-2,0
R,11709,9,1.9,0,87,1025,3,-2,-1
R,11748,5,1.9,14,88,1018,4,-2,-1
R,11789,18,1.9,4,90,1010,5,-2,0
R,11828,19,1.9,9,103,999,4,-4,0
R,11869,7,1.9,20,96,1002,2,-1,0
R,11909,13,1.9,2,94,1005,6,-2,0
R,11949,4,1.9,15,95,1007,2,-3,0
R,11988,11,1.9,10,105,964,7,-6,0
R,12028,17,1.9,13,95,1021,4,-1,0
R,12069,6,1.9,9,82,1061,2,0,-1
R,12109,8,1.9,19,87,1052,2,0,0
R,12149,8,1.9,-2,92,1003,6,-2,0
R,12189,6,1.9,3,92,1029,5,-3,0
R,12228,9,1.9,7,91,1021,3,-1,0
R,12281,7,1.9,6,97,1003,5,-3,0
R,12308,5,1.9,-1,92,1016,2,-3,0
R,12349,6,1.9,12,91,1016,4,-3,0
R,12389,5,1.9,9,93,997,4,-4,0
R,12429,4,1.9,15,96,1006,5,-3,0
R,12469,11,1.9,13,103,988,3,-3,0
R,12509,14,1.9,22,96,1009,2,-2,0
R,12549,8,1.9,6,97,993,9,-3,0
R,12589,5,1.9,10,95,1017,5,-2,0
R,12629,8,1.9,7,90,1030,2,-2,0
R,12669,10,1.9,35,112,936,7,-4,1
R,12709,2,1.9,20,100,956,8,-4,0
R,12748,8,1.9,27,104,1003,3,-1,0
R,12789,5,2.0,-54,75,1050,3,0,2
R,12828,9,2.0,-39,58,1140,1,0,-2
R,12868,13,2.0,-7,80,1046,5,-2,0
R,12909,5,2.0,-13,98,997,8,-4,0
R,12949,5,2.0,-6,89,1030,6,-2,0
R,12989,7,2.0,15,93,1021,2,-2,0
R,13028,1,2.0,9,101,985,5,-3,0
R,13069,5,2.0,13,90,1024,3,-3,0
R,13109,6,2.0,2,89,1034,3,0,0
R,13148,5,2.0,8,90,1025,5,-4,0
R,13189,3,2.0,26,93,1010,6,0,0
R,13228,5,2.0,50,97,1011,2,0,0
R,13281,5,2.0,17,134,871,11,-11,1
R,13307,3,2.0,-17,125,914,11,-10,0
R,13349,11,2.0,14,88,1022,2,0,0
R,13392,14,2.0,-9,106,967,6,-5,0
R,13429,3,2.0,40,129,881,9,-9,2
R,13469,5,2.0,21,111,955,9,-6,0
R,13509,15,2.0,8,99,997,3,-4,0
R,13550,18,2.0,-5,88,1033,5,-3,0
R,13589,14,2.0,3,93,1032,2,0,0
R,13628,9,2.0,28,98,987,5,-2,0
R,13669,12,2.0,9,90,1015,8,-3,0
R,13709,14,2.0,-3,92,1001,4,-5,-1
R,13749,10,2.0,-4,77,1070,7,0,-1
R,13789,8,2.0,19,76,1113,0,2,0
R,13828,5,2.0,3,119,931,7,-7,-1
R,13868,3,2.0,74,118,921,7,-2,-1
R,13909,5,2.0,34,131,863,8,-8,1
R,13949,1,2.0,-12,93,1025,6,-2,0
R,13989,8,2.0,11,87,1025,5,-2,0
R,14029,12,2.0,14,102,989,4,-2,0
R,14069,3,2.0,17,105,962,5,-5,0
R,14109,3,2.0,-7,97,994,6,-4,0
R,14149,9,2.0,-4,92,1019,5,-3,0
R,14189,6,2.0,23,95,1023,4,-1,1
R,14229,5,2.0,35,97,1018,9,-5,0
R,14280,7,2.1,9,118,908,8,-9,0
R,14308,2,2.1,-69,77,1040,7,-7,-2
R,14347,11,2.1,-79,44,1165,0,0,-4
R,14389,16,2.1,10,93,1009,4,-1,0
R,14429,8,2.1,-7,105,977,8,-5,0
R,14469,3,2.1,-5,92,1027,4,-2,0
R,14509,5,2.1,11,89,1053,5,-1,0
R,14549,7,2.1,8,99,990,5,-3,0
R,14589,4,2.1,41,101,1009,1,-1,0
R,14628,13,2.1,30,110,980,3,-2,0
R,14669,15,2.1,32,133,871,8,-8,2
R,14709,6,2.1,-21,111,964,8,-8,1
R,14749,8,2.1,-10,89,1022,4,-2,-1
R,14788,2,2.1,5,99,982,5,-4,-1
R,14828,3,2.1,12,112,947,5,-4,1
R,14868,11,2.1,14,118,934,9,-7,1
R,14909,14,2.1,-5,104,983,7,-5,0
R,14948,14,2.1,6,94,1014,4,-3,0
R,14989,7,2.1,5,89,1013,5,-2,0
R,15029,10,2.1,20,94,1011,4,-1,0
R,15069,18,2.1,40,102,1004,1,-1,1
R,15108,12,2.1,25,134,878,9,-7,1
R,15149,15,2.1,-21,108,955,8,-7,0
R,15189,25,2.1,0,78,1025,3,-1,-2
R,15228,11,2.1,-7,118,938,6,-8,0
R,15279,17,2.1,-15,118,937,9,-8,0
R,15307,20,2.1,3,102,942,7,-6,0
R,15348,6,2.2,12,103,991,4,-4,0
R,15389,6,2.2,20,101,1003,5,-3,0
R,15429,19,2.2,-5,103,966,6,-6,0
R,15469,13,2.2,-23,80,1050,5,-4,-1
R,15509,20,2.2,13,68,1099,2,1,0
R,15549,23,2.2,29,105,966,4,-3,0
R,15588,15,2.2,-9,96,1011,6,-2,0
R,15629,14,2.2,5,85,1061,1,-1,0
R,15669,3,2.2,-8,100,1020,9,-3,0
R,15709,6,2.2,-13,129,880,11,-12,0
R,15748,13,2.2,-72,78,1069,5,-5,-2
R,15788,3,2.2,-4,54,1160,-1,7,-2
R,15828,9,2.2,81,106,980,4,0,0
R,15869,6,2.2,67,124,966,5,-1,2
R,15909,4,2.2,43,110,976,2,0,0
R,15949,6,2.2,24,78,1060,0,0,-1
R,15989,12,2.2,23,75,1094,0,1,-1
R,16029,13,2.2,-18,108,989,3,-3,-1
R,16069,4,2.2,30,93,1022,2,0,0
R,16109,5,2.2,23,100,984,6,-3,0
R,16149,7,2.2,13,96,1025,4,-2,0
R,16189,5,2.2,-12,67,1085,3,0,-1
R,16229,8,2.2,-5,82,1067,2,-2,-1
R,16279,8,2.2,31,106,975,5,-2,0
R,16307,8,2.2,4,105,991,5,-3,0
R,16349,3,2.2,27,110,989,4,-1,0
R,16390,7,2.2,0,116,1059,4,-6,0
R,16428,8,2.2,25,95,1021,3,0,0
R,16469,6,2.2,-18,96,1022,5,-5,0
R,16509,5,2.2,0,94,1013,5,-5,0
R,16549,10,2.3,19,104,971,4,-5,0
R,16589,3,2.3,8,105,1019,2,-1,0
R,16629,10,2.3,42,114,976,4,-2,0
R,16669,11,2.3,18,122,914,9,-7,0
R,16709,5,2.3,15,83,1033,3,-1,0
R,16749,6,2.3,-19,64,937,1,-1,-2
R,16787,7,2.3,29,94,1021,5,0,0
R,16829,15,2.3,-6,95,1009,6,-3,0
R,16869,12,2.3,-1,118,938,7,-8,0
R,16908,8,2.3,28,111,955,6,-7,0
R,16950,3,2.3,21,99,1001,3,-2,-1
R,16989,2,2.3,16,94,1023,3,0,0
R,17028,9,2.3,15,105,974,6,-3,0
R,17069,6,2.3,-31,97,986,7,-8,0
R,17109,13,2.3,-10,94,994,4,-4,0
R,17149,17,2.3,22,82,1018,6,-1,0
R,17189,14,2.3,-28,74,1083,0,-1,-2
R,17227,13,2.3,-13,78,1055,3,-1,-1
R,17279,10,2.3,15,89,1040,7,0,0
R,17309,12,2.3,8,76,1087,2,0,0
R,17349,10,2.3,0,98,1000,4,-2,0
R,17390,3,2.3,-12,116,956,11,-5,0
R,17429,4,2.3,13,89,1015,5,-2,0
R,17469,6,2.3,13,96,991,4,-2,0
R,17509,14,2.3,3,104,986,11,-4,0
R,17549,13,2.3,14,103,1000,4,-4,0
R,17589,13,2.3,20,108,962,4,-2,0
R,17629,18,2.3,7,103,996,3,-3,0
R,17669,12,2.3,7,102,992,6,-4,0
R,17709,13,2.4,-5,94,1005,6,-5,-2
R,17749,13,2.4,11,88,1020,3,-2,0
R,17788,10,2.4,7,95,1006,6,-2,0
R,17829,17,2.4,4,104,989,4,-4,0
R,17869,12,2.4,33,96,1020,2,0,1
R,17909,16,2.4,17,113,953,6,-5,0
R,17949,12,2.4,27,105,996,5,-4,0
R,17988,6,2.4,-7,97,1004,5,-3,0
R,18029,14,2.4,0,90,1017,5,-3,-1
R,18069,13,2.4,2,98,1007,4,-4,0
R,18108,4,2.4,19,94,995,5,-2,0
R,18149,19,2.4,2,110,956,7,-4,0
R,18189,18,2.4,-28,97,1003,6,-5,-1
R,18227,15,2.4,59,114,943,2,-3,-1
R,18279,6,2.4,10,92,1042,5,-2,0
R,18308,6,2.4,24,88,1042,3,0,0
R,18349,10,2.4,0,87,1018,3,-3,0
R,18389,15,2.4,-20,88,1047,2,-3,-1
R,18429,5,2.4,0,82,1062,5,-1,0
R,18469,4,2.4,12,99,979,8,-4,-1
R,18509,10,2.4,-11,94,995,4,-5,0
R,18549,6,2.4,-5,102,1010,4,-4,0
R,18589,8,2.4,0,106,983,4,-6,0
R,18629,2,2.4,22,92,1034,4,0,0
R,18669,14,2.4,15,89,1020,5,-1,0
R,18707,12,2.5,10,99,1001,4,-2,0
R,18747,4,2.5,25,114,972,7,-3,1
R,18789,8,2.5,-9,94,975,8,-6,-1
R,18829,10,2.5,24,85,1041,2,0,0
R,18869,5,2.5,24,90,1016,4,-1,0
R,18909,6,2.5,0,101,985,3,-5,0
R,18948,17,2.5,14,104,955,6,-7,0
R,18989,4,2.5,10,93,1034,2,0,0
R,19029,9,2.5,17,89,1020,5,-1,-1
R,19069,6,2.5,7,90,1037,5,0,0
R,19109,8,2.5,29,99,1007,5,-3,0
R,19149,9,2.5,0,88,1017,6,-4,-1
R,19187,9,2.5,14,70,1109,1,2,0
R,19227,1,2.5,26,85,1038,2,0,-1
R,19280,4,2.5,14,91,973,4,-2,0
R,19309,8,2.5,9,92,1037,4,-1,0
R,19349,12,2.5,19,108,959,8,-4,0
R,19391,5,2.5,16,116,948,5,-5,0
R,19429,7,2.5,-1,96,1012,6,-4,-1
R,19469,5,2.5,6,91,1018,4,0,0
R,19509,8,2.5,22,112,935,5,-5,0
R,19549,4,2.5,3,97,1017,4,-3,0
R,19589,5,2.5,-1,93,1009,7,-3,0
R,19629,6,2.5,12,96,995,4,-1,0
R,19668,5,2.5,3,93,1049,2,-1,0
R,19708,3,2.5,23,102,972,8,-4,0
R,19748,11,2.5,21,91,1025,4,-1,0
R,19789,7,2.5,29,99,982,5,-1,0
R,19829,12,2.5,13,92,1019,2,0,1
R,19869,2,2.5,9,98,993,5,-5,0
R,19909,9,2.5,21,90,1010,7,-3,-1
R,19949,15,2.5,17,89,1018,3,-1,0
R,19989,10,2.5,7,89,1013,2,0,0
[dump] FIN RUN #3 t60=0 t330=0 t660=0 t1320=0
[dump] RUN #4 heure=15:14:52 src=TRANSBRAKE rollout_ms=0 statut=ABANDON
[dump] colonnes: R,elapsed_ms,kmh_x100,dist_ft,ax_mg,ay_mg,az_mg,gx_ds10,gy_ds10,gz_ds10
R,29,522,0.1,-128,139,1212,4,-19,0
R,68,518,0.3,52,103,973,13,3,-1
R,109,512,0.5,-78,192,889,61,-19,-15
R,151,507,0.7,-77,221,738,20,-14,8
R,188,516,0.9,-198,227,854,-7,-31,-18
R,229,531,1.1,-34,211,892,-3,-5,-3
R,268,519,1.3,170,113,889,30,-5,-2
R,308,494,1.5,-3,95,1143,-2,0,-6
R,351,470,1.6,-90,127,1002,-14,7,-3
R,389,453,1.8,-73,223,818,23,6,2
R,428,449,2.0,-13,157,1003,-5,-11,-4
R,469,426,2.1,-191,248,891,20,-28,-11
R,509,408,2.3,107,147,881,22,-5,-2
R,551,402,2.4,-50,291,899,-4,-15,-1
R,590,400,2.6,37,139,992,8,4,1
R,628,392,2.7,39,190,1020,-5,3,-5
R,668,387,2.9,-13,226,831,12,-15,1
R,721,391,3.0,-20,286,841,35,-22,1
R,748,368,3.1,24,164,738,-6,14,-6
R,789,351,3.3,141,188,734,-3,-8,3
R,831,345,3.4,52,142,924,0,7,7
R,869,334,3.5,23,118,1015,3,-8,-4
R,909,315,3.6,20,141,935,16,-1,-1
R,949,297,3.7,-35,221,882,20,-8,0
R,989,293,3.9,-56,313,946,0,-26,4
R,1029,264,4.0,100,21,1176,-23,3,-7
R,1069,256,4.1,39,109,829,8,6,5
R,1109,255,4.1,-63,159,1021,0,2,1
R,1150,255,4.2,161,91,1007,9,5,-4
R,1188,245,4.3,28,175,952,-9,-1,3
R,1228,228,4.4,116,95,1205,-8,26,3
R,1268,227,4.5,-156,265,853,49,-49,-21
R,1309,227,4.6,132,162,1091,-24,9,8
R,1350,218,4.7,-60,139,981,27,-16,-13
R,1389,201,4.7,-25,183,874,23,-8,3
R,1429,179,4.8,27,180,870,5,-11,-3
R,1469,158,4.9,84,-2,1193,-3,5,-3
R,1509,164,4.9,9,100,1126,-9,0,-1
R,1549,167,5.0,102,110,1015,17,-7,-6
R,1589,161,5.0,39,111,949,-4,-17,-3
R,1629,148,5.1,141,92,955,33,-1,-4
R,1668,132,5.2,-28,69,1064,-25,1,-1
R,1720,123,5.2,48,92,1196,-17,1,0
R,1748,113,5.2,-41,164,976,-5,-12,-3
R,1788,110,5.3,-263,133,868,40,-28,-8
R,1830,113,5.3,1,190,800,-1,-5,-2
R,1868,94,5.4,81,149,932,0,-8,2
R,1908,80,5.4,-5,122,1074,1,12,4
R,1948,73,5.4,-62,129,1082,14,-25,-13
R,1989,73,5.5,-26,151,907,-3,-7,4
R,2028,70,5.5,-72,140,1048,35,-22,-9
R,2068,66,5.5,8,99,949,-13,18,3
R,2109,62,5.5,101,14,1436,-20,25,-12
R,2151,54,5.5,-176,113,857,-9,6,5
R,2188,37,5.6,-18,122,967,5,-3,-1
R,2228,22,5.6,38,89,1142,2,0,-1
R,2268,15,5.6,-86,402,959,42,-29,-2
R,2308,11,5.6,369,76,959,75,32,29
R,2348,11,5.6,314,10,1207,-54,-11,-5
R,2389,16,5.6,57,163,1021,16,47,16
R,2428,16,5.6,-120,-21,1198,-55,-29,-14
R,2469,33,5.6,68,27,1134,28,-3,-4
R,2509,36,5.6,112,61,1020,7,7,-1
R,2548,36,5.6,9,97,901,2,-8,3
R,2588,41,5.6,-122,33,1036,0,-21,-11
R,2628,53,5.7,81,-12,976,24,-4,-4
R,2668,56,5.7,37,131,907,42,-20,-1
R,2719,50,5.7,23,61,976,25,-18,-3
R,2748,44,5.7,38,74,920,-11,4,5
R,2788,46,5.7,95,43,944,-5,10,-1
R,2829,56,5.8,119,-19,1071,-18,9,5
R,2868,64,5.8,206,27,857,-20,16,3
R,2908,68,5.8,-52,50,934,31,-18,-3
R,2948,73,5.8,104,40,1067,29,6,2
R,2989,70,5.9,1,-12,1129,-32,2,-4
R,3028,77,5.9,39,69,1021,28,-7,4
R,3068,74,5.9,22,91,1037,-17,4,0
R,3108,76,5.9,26,45,1059,7,-11,0
R,3148,69,6.0,9,55,1024,7,-15,-5
R,3188,66,6.0,29,133,866,-19,-15,-1
R,3229,80,6.0,-3,132,959,2,-12,-1
R,3268,89,6.0,43,96,938,15,-7,1
R,3308,93,6.1,98,-21,1149,-20,16,0
R,3348,101,6.1,-26,16,1092,3,7,-4
R,3389,114,6.2,-32,155,870,23,-5,5
R,3428,112,6.2,-38,175,727,20,-28,-5
R,3468,96,6.2,-17,128,945,-18,-23,3
R,3510,91,6.3,-74,12,1228,6,1,-3
R,3550,84,6.3,45,123,976,8,-5,4
R,3588,80,6.3,171,83,979,-17,10,10
R,3629,81,6.4,-18,124,898,18,-19,-1
R,3668,87,6.4,-214,266,763,-7,-33,-7
R,3721,108,6.4,2,144,773,36,-26,0
R,3748,112,6.5,132,64,1225,11,14,1
R,3789,112,6.5,96,80,985,-21,3,5
R,3830,118,6.5,46,55,1046,-11,-9,-4
R,3868,116,6.6,-79,163,716,51,-11,2
R,3908,123,6.6,206,41,1153,-19,9,7
R,3949,127,6.7,-185,169,716,1,-10,-7
R,3989,131,6.7,97,66,997,2,10,9
R,4028,131,6.8,62,63,1161,-2,1,-2
R,4068,118,6.8,-23,131,769,5,-18,2
R,4108,114,6.9,-138,80,957,-6,-23,-12
R,4148,109,6.9,-28,18,1146,19,0,-2
R,4188,112,6.9,87,121,888,-1,-2,2
R,4229,130,7.0,75,162,846,26,-20,1
R,4268,143,7.0,-53,116,907,21,-1,8
R,4308,139,7.1,-81,215,692,36,6,4
R,4348,133,7.1,-11,81,960,6,-14,-1
R,4389,143,7.2,52,125,879,32,-3,6
R,4429,140,7.2,12,79,1050,6,-6,3
R,4469,131,7.3,51,1,1167,7,4,0
R,4510,117,7.3,32,28,1097,9,-1,-2
R,4551,114,7.4,125,29,973,6,-5,-1
R,4590,121,7.4,-59,217,802,5,-37,-13
R,4628,135,7.5,6,136,955,6,-15,-5
R,4669,158,7.5,188,11,1170,-14,22,6
R,4721,173,7.6,120,0,1081,-18,5,-3
R,4749,174,7.6,-80,142,816,5,-8,1
R,4789,167,7.7,123,70,960,-23,0,0
R,4830,151,7.8,170,44,1159,5,6,3
R,4869,141,7.8,-59,73,1070,-14,8,-1
R,4909,139,7.9,58,80,1074,12,-8,-5
R,4949,148,7.9,52,0,1138,-6,-7,-12
R,4990,159,8.0,-23,50,1006,17,-16,-14
R,5029,177,8.0,43,62,1068,33,-8,-12
R,5069,176,8.1,-119,135,914,29,-10,-10
R,5108,170,8.2,23,58,1073,12,-10,-13
R,5148,160,8.2,-175,110,820,16,-21,-11
R,5189,146,8.3,-129,126,912,17,-5,-8
R,5229,149,8.3,177,91,881,-6,-1,-11
R,5269,153,8.4,76,85,1150,0,-6,-2
R,5309,162,8.4,57,30,1084,30,0,-10
R,5351,165,8.5,159,-24,1220,12,14,-4
R,5389,165,8.6,106,107,1060,19,-12,-6
R,5429,167,8.6,-9,-7,1295,16,4,-7
R,5468,174,8.7,-59,141,961,12,-23,-9
R,5510,174,8.8,-14,160,822,0,-20,-8
R,5551,174,8.8,27,-20,1225,-4,9,-3
R,5588,170,8.9,165,-8,1052,31,14,-2
R,5628,182,8.9,-126,84,891,-10,-28,-16
R,5670,180,9.0,45,52,982,4,-4,-5
R,5721,175,9.1,-11,67,1105,1,2,-2
R,5749,169,9.1,31,79,938,22,-4,-3
R,5789,176,9.2,-51,11,1004,15,-19,-15
R,5831,192,9.3,31,67,961,11,-2,5
R,5869,207,9.3,226,-22,1195,14,12,2
R,5910,202,9.4,31,8,1051,9,0,-3
R,5950,198,9.5,-220,118,866,2,-9,-1
R,5989,188,9.6,72,84,949,1,3,5
R,6028,187,9.6,119,32,1215,-19,17,5
R,6069,207,9.7,-141,57,1002,5,-6,-6
R,6109,217,9.8,93,-8,1213,-7,-15,-2
R,6149,215,9.8,-32,60,1004,10,4,-1
R,6189,202,9.9,-44,111,951,0,-6,-4
R,6230,190,10.0,-68,11,1200,15,-3,-11
R,6269,189,10.1,-88,181,802,22,-34,-5
R,6309,199,10.1,-63,169,791,37,-14,0
R,6350,210,10.2,71,2,1279,-28,17,2
R,6389,223,10.3,28,-1,1127,21,4,1
R,6429,239,10.4,10,77,1026,12,4,4
R,6469,244,10.5,23,9,962,-13,-11,-5
R,6510,227,10.6,8,44,1243,-4,19,4
R,6549,205,10.6,-38,73,1137,23,-11,-7
R,6588,205,10.7,5,101,745,7,-6,9
R,6628,228,10.8,69,-7,1157,-9,10,4
R,6668,250,10.9,55,-59,1077,-15,10,-4
R,6722,252,11.0,174,2,1129,-9,19,11
R,6751,244,11.1,-21,138,845,19,-28,-5
R,6788,223,11.1,98,142,780,1,-3,0
R,6830,210,11.2,92,116,1186,16,-11,0
R,6869,212,11.3,-23,136,895,4,-6,-1
R,6909,230,11.4,9,132,846,31,-23,-5
R,6948,246,11.5,29,61,1042,15,2,-5
R,6989,246,11.5,51,141,884,-15,-1,2
R,7029,241,11.6,65,21,1111,-17,11,7
R,7069,232,11.7,0,-57,1158,-20,8,-9
R,7109,234,11.8,8,23,1055,18,-4,-1
R,7148,240,11.9,64,16,1118,17,11,2
R,7188,258,12.0,-58,177,802,19,-29,-13
R,7229,262,12.1,11,104,931,11,-12,-5
R,7269,267,12.2,197,81,1059,12,6,2
R,7309,271,12.3,-6,44,1120,1,3,2
R,7350,261,12.4,85,39,989,23,-7,-10
R,7389,249,12.5,-101,92,873,0,-14,-4
R,7429,242,12.6,110,71,825,17,-15,-1
R,7469,240,12.6,-54,88,835,-9,-20,-1
R,7509,240,12.7,-32,60,1016,-2,1,-2
R,7548,233,12.8,-5,-6,790,28,3,-5
R,7588,239,12.9,83,72,896,-16,6,2
R,7629,265,13.0,233,107,1085,-13,35,16
R,7669,290,13.1,56,-31,1260,3,10,0
R,7720,283,13.2,-35,-17,1272,-27,-5,-9
R,7751,254,13.3,-12,27,1050,-11,-21,-5
R,7789,228,13.4,-15,78,956,21,-1,2
R,7831,229,13.5,184,-82,1155,21,1,-6
R,7868,246,13.6,29,89,958,-2,-4,0
R,7909,290,13.7,-119,127,832,42,-29,-20
R,7951,299,13.8,-86,125,771,0,-22,-1
R,7989,277,13.9,-124,127,1013,26,-25,-17
R,8028,265,14.0,1,121,838,17,-9,-1
R,8068,257,14.1,-2,1,1090,18,-5,-6
R,8109,269,14.2,4,162,874,9,-11,0
R,8151,271,14.3,182,16,1174,23,0,-1
R,8188,264,14.4,-45,56,1063,9,-1,0
R,8229,271,14.5,-46,148,776,17,-16,-2
R,8269,284,14.6,137,-28,1100,0,30,3
R,8309,288,14.7,148,101,1025,4,2,-1
R,8351,279,14.8,-213,211,884,3,-41,-11
R,8389,283,14.9,13,59,913,-11,0,1
R,8429,278,15.0,-35,72,1007,7,-7,-9
R,8469,264,15.1,-117,52,942,3,-8,-5
R,8509,261,15.2,-54,93,793,21,-10,0
R,8548,264,15.3,126,107,999,16,22,12
R,8589,269,15.4,3,-24,1089,-29,0,2
R,8629,264,15.4,-139,58,896,18,-25,-17
R,8669,248,15.5,-83,47,874,2,-11,-4
R,8721,245,15.7,-56,26,1106,16,-15,-11
R,8749,252,15.7,-61,85,1012,-12,-15,-4
R,8788,259,15.8,-24,81,936,8,-11,-2
R,8830,249,15.9,-120,125,817,42,-27,-5
R,8869,232,16.0,-143,77,946,27,-3,0
R,8908,226,16.1,93,86,910,-1,-5,0
R,8950,214,16.2,0,-3,976,-21,0,-1
R,8989,206,16.2,48,-20,1062,32,2,-1
R,9028,198,16.3,84,45,981,42,-15,-5
R,9069,191,16.4,-51,56,994,42,-21,-4
R,9110,187,16.5,-21,39,1042,18,-8,-6
R,9149,183,16.5,79,2,1125,39,-8,-6
R,9190,183,16.6,-205,34,995,30,-40,-26
R,9230,171,16.7,-98,70,878,-1,-22,-2
R,9269,161,16.7,-19,83,822,24,-2,0
R,9310,168,16.8,64,-11,1080,-4,13,2
R,9351,179,16.8,-1,6,1017,12,-20,-8
R,9390,177,16.9,-43,2,1014,12,5,0
R,9430,176,17.0,196,63,972,0,25,13
R,9469,162,17.0,98,-58,1357,-22,16,2
R,9509,136,17.1,58,-46,1024,6,23,0
R,9550,109,17.1,143,-13,1025,-1,-7,-3
R,9590,102,17.2,-2,-60,1111,-1,2,0
R,9628,100,17.2,2,81,978,-4,0,3
R,9669,114,17.2,131,-20,1287,-1,10,2
R,9721,138,17.3,-13,174,831,25,-28,-9
R,9748,144,17.3,146,8,1154,0,11,3
R,9789,136,17.4,23,-2,1160,-1,-9,-6
R,9830,138,17.4,-97,105,853,30,-20,-2
R,9868,135,17.5,145,142,799,32,-3,-2
R,9908,139,17.5,-27,99,1028,-13,-14,0
R,9949,145,17.6,79,34,1109,14,0,0
R,9989,141,17.6,-99,28,1166,11,25,5
R,10029,136,17.7,6,54,1077,-1,0,0
R,10069,124,17.7,-99,126,895,4,-7,-2
R,10109,110,17.8,-63,138,889,8,-3,4
R,10151,109,17.8,-86,74,1004,-19,-9,-5
R,10190,127,17.9,-73,10,1089,-1,2,-2
R,10229,134,17.9,-150,154,869,27,-21,-9
R,10268,142,18.0,22,72,972,25,-9,-4
R,10308,137,18.0,-49,151,849,5,-20,-1
R,10351,132,18.1,-76,141,825,16,-5,2
R,10390,127,18.1,109,52,1069,-16,19,5
R,10428,125,18.2,-81,67,868,15,-11,-9
R,10468,123,18.2,17,89,862,6,-9,2
R,10508,144,18.2,26,11,1131,-37,20,6
R,10548,156,18.3,-32,41,1076,-10,2,-4
R,10589,162,18.4,98,77,996,17,-1,3
R,10628,156,18.4,-46,114,968,30,4,1
R,10668,152,18.5,-1,46,1109,-22,19,6
R,10721,140,18.5,280,42,1076,17,11,4
R,10749,146,18.6,-15,113,942,12,-15,0
R,10788,150,18.6,-28,-5,1203,8,8,-4
R,10830,166,18.7,82,29,1063,-2,-3,-2
R,10868,175,18.8,31,47,1022,-11,-3,-4
R,10908,168,18.8,-24,6,1056,-27,10,0
R,10948,165,18.9,-1,-26,1127,-6,23,0
R,10988,154,18.9,17,95,1013,17,-9,-4
R,11028,162,19.0,48,110,844,0,-4,5
R,11068,161,19.0,149,-11,1118,-7,16,-2
R,11109,162,19.1,37,-10,1185,6,11,-1
R,11148,174,19.2,99,123,748,-7,0,5
R,11188,184,19.2,85,-23,1240,-10,9,4
R,11229,180,19.3,9,56,1045,5,-6,-3
R,11268,169,19.4,33,30,1080,24,4,0
R,11308,165,19.4,-41,134,861,9,-23,-9
R,11351,159,19.5,296,14,1170,-6,29,13
R,11389,158,19.5,26,19,1198,26,4,2
R,11428,172,19.6,-134,106,1043,14,-16,-8
R,11468,185,19.7,70,78,914,-11,-17,0
R,11509,170,19.7,-25,78,1165,18,0,0
R,11551,171,19.8,-98,110,923,-13,-24,-5
R,11589,176,19.9,-32,43,1014,2,-3,0
R,11629,178,19.9,26,39,956,15,7,7
R,11668,184,20.0,70,46,1061,-7,6,1
R,11721,186,20.1,31,60,984,19,10,11
R,11748,172,20.1,27,11,1071,32,-3,-5
R,11788,156,20.2,-74,56,1006,26,-13,-7
R,11830,131,20.2,-1,9,962,-4,-13,-2
R,11869,125,20.3,48,-64,1163,-19,15,3
R,11908,122,20.3,33,47,1004,-15,-3,-1
R,11948,128,20.4,0,70,890,43,-25,-5
R,11988,138,20.4,132,43,932,14,2,6
R,12028,139,20.5,-2,32,993,19,-4,1
R,12068,141,20.5,-40,83,960,35,-4,1
R,12109,147,20.6,-57,3,1068,-14,-10,-4
R,12148,141,20.6,0,64,923,20,-9,3
R,12188,125,20.7,63,5,1219,4,17,12
R,12229,114,20.7,14,100,801,10,-27,1
R,12269,94,20.8,197,-75,1227,24,13,6
R,12309,80,20.8,-15,-100,1257,-5,7,-5
R,12349,69,20.8,-117,60,935,-10,-5,-2
R,12390,67,20.8,-18,-28,1174,8,-8,1
R,12429,63,20.9,103,-71,1120,11,9,-5
R,12468,59,20.9,-99,3,919,-20,-20,-10
R,12509,59,20.9,182,74,1025,19,-3,9
R,12551,58,20.9,-29,24,853,-28,22,2
R,12589,50,20.9,41,2,1078,6,8,0
R,12628,45,21.0,67,92,928,9,-5,0
R,12668,45,21.0,118,72,927,-15,6,10
R,12720,49,21.0,-93,40,1108,-7,23,0
R,12748,58,21.0,1,124,813,25,-13,-2
R,12788,62,21.0,-107,154,743,12,-12,-1
R,12830,53,21.1,-159,179,773,-3,-41,-8
R,12869,55,21.1,-44,92,1074,-14,3,14
R,12909,68,21.1,-16,184,744,40,-25,-14
R,12948,68,21.1,10,33,1216,-12,-2,-3
R,12988,62,21.2,-64,68,985,-11,8,0
R,13028,63,21.2,-78,39,1068,-10,-6,-7
R,13068,63,21.2,-12,178,813,26,-22,-1
R,13109,64,21.2,54,140,931,12,-2,7
R,13149,56,21.2,-140,135,847,15,-9,-1
R,13188,66,21.3,126,78,1063,12,14,9
R,13229,82,21.3,76,85,1036,-10,-7,1
R,13268,84,21.3,-130,88,1089,24,-3,0
R,13308,70,21.3,-94,69,971,-6,-17,-4
R,13349,72,21.4,-24,183,871,8,-22,2
R,13388,88,21.4,28,89,975,-17,9,4
R,13428,103,21.4,-155,112,996,6,3,0
R,13468,109,21.5,8,15,1115,14,-5,-4
R,13508,98,21.5,5,7,1098,6,-10,-2
R,13551,88,21.6,94,42,1070,39,-10,-6
R,13589,73,21.6,122,21,1064,-15,-3,4
R,13628,63,21.6,4,7,881,29,-14,-6
R,13669,71,21.6,4,49,1234,-3,22,12
R,13720,84,21.7,-28,56,1179,17,18,2
R,13749,104,21.7,-126,125,767,20,-18,-4
R,13789,114,21.7,25,140,847,-13,-10,5
R,13831,105,21.8,-129,104,1139,-24,-5,-8
R,13869,101,21.8,-30,58,1037,24,-12,-1
R,13908,108,21.8,-79,136,930,20,-8,-2
R,13948,109,21.9,-51,191,829,17,-32,-11
R,13989,100,21.9,-40,143,1265,8,-18,7
R,14028,92,22.0,-124,189,833,40,-37,-9
R,14069,85,22.0,0,122,859,-5,-13,2
R,14109,91,22.0,179,20,1080,1,12,7
R,14149,110,22.1,49,28,1128,0,1,3
R,14189,115,22.1,129,15,943,14,4,1
R,14228,116,22.1,-47,94,800,-10,-10,-1
R,14269,116,22.2,-98,97,1070,-13,-8,-4
R,14308,109,22.2,-92,88,1059,-32,5,0
R,14348,104,22.3,43,7,1146,0,2,-2
R,14389,108,22.3,112,88,1096,-9,8,8
R,14428,105,22.3,42,0,1152,-22,1,-2
R,14468,117,22.4,-195,151,861,11,-35,-12
R,14509,130,22.4,-36,109,818,16,-14,5
R,14548,131,22.5,-28,17,1162,-29,1,-6
R,14588,115,22.5,37,10,1088,9,-6,-1
R,14629,112,22.6,181,61,968,26,5,-2
R,14668,125,22.6,43,137,904,0,-13,0
R,14721,127,22.7,232,79,868,-13,20,13
R,14748,118,22.7,-82,16,910,-9,9,11
R,14789,121,22.7,25,-82,1223,-13,7,-3
R,14830,120,22.8,-42,73,761,8,-20,0
R,14868,104,22.8,-61,57,918,1,0,1
R,14909,94,22.9,-93,55,1093,33,-11,-8
R,14948,91,22.9,-60,120,878,12,-22,0
R,14989,105,22.9,143,119,1029,15,8,8
R,15029,111,23.0,-20,-22,1239,-6,0,-1
R,15069,117,23.0,-33,147,744,28,-18,-4
R,15110,107,23.1,-95,38,1135,3,-10,-5
R,15149,104,23.1,-29,50,1087,-1,-7,1
R,15189,103,23.1,-43,84,1081,21,8,6
R,15229,103,23.2,-29,78,1065,14,-14,-2
R,15269,94,23.2,-26,82,1052,-8,12,8
R,15309,91,23.2,-46,101,1040,23,-27,-3
R,15349,93,23.3,-101,111,842,-3,-4,4
R,15389,99,23.3,61,56,1041,-7,0,2
R,15428,97,23.3,-15,37,908,-15,14,5
R,15469,92,23.4,101,99,995,23,-6,2
R,15509,97,23.4,-167,113,988,-10,-15,-2
R,15550,99,23.4,-45,62,1123,20,-12,-8
R,15589,106,23.5,31,17,968,-6,-3,-2
R,15628,113,23.5,-113,132,858,43,-27,-7
R,15668,113,23.6,36,84,966,-7,-9,5
R,15721,103,23.6,-45,62,854,1,-19,-4
R,15752,103,23.6,17,9,1092,-7,8,6
R,15789,110,23.7,-44,134,815,20,-18,2
R,15830,109,23.7,-50,138,801,15,-7,-2
R,15869,106,23.8,-4,82,919,-26,-1,1
R,15909,106,23.8,41,28,1037,24,-11,-9
R,15948,105,23.8,-81,61,820,21,-32,-9
R,15989,94,23.9,-216,266,697,22,-42,-9
R,16029,82,23.9,70,-17,1240,-29,4,0
R,16069,93,23.9,-22,30,1092,36,-4,-5
R,16109,101,24.0,-12,81,997,21,-11,-1
R,16149,106,24.0,28,3,1138,-25,-16,7
R,16189,104,24.0,-27,96,971,5,-13,-3
R,16229,101,24.1,-107,129,873,9,-13,0
R,16269,105,24.1,33,87,893,41,-20,-7
R,16309,111,24.2,-5,136,822,-22,-3,6
R,16350,108,24.2,36,68,965,-5,2,3
R,16389,99,24.2,162,-27,1163,-36,27,4
R,16428,90,24.3,30,-1,1048,29,-6,-3
R,16469,84,24.3,-22,31,1071,-9,0,3
R,16510,78,24.3,-63,155,1045,8,3,9
R,16549,84,24.4,101,-18,1251,2,17,9
R,16589,89,24.4,8,31,1057,1,10,-2
R,16629,102,24.4,-6,42,969,-5,-13,-5
R,16669,103,24.5,-66,88,988,8,-9,-4
R,16721,100,24.5,39,112,878,-7,-18,-2
R,16749,96,24.5,-40,44,1159,-7,6,2
R,16789,96,24.6,141,-23,1217,15,20,0
R,16831,99,24.6,111,-56,1205,-22,18,3
R,16868,100,24.6,-63,88,983,0,-7,-2
R,16908,94,24.7,-68,72,923,10,-11,0
R,16949,78,24.7,-37,1,1108,-3,3,-2
R,16989,73,24.7,-50,82,896,10,-4,-2
R,17029,70,24.8,-27,51,996,-14,-3,3
R,17069,78,24.8,220,-46,1289,7,35,3
R,17110,87,24.8,6,63,1067,41,-2,0
R,17149,90,24.9,-10,173,771,8,-17,0
R,17189,101,24.9,38,65,1000,5,-5,-1
R,17229,92,24.9,-64,134,985,18,-13,-7
R,17269,88,25.0,-26,115,930,7,-22,-6
R,17309,87,25.0,-50,105,954,12,-9,0
R,17348,93,25.0,99,85,886,-9,10,9
R,17388,95,25.1,34,41,1093,-5,9,1
R,17429,93,25.1,-77,-29,1247,-12,-9,-9
R,17469,89,25.1,-15,45,972,41,-12,-1
R,17509,92,25.2,170,74,879,14,2,-3
R,17549,101,25.2,75,8,1065,-7,-5,-1
R,17589,109,25.2,59,152,851,22,-2,0
R,17629,107,25.3,-23,251,841,15,-34,-6
R,17669,98,25.3,-98,64,1001,-29,4,7
R,17721,91,25.4,22,56,1155,-22,21,4
R,17751,87,25.4,55,42,1009,13,-25,-6
R,17790,87,25.4,-111,154,892,-16,-32,-7
R,17830,87,25.4,22,-5,1196,4,9,6
R,17868,78,25.5,295,-62,1455,-2,22,0
R,17908,80,25.5,-51,54,1067,-22,-3,-2
R,17948,84,25.5,-7,-42,1195,16,12,1
R,17989,88,25.6,-20,109,840,13,-20,-4
R,18029,90,25.6,60,50,1006,15,-1,0
R,18068,102,25.6,-230,120,912,25,-19,-10
R,18109,108,25.7,36,19,1072,-3,5,5
R,18151,98,25.7,59,-40,1417,-5,16,-2
R,18189,82,25.7,38,61,1056,-13,11,5
R,18229,75,25.8,87,48,930,-17,-8,2
R,18269,75,25.8,75,113,789,29,-22,-4
R,18309,72,25.8,44,27,1127,-16,1,1
R,18348,77,25.8,-34,48,930,6,-17,-9
R,18389,77,25.9,-108,127,821,26,-29,-1
R,18429,74,25.9,-65,89,859,27,-6,-3
R,18468,76,25.9,46,108,853,-11,0,3
R,18510,81,26.0,81,13,1046,-26,10,7
R,18551,80,26.0,-81,108,868,29,-29,-9
R,18589,76,26.0,-116,133,950,0,-14,0
R,18629,64,26.0,26,47,995,23,3,2
R,18669,59,26.1,52,-54,1225,-30,0,-3
R,18721,63,26.1,-189,151,932,4,-11,-3
R,18749,58,26.1,42,105,946,3,-5,-3
R,18789,53,26.1,98,42,1097,22,-3,2
R,18830,54,26.1,-3,86,900,1,0,6
R,18868,45,26.2,85,-20,1187,0,28,6
R,18909,50,26.2,117,-59,1179,-4,11,0
R,18948,55,26.2,87,-6,986,28,-2,0
R,18990,46,26.2,-34,109,945,-1,-16,-4
R,19029,47,26.2,104,47,1133,1,9,-1
R,19068,49,26.3,-61,47,964,5,-14,-1
R,19109,46,26.3,-115,133,858,26,-17,-5
R,19149,54,26.3,160,150,1066,-12,0,7
R,19188,53,26.3,53,42,1211,-9,11,4
R,19229,54,26.3,-5,56,1058,-4,11,-2
R,19270,54,26.3,10,82,856,-16,-13,-1
R,19308,50,26.4,-31,61,1145,14,18,5
R,19349,58,26.4,-43,59,1143,-16,-14,-6
R,19390,57,26.4,187,14,1125,14,17,4
R,19429,61,26.4,6,37,949,0,-6,0
R,19469,50,26.4,-55,35,959,4,19,3
R,19510,57,26.5,156,-43,1303,12,17,8
R,19548,65,26.5,34,-13,1058,-17,0,0
R,19588,66,26.5,71,53,967,13,3,1
R,19629,59,26.5,31,98,932,26,-16,-2
R,19668,57,26.6,-106,102,942,40,-19,-4
R,19720,59,26.6,129,0,1112,21,-7,-3
R,19748,55,26.6,-39,83,1045,-20,-9,-7
R,19788,51,26.6,-92,171,808,36,-24,4
R,19830,53,26.6,-64,111,901,-8,8,2
R,19868,63,26.7,-146,85,1097,-4,-23,-6
R,19908,62,26.7,21,18,1087,11,-4,1
R,19948,57,26.7,105,136,912,27,0,0
R,19989,57,26.7,122,106,934,-4,-12,1
[dump] FIN RUN #4 t60=0 t330=0 t660=0 t1320=0
[dump] RUN #5 heure=15:15:27 src=TRANSBRAKE rollout_ms=0 statut=TERMINE
[dump] colonnes: R,elapsed_ms,kmh_x100,dist_ft,ax_mg,ay_mg,az_mg,gx_ds10,gy_ds10,gz_ds10
R,55,7443,1.9,-13,1393,494,146,105,30
R,133,7443,7.2,452,1021,1905,-97,227,69
R,156,20803,10.1,-347,1642,21,319,320,14
R,194,20984,17.4,208,1287,1694,70,290,89
R,233,21114,24.8,377,632,452,183,256,74
R,275,21223,32.9,-297,1390,452,116,-295,-34
R,313,21323,40.3,10,1198,-321,188,-43,47
R,354,21438,48.3,382,1026,-710,17,56,63
R,407,21583,58.7,-250,1216,2038,-32,-161,-123
R,434,21746,64.0,-45,1368,2859,-467,-202,-42
R,475,21935,72.2,112,1147,999,-148,-283,-146
R,516,22132,80.4,-391,1337,61,-12,-264,-116
R,554,22326,88.1,-139,1240,-221,274,207,41
R,593,22497,96.1,712,711,859,153,296,157
R,634,22662,104.5,165,1202,135,96,-112,54
R,674,22828,112.8,139,1525,1122,-213,-48,-11
R,712,22994,120.7,203,1157,1593,-242,-393,-128
R,753,23156,129.4,-400,1557,-73,-54,-198,-132
R,794,23319,138.0,32,670,-149,272,268,29
R,833,23451,146.3,384,1369,1925,54,77,104
R,873,23580,154.9,-385,953,492,208,-200,37
R,913,23716,163.5,804,1246,761,-487,148,11
R,953,23872,172.2,-594,1314,1333,-134,-367,-186
R,993,24032,180.9,-251,1078,885,71,153,59
R,1033,24181,189.7,-343,1196,3233,-65,-145,21
R,1073,24327,198.6,1159,1115,1740,5,115,-14
R,1113,24462,207.5,-242,1506,-494,-63,-387,-125
R,1152,24591,216.2,-474,1059,-124,112,49,12
R,1194,24727,225.6,94,1249,1910,-92,99,20
R,1234,24876,234.7,182,781,21,75,-53,47
R,1273,25014,243.5,1113,724,1464,-202,-52,-15
R,1313,25136,252.7,-139,899,-662,40,109,-66
R,1353,25265,261.9,73,931,1494,26,-33,65
R,1405,25407,273.9,-916,1342,1572,-61,7,-35
R,1434,25554,280.6,-822,884,1854,57,-158,-65
R,1474,25685,289.9,-231,762,918,-109,49,-43
R,1514,25798,299.3,884,584,922,270,185,136
R,1553,25910,308.5,273,836,1779,-20,-545,-93
R,1593,26023,318.0,-229,686,2230,-116,402,-74
R,1632,26163,327.3,723,-262,992,-735,81,178
R,1673,26252,337.0,252,-290,334,-18,80,-70
R,1714,26242,346.9,-128,-29,950,-65,-67,69
R,1753,26181,356.2,868,-503,3340,131,207,60
R,1793,26114,365.7,-387,-652,968,-133,-105,-30
R,1833,26019,375.2,190,-568,-101,-144,-76,-9
R,1872,25937,384.4,-179,-393,-468,233,21,-27
R,1913,25882,394.1,-90,-329,823,-152,95,11
R,1953,25821,403.5,368,-637,2011,-153,-181,-28
R,1993,25759,412.9,1352,-508,3999,-168,282,22
R,2033,25705,422.3,-1053,-112,18,247,-351,-73
R,2073,25627,431.7,753,-374,2260,105,-131,7
R,2112,25561,440.8,132,-50,768,186,48,15
R,2152,25502,450.1,189,-345,1460,-320,-80,52
R,2193,25471,459.6,-473,-155,-591,61,-26,-16
R,2233,25417,468.9,238,-437,2223,117,87,58
R,2273,25362,478.1,-274,-350,357,-43,-239,9
R,2313,25306,487.4,293,-317,638,-312,213,39
R,2353,25255,496.6,141,-554,2170,218,-135,-54
R,2406,25194,508.8,485,-551,2146,7,-210,-69
R,2433,25130,515.0,-204,-600,270,58,-201,-65
R,2474,25070,524.3,190,68,374,-172,135,42
R,2515,25007,533.7,-939,-442,-222,3,-318,-95
R,2553,24961,542.3,-9,-199,1199,-16,340,29
R,2593,24923,551.4,875,-640,3041,97,71,-10
R,2632,24876,560.3,-580,-244,-385,320,-216,-70
R,2673,24834,569.6,-49,-170,1545,-342,-46,96
R,2713,24782,578.6,164,-637,738,68,-358,-107
R,2753,24714,587.6,-695,-162,-773,161,238,-12
R,2794,24654,596.9,437,-178,593,-253,-194,-15
R,2833,24594,605.6,80,-277,551,-149,112,-12
R,2873,24546,614.6,1331,-264,3898,-63,157,85
R,2914,24504,623.7,-1294,-544,-467,386,-572,-177
R,2953,24456,632.4,18,-47,162,-248,272,109
R,2994,24403,641.6,752,-472,833,137,4,-36
R,3033,24341,650.2,-503,2,248,-49,-154,-41
R,3073,24292,659.1,-579,-363,306,-250,0,42
R,3113,24244,667.9,927,-635,2882,-118,-82,8
R,3154,24192,677.0,52,477,855,68,396,34
R,3194,24142,685.8,642,-707,3355,98,251,18
R,3234,24101,694.6,-565,-145,354,-108,-36,37
R,3274,24047,703.4,425,-96,-330,-196,189,75
R,3313,23999,711.9,326,-158,2028,-80,-90,39
R,3353,23944,720.6,28,-226,1220,144,-226,-70
R,3406,23897,732.2,159,-258,1354,9,-257,-76
R,3433,23852,738.1,799,-549,2035,117,217,47
R,3473,23815,746.8,43,-296,821,36,-98,-19
R,3515,23759,755.9,178,-488,2396,-303,-81,39
R,3554,23706,764.3,-698,-276,-688,-3,-248,-110
R,3592,23656,772.5,163,-250,451,151,25,-32
R,3632,23610,781.1,40,-23,607,118,231,11
R,3674,23565,790.1,588,-587,3139,208,149,50
R,3714,23520,798.7,-642,-476,2201,332,-379,-57
R,3757,23475,807.9,-35,-142,-659,-14,-6,27
R,3794,23428,815.8,493,-81,1568,-299,96,88
R,3834,23372,824.4,156,-230,1325,-168,-55,47
R,3875,23325,833.1,-533,40,827,185,1,-41
R,3914,23284,841.4,-326,-243,228,277,221,20
R,3954,23233,849.9,577,-525,2733,140,-27,8
R,3995,23188,858.5,-554,-273,380,165,-225,-13
R,4033,23148,866.6,59,-296,637,-79,-39,23
R,4073,23101,875.0,7,-422,1865,-330,-62,-8
R,4113,23059,883.4,-277,-219,896,-45,-123,-22
R,4153,23017,891.8,194,-366,83,42,-118,-29
R,4194,22969,900.4,-219,60,716,35,11,-17
R,4234,22925,908.8,634,-737,2699,203,99,-9
R,4273,22879,916.9,164,-535,2918,178,-60,-18
R,4314,22831,925.4,87,-121,-178,-19,-244,-67
R,4354,22785,933.7,-205,60,152,-196,-24,34
R,4406,22744,944.5,-467,-474,1603,130,-242,-117
R,4434,22704,950.3,-94,-408,1971,-129,107,77
R,4474,22652,958.6,307,-336,833,-12,-101,-22
R,4516,22604,967.3,-413,10,474,173,-285,-94
R,4554,22558,975.1,-501,228,590,239,-69,-67
R,4593,22507,983.1,1058,-560,3070,98,250,134
R,4634,22463,991.5,1039,-610,3954,-105,-129,16
R,4674,22438,999.7,-606,-518,616,130,-223,-50
R,4714,22401,1007.9,-223,-488,1196,-5,-105,17
R,4753,22352,1015.8,563,-409,1581,-210,-28,25
R,4794,22310,1024.1,34,238,540,-471,73,80
R,4834,22262,1032.3,60,-170,146,-179,-50,23
R,4873,22226,1040.2,-89,-484,1325,-34,-7,34
R,4913,22191,1048.3,-326,-564,1894,326,-20,-40
R,4954,22154,1056.6,29,-87,1154,461,173,34
R,4993,22095,1064.4,-4,142,716,290,267,50
R,5038,22037,1073.5,-920,-250,-110,36,-295,3
R,5074,21992,1080.7,-246,-735,569,3,149,57
R,5113,21937,1088.5,318,-289,1481,-147,78,71
R,5154,21891,1096.7,671,-755,2193,84,110,33
R,5196,21833,1105.1,364,-446,461,58,56,19
R,5235,21776,1112.8,231,-319,-120,-27,-198,-59
R,5274,21722,1120.5,-530,14,-898,-110,-152,-82
R,5314,21669,1128.4,-239,-289,1274,-305,27,41
R,5354,21621,1136.3,-368,-385,570,-231,-99,7
R,5409,21571,1147.2,-71,94,456,34,85,62
R,5434,21512,1152.1,51,-447,3068,-170,-56,46
R,5474,21449,1159.9,-276,-641,1773,149,-44,-56
R,5516,21394,1168.1,201,-645,1150,73,-223,-92
R,5553,21330,1175.3,-295,-374,77,196,-292,-144
R,5594,21284,1183.3,-420,-247,592,33,-92,-51
R,5634,21235,1191.0,597,-421,146,118,117,-8
R,5675,21173,1198.9,-901,148,-770,131,7,-6
R,5714,21095,1206.4,-593,250,-365,-17,42,-18
R,5754,21040,1214.1,-569,-284,176,144,92,-11
R,5794,21006,1221.8,-306,-600,1061,217,138,15
R,5834,20957,1229.4,-860,23,-558,457,-246,-109
R,5874,20906,1237.1,-550,-308,885,288,-39,-14
R,5914,20831,1244.7,487,-328,1880,367,104,-1
R,5954,20753,1252.3,-262,-211,374,195,-38,0
R,5994,20675,1259.8,-327,-644,-350,13,191,5
R,6034,20603,1267.3,-803,-763,-527,-186,39,48
R,6073,20532,1274.6,-514,-643,395,-258,65,39
R,6114,20443,1282.3,20,-606,668,-226,112,63
R,6155,20328,1289.9,-105,-164,756,-81,78,64
R,6196,20203,1297.5,-524,-667,1425,37,76,55
R,6234,20077,1304.5,31,-789,2296,73,112,0
R,6274,19965,1311.8,-174,-221,295,250,-52,-11
R,6314,19867,1319.0,388,-412,1268,324,78,42
R,6353,19770,1326.1,-449,-716,-351,583,-316,-183
[dump] J60 t_ms=390
[dump] J330 t_ms=1619 vcross_x100=26197 vtrap_x100=25772
[dump] J660 t_ms=3053 vcross_x100=24282 vtrap_x100=24466
[dump] J1320 t_ms=6296 vcross_x100=19840 vtrap_x100=20343
[dump] FIN RUN #5 t60=390 t330=1619 t660=3053 t1320=6296
[dump] RUN #6 heure=15:49:55 src=TRANSBRAKE rollout_ms=0 statut=ABANDON
[dump] colonnes: R,elapsed_ms,kmh_x100,dist_ft,ax_mg,ay_mg,az_mg,gx_ds10,gy_ds10,gz_ds10
R,18,207,0.0,4,28,1129,-40,21,4
R,58,185,0.1,99,53,1162,-18,17,0
R,99,179,0.2,87,150,780,36,-13,-2
R,138,171,0.2,25,155,956,-8,1,-1
R,179,180,0.3,65,55,1141,5,5,-6
R,219,181,0.4,45,83,1004,-4,-12,-4
R,258,149,0.4,-102,116,837,54,-25,-9
R,299,117,0.5,88,137,855,8,-10,1
R,339,88,0.5,103,105,1069,-2,0,0
R,378,73,0.5,51,134,1080,7,-10,-4
R,418,80,0.6,-66,153,951,17,-13,-3
R,470,92,0.6,-23,62,1081,5,21,6
R,498,110,0.6,62,145,860,12,-8,2
R,539,99,0.7,256,-10,1475,15,10,-2
R,582,75,0.7,-163,160,730,29,-22,-10
R,619,50,0.7,-111,341,717,30,-32,0
R,658,31,0.7,34,77,1173,2,0,-1
R,698,27,0.8,280,8,1269,10,10,7
R,739,39,0.8,49,158,802,12,-5,2
R,778,32,0.8,199,58,1274,20,-10,-3
R,819,18,0.8,-127,95,872,2,-13,-9
R,859,18,0.8,-80,198,861,27,-11,7
R,898,8,0.8,15,99,1119,5,5,0
R,938,6,0.8,-12,115,1073,-30,20,9
R,978,6,0.8,-44,103,922,17,-22,-7
R,1019,4,0.8,55,121,1066,7,0,5
R,1059,23,0.8,-163,-39,914,7,8,-1
R,1099,24,0.8,81,88,899,8,2,7
R,1138,11,0.8,-51,9,1016,-20,-2,-4
R,1179,4,0.8,-57,62,903,14,10,8
R,1219,15,0.8,-190,99,804,38,-38,-4
R,1258,21,0.8,96,-100,1700,0,10,-41
R,1300,7,0.8,-106,-20,923,10,-37,-12
R,1340,17,0.8,-6,104,951,8,3,3
R,1379,4,0.9,116,20,1061,9,-5,-4
R,1418,10,0.9,-4,123,941,3,3,6
R,1469,5,0.9,-15,170,1022,8,6,12
R,1498,22,0.9,166,-35,1127,68,13,-2
R,1538,39,0.9,224,0,1007,-40,-4,2
R,1580,50,0.9,64,255,784,25,-21,-3
R,1618,60,0.9,-1,68,1229,-1,12,3
R,1660,62,0.9,21,95,1067,24,0,-2
R,1699,59,1.0,-36,178,968,-3,-22,-1
R,1739,53,1.0,-3,143,843,7,-5,9
R,1779,54,1.0,0,128,1110,9,6,1
R,1819,53,1.0,183,50,1109,33,8,0
R,1860,54,1.0,46,122,842,34,-20,0
R,1899,68,1.1,-79,161,977,39,-10,1
R,1938,76,1.1,29,88,995,-36,-9,-4
R,1979,72,1.1,59,165,850,17,-30,-5
R,2019,69,1.1,-131,185,834,26,-7,4
R,2058,68,1.2,178,46,1108,-14,26,4
R,2099,67,1.2,68,93,1159,22,-1,3
R,2138,57,1.2,72,128,760,-14,-6,3
R,2179,69,1.2,126,2,1045,-18,8,1
R,2220,64,1.3,-19,-5,1178,5,2,3
R,2260,68,1.3,40,52,1026,30,4,2
R,2299,71,1.3,-61,138,814,45,-8,2
R,2340,84,1.3,-28,114,948,-22,3,3
R,2380,104,1.4,42,0,1018,-1,-11,-7
R,2419,109,1.4,171,-12,1166,24,16,2
R,2472,104,1.5,41,43,1347,-16,13,0
R,2500,95,1.5,73,84,1036,5,-11,-3
R,2540,92,1.5,-7,28,1159,3,5,4
R,2582,84,1.5,89,-42,1358,20,14,1
R,2620,82,1.6,-42,117,920,9,-26,-3
R,2659,90,1.6,-159,150,796,34,-25,-3
R,2698,105,1.6,45,79,983,-17,12,5
R,2739,107,1.7,45,-41,1136,-39,16,-2
R,2778,117,1.7,-22,39,976,-1,1,4
R,2818,113,1.8,-48,63,1116,24,5,4
R,2859,108,1.8,-14,75,828,33,-33,-14
R,2898,98,1.8,58,31,1134,-8,9,1
R,2938,109,1.9,65,105,976,33,-14,-3
R,2979,134,1.9,-93,186,825,5,-15,1
R,3018,140,2.0,-42,191,825,-9,-2,5
R,3058,130,2.0,66,31,1094,-2,5,5
R,3100,113,2.1,142,52,1307,-1,8,4
R,3139,114,2.1,-63,126,947,-32,-1,2
R,3178,117,2.1,20,66,928,-2,0,0
R,3220,139,2.2,-113,92,943,11,-7,-3
R,3258,144,2.2,-50,46,1164,-15,4,-2
R,3299,134,2.3,-64,-93,1306,-8,5,-10
R,3339,127,2.3,-5,45,856,58,-16,-3
R,3378,130,2.4,-146,224,720,-10,-27,-4
R,3419,138,2.4,55,82,1045,-16,-8,1
R,3471,139,2.5,-66,180,803,-15,-9,2
R,3499,144,2.5,21,115,973,2,-5,4
R,3539,143,2.6,98,78,983,19,-3,2
R,3582,131,2.7,72,-17,1214,19,0,2
R,3618,115,2.7,90,60,1014,39,-8,-2
R,3659,113,2.7,-170,173,875,33,-32,-9
R,3698,134,2.8,-88,86,883,-10,-21,-6
R,3740,159,2.8,4,18,1131,9,8,4
R,3778,169,2.9,69,132,929,10,-13,2
R,3819,170,3.0,86,116,975,24,-14,9
R,3858,162,3.0,-119,205,723,21,-15,0
R,3898,141,3.1,120,133,752,-5,0,4
R,3939,143,3.1,64,46,1140,-13,9,-7
R,3979,154,3.2,-6,68,1025,-8,2,-4
R,4018,161,3.2,-136,69,984,-12,-5,-5
R,4059,160,3.3,177,30,1084,2,2,0
R,4099,137,3.3,26,5,1058,-7,-12,-2
R,4138,131,3.4,-21,84,1026,53,-17,-3
R,4178,154,3.4,-85,50,1176,-8,1,0
R,4219,184,3.5,61,105,914,-16,-5,1
R,4259,194,3.6,75,139,836,-4,-14,-3
R,4299,176,3.6,-20,46,1145,-11,2,-4
R,4338,165,3.7,4,181,984,-11,-11,-1
R,4379,147,3.8,41,106,992,-1,-1,8
R,4418,146,3.8,132,86,1136,1,21,3
R,4471,179,3.9,227,31,976,-15,18,12
R,4498,194,3.9,-1,90,1093,23,-1,0
R,4538,184,4.0,-194,220,943,0,-33,-3
R,4585,191,4.1,85,19,1075,-5,12,0
R,4620,206,4.2,139,35,959,6,-3,-7
R,4660,213,4.2,35,58,1109,3,-3,0
R,4701,205,4.3,-47,153,1071,16,-8,-5
R,4741,186,4.4,-63,13,1227,2,-9,-5
R,4780,180,4.4,31,73,919,56,-7,-2
R,4820,198,4.5,185,127,871,-20,-3,4
R,4860,185,4.6,101,55,1122,-15,9,0
R,4900,172,4.6,-122,119,967,25,-20,-9
R,4940,173,4.7,-32,105,824,-24,-1,0
R,4980,196,4.8,-23,142,1048,0,-1,-2
R,5021,221,4.9,-35,43,1017,0,2,0
R,5061,223,4.9,26,157,860,-18,-12,-2
R,5100,206,5.0,-25,128,990,0,-7,0
R,5140,185,5.1,-137,135,836,27,-11,-8
R,5181,195,5.2,177,130,977,17,19,11
R,5220,241,5.2,213,0,1154,-12,8,6
R,5260,262,5.3,25,39,980,-6,20,3
R,5300,236,5.4,-23,49,977,8,-2,-6
R,5339,212,5.5,29,92,896,-3,8,8
R,5380,211,5.6,-82,134,973,18,-33,-15
R,5420,208,5.6,79,75,955,6,6,1
R,5473,211,5.8,94,0,1119,10,1,-4
R,5500,221,5.8,99,14,1057,-3,15,4
R,5540,230,5.9,-93,64,1029,-7,-9,-2
R,5582,222,6.0,-122,43,1113,31,-16,-6
R,5620,221,6.0,61,162,827,-12,-7,3
R,5661,228,6.1,-109,279,733,18,-37,-10
R,5700,248,6.2,13,40,1151,-13,17,6
R,5741,252,6.3,-29,66,861,28,-7,0
R,5781,240,6.4,22,57,1004,-12,5,0
R,5819,218,6.5,-76,97,1099,16,-18,-5
R,5860,201,6.6,-46,79,935,13,-5,5
R,5900,208,6.6,261,6,1078,18,23,7
R,5940,212,6.7,65,10,1174,8,7,0
R,5980,209,6.8,-30,139,942,51,-8,8
R,6020,221,6.9,-229,157,952,9,-42,0
R,6060,232,6.9,-139,101,1090,-4,-4,2
R,6101,247,7.0,158,53,893,23,10,14
R,6140,236,7.1,57,56,919,-20,1,1
R,6180,202,7.2,-15,67,1011,4,-10,-4
R,6221,171,7.3,-47,52,1007,9,-14,-6
R,6260,174,7.3,-62,129,847,25,-9,8
R,6300,187,7.4,-7,-5,1182,11,4,2
R,6340,198,7.5,46,-9,1062,2,1,3
R,6381,188,7.5,-185,109,869,11,-26,-3
R,6420,185,7.6,-88,69,872,-25,-5,4
R,6473,171,7.7,137,72,919,11,-1,1
R,6501,176,7.7,156,55,1113,22,-3,5
R,6541,188,7.8,191,66,902,-2,7,11
R,6583,195,7.9,-93,-52,1184,4,-5,-3
R,6621,185,7.9,-98,96,924,33,-15,1
R,6661,165,8.0,147,17,853,-10,11,4
R,6701,151,8.1,57,-27,1264,-5,9,-1
R,6741,161,8.1,102,36,1186,-2,16,4
R,6781,174,8.2,-105,129,988,6,-25,-6
R,6821,183,8.2,-72,34,1132,19,-5,-4
R,6860,178,8.3,6,7,915,2,0,1
R,6900,177,8.4,19,35,895,5,-11,-1
R,6940,177,8.4,-27,90,848,0,-10,-2
R,6981,165,8.5,-44,123,867,-11,-3,2
R,7020,144,8.6,-20,119,1159,-10,-2,3
R,7061,145,8.6,-107,78,1032,4,-9,0
R,7101,145,8.7,20,121,716,3,-8,-1
R,7140,143,8.7,135,0,1113,-15,16,1
R,7183,145,8.8,87,96,916,39,-1,5
R,7221,129,8.8,3,99,940,26,-2,4
R,7260,135,8.9,68,-21,1186,-39,25,5
R,7300,161,8.9,211,41,1177,22,12,5
R,7340,161,9.0,22,85,872,11,-17,-2
R,7381,170,9.0,29,7,1083,-29,10,4
R,7421,158,9.1,15,48,1115,1,-9,-3
R,7473,153,9.2,153,-10,1064,-14,8,2
R,7502,148,9.2,57,103,904,13,2,8
R,7542,124,9.3,148,14,923,19,-17,-7
R,7583,133,9.3,-253,222,773,-2,-30,-8
R,7621,142,9.4,-2,7,1213,-1,-2,-1
R,7661,128,9.4,151,-60,1298,11,14,-4
R,7701,125,9.5,-32,95,976,1,-11,-2
R,7741,121,9.5,119,56,946,12,-7,0
R,7780,122,9.5,13,178,820,7,-28,-6
R,7820,126,9.6,-59,144,1027,-1,-5,1
R,7861,117,9.6,274,27,1109,7,29,16
R,7901,138,9.7,-115,132,811,12,-20,-2
R,7941,159,9.7,-142,197,795,23,-11,0
R,7981,179,9.8,117,76,947,-9,4,3
R,8022,163,9.9,135,47,1195,-4,8,4
R,8061,148,9.9,-94,64,1089,-14,12,5
R,8100,143,10.0,38,-25,1177,16,-1,-4
R,8141,140,10.0,80,73,762,37,-20,-2
R,8181,163,10.1,240,20,913,-23,3,6
R,8220,188,10.1,-91,20,1138,-1,-4,-8
R,8261,189,10.2,-18,164,756,12,-16,-2
R,8300,175,10.3,67,108,839,-23,16,5
R,8340,151,10.3,-27,-35,1205,-18,5,-1
R,8382,144,10.4,28,52,1160,-5,2,-2
R,8421,151,10.4,185,30,1070,26,5,0
R,8473,165,10.5,-22,46,1011,17,-6,-5
R,8501,170,10.6,168,49,1049,3,7,3
R,8541,153,10.6,95,-31,1067,-25,8,0
R,8583,153,10.7,70,6,1196,-10,12,3
R,8622,158,10.7,-11,101,917,15,-12,-8
R,8661,163,10.8,24,107,1000,24,-13,0
R,8701,168,10.9,142,12,944,-39,0,-1
R,8742,165,10.9,-43,36,1095,0,-12,-6
R,8780,163,11.0,49,12,932,42,-3,-4
R,8820,161,11.0,-87,205,791,37,-11,2
R,8863,153,11.1,-119,129,1015,0,-28,-8
R,8901,158,11.1,35,41,1132,12,-5,0
R,8940,177,11.2,-29,42,1133,0,9,1
R,8981,182,11.3,-25,140,789,19,-18,3
R,9021,175,11.3,340,4,1267,16,17,10
R,9061,155,11.4,31,-60,1286,-21,8,0
R,9101,141,11.4,232,4,1090,-17,3,0
R,9141,146,11.5,16,36,1008,36,-9,-2
R,9181,153,11.6,-119,140,881,3,-2,-1
R,9223,162,11.6,159,48,1088,0,-1,4
R,9260,164,11.7,154,35,1073,5,7,2
R,9301,168,11.7,107,40,1037,-14,-1,2
R,9342,173,11.8,-27,80,1026,24,-5,0
R,9381,172,11.9,-22,67,1054,-13,9,4
R,9420,165,11.9,103,-62,1324,-30,16,0
R,9476,148,12.0,20,3,1148,-48,25,13
R,9503,147,12.0,-39,115,758,11,-20,0
R,9540,131,12.1,71,143,963,-31,-8,-2
R,9584,132,12.1,-26,82,827,1,-10,-1
R,9621,149,12.2,-2,148,1033,0,-12,0
R,9660,166,12.2,-68,97,1088,-24,-5,-1
R,9702,170,12.3,216,-22,1137,33,6,-3
R,9742,164,12.4,12,42,904,-17,-9,-7
R,9780,141,12.4,44,28,959,-3,3,0
R,9821,135,12.5,-38,103,904,1,-6,-3
R,9865,130,12.5,-18,83,1021,11,-8,-6
R,9901,127,12.6,128,-31,1225,5,17,-1
R,9940,156,12.6,121,14,1087,19,-17,-5
R,9981,172,12.7,-15,32,957,38,-22,-14
R,10023,167,12.7,-64,52,951,-5,-10,-5
R,10061,155,12.8,112,-4,1280,-1,14,0
R,10101,137,12.8,34,134,864,0,-4,-2
R,10140,131,12.9,134,53,947,26,-1,-2
R,10181,154,12.9,64,162,905,7,2,2
R,10220,179,13.0,65,-51,1349,-13,1,-3
R,10259,193,13.1,117,0,1155,53,-11,-11
R,10300,186,13.1,70,80,1023,-5,-8,-5
R,10341,171,13.2,43,30,992,-9,-2,-5
R,10380,132,13.3,204,40,1146,12,-1,-6
R,10421,114,13.3,52,111,878,-5,-15,-6
R,10473,131,13.4,-181,262,848,8,-38,-11
R,10500,169,13.4,25,5,1280,-10,10,-2
R,10540,181,13.5,-32,125,999,1,-16,-7
R,10582,183,13.5,-175,197,814,14,-35,-13
R,10621,173,13.6,52,90,863,-26,6,-4
R,10660,168,13.7,-83,-4,1316,-17,3,-6
R,10701,168,13.7,19,0,1266,18,4,-4
R,10740,180,13.8,-142,101,1013,15,12,0
R,10780,189,13.9,35,50,1026,-16,-2,-1
R,10820,178,13.9,-174,26,1004,1,-23,-15
R,10860,161,14.0,6,30,880,29,-2,-5
R,10900,163,14.0,15,176,653,-6,-21,-3
R,10940,184,14.1,129,-58,1059,-11,0,-5
R,10980,196,14.2,2,8,1148,24,1,0
R,11021,195,14.2,79,-1,1148,45,15,5
R,11060,179,14.3,117,-23,1139,-9,7,4
R,11101,165,14.4,24,37,1068,-22,0,-2
R,11141,138,14.4,63,95,1048,5,-6,2
R,11180,136,14.5,53,-23,1160,-9,3,1
R,11220,163,14.5,147,-14,1059,23,0,-6
R,11264,169,14.6,22,31,1045,16,-6,-3
R,11300,179,14.7,-114,126,888,23,-14,-3
R,11340,174,14.7,-123,116,907,1,-33,-11
R,11380,153,14.8,-29,139,853,12,-24,-4
R,11420,132,14.8,261,20,1078,2,20,12
R,11472,121,14.9,81,-25,1184,-26,0,-5
R,11500,116,14.9,-153,159,718,19,-17,-1
R,11541,121,15.0,91,42,872,-1,3,2
R,11582,117,15.0,-76,14,1098,-2,-10,-3
R,11620,128,15.1,-27,52,935,-6,1,2
R,11660,133,15.1,111,-53,1005,2,13,1
R,11699,128,15.2,62,-37,1200,11,5,-8
R,11740,120,15.2,-10,74,913,13,-28,-4
R,11780,109,15.2,6,70,1071,57,-9,0
R,11821,100,15.3,98,6,1059,-13,-4,-2
R,11860,111,15.3,14,108,1086,3,-2,0
R,11900,105,15.4,-85,84,1164,-9,7,2
R,11940,91,15.4,16,55,1025,-15,-2,-1
R,11980,92,15.4,-44,89,699,18,-14,-3
R,12020,94,15.5,109,34,1001,-24,5,2
R,12060,99,15.5,81,-31,1028,4,4,-4
R,12101,121,15.5,31,-22,1201,10,15,4
R,12142,132,15.6,89,66,1038,16,-6,-6
R,12180,129,15.6,70,8,867,-11,0,-6
R,12221,132,15.7,141,3,1226,3,11,-3
R,12261,122,15.7,-88,63,1096,-28,8,-2
R,12300,100,15.8,25,22,1180,-7,2,-1
R,12342,114,15.8,-37,202,890,23,-27,-4
R,12382,103,15.8,-67,179,757,15,-11,3
R,12421,86,15.9,49,-49,1293,-42,12,-4
R,12475,95,15.9,224,61,1080,-8,9,2
R,12500,103,15.9,-36,74,773,15,-30,-13
R,12540,108,16.0,61,63,1257,5,17,0
R,12583,120,16.0,22,116,817,21,-11,0
R,12620,114,16.1,-20,186,829,12,-6,-3
R,12660,96,16.1,-57,70,903,-1,-7,-1
R,12700,100,16.1,83,143,921,7,6,7
R,12740,103,16.2,228,-40,1172,-3,25,4
R,12780,114,16.2,9,-27,1250,0,8,-6
R,12820,121,16.3,-40,123,900,8,-9,-1
R,12861,127,16.3,168,55,1103,-3,5,4
R,12900,141,16.4,-24,97,986,2,-9,-8
R,12941,152,16.4,-76,115,925,31,-15,-6
R,12981,135,16.5,22,102,785,-22,0,-2
R,13020,114,16.5,148,98,981,4,1,0
R,13060,114,16.5,-111,73,971,-14,-14,-7
R,13101,113,16.6,-22,170,789,48,-16,0
R,13140,102,16.6,26,125,843,-12,-2,5
R,13180,135,16.7,151,63,883,-9,5,0
R,13221,133,16.7,102,22,1117,-6,1,2
R,13260,126,16.8,-40,100,988,22,-14,-7
R,13300,116,16.8,-41,112,968,22,-10,-3
R,13341,122,16.9,110,61,1002,-19,2,3
R,13382,119,16.9,-1,-100,1321,-14,-5,-11
R,13423,109,16.9,-5,29,957,62,-12,-5
R,13473,113,17.0,-87,37,1249,-6,-5,-3
R,13500,134,17.0,-13,118,803,-17,-24,-6
R,13540,136,17.1,82,-18,1106,6,0,0
R,13582,127,17.1,110,101,899,24,0,3
R,13620,121,17.2,5,15,1151,-13,-5,-2
R,13660,89,17.2,15,-60,1131,3,-14,-11
R,13699,90,17.2,-93,111,749,52,-28,-11
R,13740,99,17.3,111,81,920,-4,-2,-3
R,13780,102,17.3,-88,166,957,-4,-23,0
R,13820,121,17.3,22,72,1050,23,1,2
R,13861,129,17.4,155,33,1010,0,9,1
R,13901,126,17.4,32,104,907,15,-24,-2
R,13940,124,17.5,39,113,934,32,-21,-1
R,13980,126,17.5,12,54,985,-16,10,2
R,14021,120,17.6,188,-2,975,-9,3,3
R,14060,104,17.6,-122,-4,1271,-26,-8,-7
R,14100,84,17.7,-13,79,1031,27,-17,-2
R,14140,72,17.7,-31,106,981,0,-15,0
R,14180,94,17.7,32,16,1113,5,-3,-2
R,14220,91,17.7,39,21,1047,-6,-8,-1
R,14260,95,17.8,-41,30,898,44,-16,-8
R,14300,99,17.8,-46,99,976,1,-5,-2
R,14340,97,17.8,118,51,1128,0,10,0
R,14380,102,17.9,123,45,974,4,5,-1
R,14420,112,17.9,32,50,968,-10,7,0
R,14473,120,18.0,97,26,917,-12,-5,-3
R,14500,114,18.0,4,81,1014,23,-9,-3
R,14540,104,18.0,-223,194,865,7,-30,-9
R,14583,92,18.1,80,53,820,-9,2,0
R,14620,94,18.1,59,172,949,-16,10,4
R,14661,97,18.2,75,-37,1150,-20,15,1
R,14699,104,18.2,21,69,964,27,-2,-5
R,14741,105,18.2,83,39,1060,-10,-4,0
R,14781,99,18.3,100,-25,1034,15,-3,-4
R,14820,93,18.3,11,-17,1098,-19,-1,-4
R,14861,95,18.3,217,-27,1128,30,11,3
R,14900,91,18.4,-90,89,867,-4,-19,-7
R,14940,98,18.4,-103,117,1019,25,-3,-2
R,14982,101,18.4,57,140,857,-23,1,3
R,15020,108,18.5,-104,128,1022,-13,-12,-5
R,15061,117,18.5,11,90,966,22,0,6
R,15101,110,18.6,197,35,1045,-22,13,2
R,15140,98,18.6,56,20,1284,7,9,4
R,15180,78,18.6,-227,101,958,-19,-16,-4
R,15221,82,18.7,68,23,911,-7,-2,0
R,15260,85,18.7,62,-48,1191,-12,20,2
R,15301,86,18.7,21,38,1112,-6,0,1
R,15341,81,18.8,8,23,1267,-13,-3,-1
R,15380,77,18.8,122,-33,1077,42,-7,-5
R,15420,61,18.8,168,98,854,5,6,0
R,15474,58,18.8,165,48,866,-36,-7,-1
R,15500,58,18.8,-19,80,1070,-17,1,0
R,15540,68,18.9,-9,152,904,31,-23,-7
R,15583,85,18.9,-59,126,894,1,-10,2
R,15620,76,18.9,63,91,890,5,1,8
R,15660,81,19.0,65,-12,1159,-19,33,11
R,15701,82,19.0,52,77,1216,-12,3,3
R,15741,77,19.0,-179,110,1005,1,-19,-5
R,15780,73,19.0,117,-2,1151,5,9,1
R,15821,78,19.1,55,92,978,-2,-1,0
R,15861,81,19.1,30,17,988,-20,-4,0
R,15900,86,19.1,-31,50,1079,0,-8,-9
R,15941,80,19.2,-45,64,1013,1,-5,0
R,15981,76,19.2,8,108,782,23,-9,0
R,16020,66,19.2,51,74,854,-13,-1,5
R,16061,68,19.2,66,-20,1155,-32,27,5
R,16101,67,19.3,15,57,1106,7,-4,-1
R,16140,77,19.3,-126,122,875,-5,-17,-4
R,16180,72,19.3,-12,1,1205,15,-4,-7
R,16221,71,19.3,-68,108,891,20,-23,-6
R,16260,59,19.4,-158,179,789,48,-23,-5
R,16301,69,19.4,186,56,863,-15,8,6
R,16341,69,19.4,231,-41,1261,-6,23,2
R,16380,67,19.4,-7,41,1053,-4,5,0
R,16420,68,19.5,26,38,1003,-1,-7,-2
R,16473,67,19.5,251,70,839,-11,-12,-4
R,16500,70,19.5,204,79,1034,20,6,6
R,16541,80,19.5,-53,111,904,29,-3,-1
R,16582,67,19.6,219,6,942,4,13,3
R,16620,63,19.6,165,1,1102,7,-1,-1
R,16660,55,19.6,137,42,1264,3,10,1
R,16701,63,19.6,46,120,870,-4,-24,-4
R,16741,64,19.7,3,65,1118,-29,8,1
R,16780,66,19.7,99,49,1103,8,0,0
R,16820,76,19.7,-44,142,895,7,-17,-2
R,16860,65,19.7,66,-27,1089,-16,10,6
R,16901,58,19.8,-129,5,1138,9,-12,-14
R,16940,57,19.8,-224,65,801,-1,-21,-16
R,16980,64,19.8,25,74,972,-7,-12,-4
R,17021,74,19.8,110,-15,1162,18,18,3
R,17060,79,19.9,24,120,966,13,-2,0
R,17100,73,19.9,-141,153,854,19,-29,-4
R,17140,71,19.9,100,42,1015,-15,-12,-2
R,17180,65,19.9,-8,66,1029,8,-12,-2
R,17221,69,20.0,52,111,927,-20,-9,0
R,17261,59,20.0,51,-11,1196,-21,5,3
R,17300,68,20.0,-186,52,1342,-3,-2,-6
R,17340,70,20.0,-22,111,1032,17,-1,0
R,17381,63,20.1,107,112,1003,16,-7,0
R,17420,62,20.1,27,135,851,7,-34,-13
R,17473,58,20.1,131,3,1037,-2,6,-6
R,17501,63,20.1,131,135,1028,-15,2,5
R,17540,70,20.1,48,-34,958,-8,11,5
R,17582,72,20.2,-176,134,759,9,-22,-7
R,17620,73,20.2,-70,35,895,-1,-3,-4
R,17660,69,20.2,17,74,867,1,2,0
R,17700,50,20.2,-16,57,922,16,-22,-6
R,17741,34,20.3,-15,30,939,12,-11,-2
R,17780,33,20.3,131,90,1016,18,1,4
R,17820,24,20.3,48,-24,1263,0,3,0
R,17861,26,20.3,223,6,1032,36,3,-1
R,17900,27,20.3,-13,75,1141,-10,-10,-1
R,17940,27,20.3,219,12,1175,3,14,3
R,17982,31,20.3,169,21,1051,-24,6,2
R,18020,36,20.3,122,22,1005,12,-4,-3
R,18060,47,20.3,78,144,856,45,-21,-3
R,18101,43,20.4,103,104,915,-7,-3,2
R,18140,39,20.4,-50,165,839,-18,3,6
R,18180,38,20.4,147,4,1168,-1,8,4
R,18221,32,20.4,111,102,1132,16,5,8
R,18261,36,20.4,-91,82,912,-28,9,0
R,18300,43,20.4,104,57,909,5,7,4
R,18341,43,20.4,15,-1,1210,17,-1,-4
R,18381,42,20.5,-29,104,946,1,-13,-1
R,18421,48,20.5,-302,193,701,13,-33,-15
R,18474,49,20.5,-142,156,789,42,-32,-1
R,18501,62,20.5,183,-36,1251,31,20,0
R,18540,54,20.5,27,90,987,-27,-1,-3
R,18582,55,20.6,180,-15,1111,-4,12,1
R,18620,49,20.6,7,87,1041,44,-24,-5
R,18661,57,20.6,23,-1,1086,-36,8,2
R,18701,71,20.6,-78,-80,1269,-7,-1,-15
R,18741,71,20.6,-35,87,888,45,-27,-6
R,18781,69,20.7,-112,209,723,17,-12,0
R,18820,73,20.7,52,52,1134,-16,0,0
R,18861,69,20.7,110,109,914,23,-6,3
R,18900,73,20.7,66,71,1167,0,13,10
R,18940,90,20.8,94,37,1081,-14,-3,-5
R,18981,86,20.8,-69,110,1073,38,-29,-4
R,19021,78,20.8,68,-8,1244,-19,6,0
R,19060,83,20.9,50,-26,1178,-23,4,-2
R,19101,78,20.9,119,45,995,45,-11,-1
R,19140,80,20.9,36,61,1052,-5,-11,-3
R,19180,79,21.0,41,155,975,38,-20,-1
R,19221,85,21.0,43,127,1062,8,-4,2
R,19260,79,21.0,-312,183,820,18,-26,-11
R,19300,80,21.0,55,90,928,-2,-6,-2
R,19341,84,21.1,-26,92,996,11,1,-1
R,19380,93,21.1,23,74,996,-12,-15,-3
R,19420,89,21.1,-74,73,1077,16,-7,0
R,19472,87,21.2,-130,113,1048,-10,-19,-2
R,19500,95,21.2,-38,20,1147,-14,5,-2
R,19540,93,21.2,-25,-49,1140,6,-7,-12
R,19582,94,21.3,-99,86,865,35,-24,-5
R,19621,91,21.3,20,146,905,31,-3,1
R,19660,83,21.3,-5,145,1018,-1,-5,1
R,19700,83,21.4,166,39,883,23,-1,-7
R,19741,93,21.4,191,42,910,26,11,14
R,19780,95,21.4,162,41,1062,-8,7,0
R,19820,90,21.5,-6,213,818,17,-35,-8
R,19860,93,21.5,-43,84,962,-5,1,0
R,19901,85,21.5,136,19,1159,19,10,0
R,19940,78,21.6,-40,42,1003,-2,-18,-5
R,19980,90,21.6,-84,121,843,48,-26,-11
[dump] FIN RUN #6 t60=0 t330=0 t660=0 t1320=0
[dump] RUN #7 heure=15:50:32 src=TRANSBRAKE rollout_ms=0 statut=TERMINE
[dump] colonnes: R,elapsed_ms,kmh_x100,dist_ft,ax_mg,ay_mg,az_mg,gx_ds10,gy_ds10,gz_ds10
R,35,26043,8.3,-336,494,2698,27,240,-61
R,75,26148,17.8,190,794,485,8,-59,56
R,116,26273,27.6,1232,667,2455,-26,88,59
R,155,26406,37.0,-730,1067,1029,71,-40,-80
R,195,26525,46.6,275,1097,1257,-178,50,11
R,235,26642,56.3,508,157,2017,-901,96,84
R,275,26709,66.0,-599,-535,-194,187,-388,-72
R,316,26673,76.0,613,-519,576,-78,210,59
R,355,26536,85.4,-914,-561,1479,-9,-230,92
R,396,26401,95.3,566,-83,937,-333,13,66
R,435,26306,104.7,-59,-321,1100,161,180,1
R,474,26228,114.0,148,-789,1859,-18,-157,-27
R,514,26172,123.6,67,-193,-759,-181,148,-21
R,555,26145,133.4,58,-286,1546,-28,-115,-43
R,595,26103,142.9,-911,-609,-54,221,155,60
R,635,26011,152.4,248,-351,557,-39,-259,-46
R,675,25946,161.9,-198,-155,718,-138,-20,-47
R,714,25866,171.1,160,-373,-390,93,-67,-3
R,767,25798,183.5,233,-368,1241,-21,6,84
R,794,25755,189.9,-864,-523,1969,96,-100,12
R,834,25699,199.3,798,-345,2604,-147,-29,87
R,877,25622,209.3,-359,-126,602,46,-187,-62
R,914,25541,217.9,174,-551,1336,-1,439,74
R,954,25497,227.2,-113,-313,-619,-65,-352,-76
R,994,25471,236.5,81,373,982,-256,98,-6
R,1036,25424,246.3,-262,-1060,2995,253,-144,-60
R,1075,25357,255.3,739,-458,1990,75,42,0
R,1115,25262,264.5,30,-303,1386,58,-123,-52
R,1155,25199,273.7,386,-254,1159,-220,130,34
R,1195,25147,282.9,-201,-355,763,-61,-261,-40
R,1235,25102,292.1,-321,-74,883,191,223,-43
R,1275,25018,301.2,1173,-716,3264,166,252,78
R,1315,24940,310.3,-780,-589,-562,232,-351,9
R,1354,24894,319.2,540,161,617,-292,96,60
R,1395,24862,328.5,122,-257,1614,-86,-196,-2
R,1436,24830,337.7,821,-908,3511,86,233,58
R,1474,24763,346.3,12,24,-455,121,-300,-54
R,1515,24659,355.6,99,246,1229,-268,252,72
R,1555,24584,364.5,391,-1045,3108,-189,-78,-8
R,1594,24544,373.3,-707,-184,-892,41,-277,-121
R,1635,24512,382.4,300,-290,988,74,284,-6
R,1676,24452,391.6,680,-563,1396,-38,37,70
R,1714,24382,400.0,-574,-243,1360,-140,-222,-64
R,1768,24300,412.0,-722,121,454,20,-215,-71
R,1794,24257,417.8,-810,-73,-760,4,-43,-51
R,1835,24206,426.8,330,-160,2461,18,439,95
R,1877,24158,436.1,599,-683,1472,234,-152,-4
R,1916,24079,444.6,-97,-29,-53,-53,-118,-34
R,1954,23999,453.0,138,81,457,-437,81,54
R,1994,23929,461.7,-31,-393,2885,-206,47,44
R,2036,23893,470.9,3,-670,326,294,-89,-85
R,2075,23858,479.3,195,140,1617,198,77,-6
R,2116,23793,488.2,-41,-336,2326,67,341,49
R,2156,23735,496.9,-135,-606,-526,281,-34,18
R,2195,23661,505.3,693,-138,1438,-201,94,33
R,2235,23579,513.9,130,-273,54,-129,-98,-38
R,2275,23526,522.5,3,-326,212,8,-189,11
R,2316,23457,531.3,-311,-423,1270,27,-2,-48
R,2354,23398,539.4,-770,-592,-43,440,61,-21
R,2395,23367,548.2,435,-304,1109,336,-121,7
R,2436,23295,556.9,-345,-216,1089,36,-149,-11
R,2475,23218,565.1,-334,-252,3907,-231,-3,39
R,2517,23132,574.0,-529,-797,-83,175,-296,-49
R,2555,23043,582.0,355,-588,1051,186,-103,-44
R,2596,22941,590.6,160,-872,2491,43,119,-39
R,2636,22840,598.9,-278,-583,1580,140,368,80
R,2675,22712,607.0,146,-861,1123,21,203,113
R,2715,22591,615.3,946,-1445,3005,117,-114,75
R,2767,22459,626.0,509,-711,1394,-328,6,-16
R,2796,22347,631.9,-126,-841,57,-28,-124,-85
R,2836,22230,640.0,-45,-687,1032,-99,-108,-91
R,2878,22122,648.5,27,-1041,2942,-224,-31,22
R,2914,22013,655.7,561,-1182,3808,-16,-51,6
R,2954,21928,663.8,-171,-729,1105,163,-228,-104
R,2994,21826,671.7,108,-617,775,262,-30,-82
R,3035,21728,679.9,-635,-397,-643,466,-86,-83
R,3074,21626,687.6,225,-423,389,236,99,16
R,3114,21515,695.4,-954,-183,-844,143,23,-29
R,3154,21426,703.3,-764,-236,-556,159,104,54
R,3194,21329,711.1,678,-1113,3531,22,84,37
R,3234,21250,718.8,-149,-930,1534,132,-81,-30
R,3274,21164,726.5,415,-781,876,88,-96,-18
R,3314,21090,734.2,768,-752,2046,5,-12,-38
R,3354,20991,741.9,1063,-775,2760,37,77,36
R,3394,20881,749.5,1166,-552,2714,-166,102,50
R,3434,20779,757.1,892,-944,2674,-161,134,103
R,3473,20706,764.5,15,-916,1669,-360,-30,45
R,3514,20630,772.2,28,-976,1011,-275,-19,59
R,3556,20513,780.1,310,-666,1700,-357,2,53
R,3596,20410,787.6,343,-685,1003,-190,25,-50
R,3634,20320,794.6,-472,-634,237,83,-94,-91
R,3674,20243,802.0,-568,-607,155,49,-216,-114
R,3714,20155,809.4,14,-675,612,151,-210,-127
R,3768,20064,819.3,559,-441,1320,-237,194,-10
R,3794,19991,824.0,1059,-280,952,34,102,-18
R,3834,19900,831.3,-421,-547,-696,221,-76,-37
R,3877,19826,839.1,197,-398,1365,54,24,4
R,3913,19763,845.6,78,-567,766,20,270,84
R,3954,19680,852.9,-228,-872,1441,-305,84,52
R,3994,19592,860.1,646,-578,583,-293,134,106
R,4035,19509,867.4,251,-660,1221,-170,260,114
R,4076,19445,874.7,-65,-353,2106,-97,168,65
R,4115,19346,881.6,-828,-408,869,130,-4,35
R,4155,19256,888.6,-773,-664,469,81,108,44
R,4196,19169,895.8,-563,-191,1031,-95,-73,-52
R,4234,19085,902.4,-239,-368,107,-116,30,5
R,4276,19031,909.7,10,-115,478,-61,-50,0
R,4317,18972,916.8,-419,-777,1130,-65,153,49
R,4355,18902,923.4,468,-468,2008,-235,-34,48
R,4395,18820,930.2,-416,-1070,1119,-306,161,75
R,4435,18743,937.1,-69,-480,1832,-477,56,51
R,4474,18677,943.7,-390,-1084,801,-489,103,68
R,4516,18605,950.9,-686,-444,899,-448,-13,27
R,4557,18555,957.8,-91,-748,608,-326,122,70
R,4595,18497,964.2,58,-454,1135,-251,112,47
R,4634,18423,970.8,3,-86,1034,-98,200,71
R,4676,18340,977.8,-800,-491,934,-263,171,66
R,4714,18264,984.2,-598,-146,-512,-221,-87,6
R,4767,18178,993.0,-61,-857,1845,-198,136,30
R,4794,18086,997.4,151,-340,915,-131,123,17
R,4834,18036,1004.0,294,-274,1484,-37,-20,-6
R,4877,17951,1011.1,-298,-412,242,-64,-61,-17
R,4914,17879,1017.1,714,-255,1594,81,149,-26
R,4954,17819,1023.6,-29,-424,205,58,-7,23
R,4996,17757,1030.4,-40,-331,422,248,312,-5
R,5036,17688,1036.9,333,-344,1178,324,159,-30
R,5075,17644,1043.2,357,-394,1174,469,-57,-56
R,5114,17592,1049.4,-535,-294,572,375,-294,-87
R,5156,17535,1056.1,3,31,993,57,56,-31
R,5195,17464,1062.4,393,-766,1574,46,-75,-66
R,5234,17392,1068.6,-543,-559,372,-154,-98,-33
R,5276,17347,1075.2,-653,-787,833,-158,82,56
R,5315,17278,1081.4,-164,-401,1412,-246,134,82
R,5355,17208,1087.6,-558,-397,828,-101,-57,2
R,5395,17159,1093.9,-17,-650,1501,-54,51,56
R,5435,17064,1100.1,664,-714,1800,-180,91,84
R,5475,16974,1106.4,248,-788,1456,16,114,-13
R,5515,16923,1112.5,-552,-429,483,187,-88,-66
R,5556,16865,1118.8,-605,-153,420,253,-11,3
R,5594,16796,1124.7,-720,-490,-202,312,-259,-149
R,5634,16719,1130.8,18,-87,1172,-41,-177,-56
R,5675,16645,1137.0,-721,-304,662,-258,-120,-29
R,5714,16606,1142.9,-331,-170,678,-194,-4,18
R,5767,16579,1150.9,277,-447,2678,-244,50,1
R,5794,16537,1155.0,-114,179,212,-121,22,42
R,5835,16455,1161.2,78,-44,389,-2,5,52
R,5876,16374,1167.3,142,-675,1197,126,156,49
R,5914,16306,1173.0,-40,-31,368,85,-40,-37
R,5955,16220,1179.0,23,-466,1111,108,-122,-58
R,5994,16152,1184.8,-494,-495,731,4,-102,-30
R,6035,16086,1190.8,-123,-437,1085,-75,-166,-13
R,6075,16011,1196.7,-554,-477,292,36,-91,28
R,6115,15926,1202.5,-47,-726,1604,-141,74,40
R,6154,15884,1208.1,62,-610,152,145,-62,-15
R,6195,15822,1214.1,593,-524,1814,246,130,-26
R,6236,15750,1220.0,666,-792,2637,99,85,-38
R,6275,15678,1225.5,-624,-501,1780,-207,26,-2
R,6316,15626,1231.4,-584,-809,1736,-24,-11,4
R,6355,15552,1236.9,610,-361,1676,79,155,36
R,6395,15490,1242.6,0,-193,750,27,18,-13
R,6436,15441,1248.4,405,-133,1526,-34,178,11
R,6475,15378,1253.9,-848,-366,-295,326,-160,-86
R,6514,15310,1259.3,246,-747,3091,180,120,5
R,6555,15233,1265.0,-265,-54,1444,97,-82,-2
R,6594,15174,1270.4,-349,-350,43,-41,-32,15
R,6636,15117,1276.2,581,-526,1820,-171,17,11
R,6676,15062,1281.7,608,-192,1443,-31,25,0
R,6715,15015,1287.1,461,-474,1855,-12,67,9
R,6768,14962,1294.3,-275,-202,1469,96,15,16
R,6794,14892,1297.8,-508,-183,566,-52,-8,41
R,6835,14818,1303.4,499,-591,756,-36,182,29
R,6878,14752,1309.2,64,-12,1076,-106,49,-50
R,6915,14698,1314.1,579,-396,1632,-1,-9,-41
R,6956,14645,1319.6,-3,-137,1051,-164,-140,34
R,6994,14585,1324.7,13,-463,1089,65,-96,2
[dump] J60 t_ms=250
[dump] J330 t_ms=1402 vcross_x100=24853 vtrap_x100=25059
[dump] J660 t_ms=2936 vcross_x100=21957 vtrap_x100=22421
[dump] J1320 t_ms=6962 vcross_x100=14629 vtrap_x100=14994
[dump] FIN RUN #7 t60=250 t330=1402 t660=2936 t1320=6962
[dump] === fin ===
