[dump] RUN #1 heure=07:44:13 src=ENTREE_PIN rollout_ms=0 unit=FREDB dyn=7 rate_ms=40 gps=1 pre=16 imuf=2/7 ecu=HP statut=ABANDON
[dump] CAL cal=0 gxo_cdps=0 gyo_cdps=0 gzo_cdps=0 cal_tempC=0 run_tempC=34
[dump] colonnes: R,elapsed_ms,kmh_x100,dist_ft,ax_mg,ay_mg,az_mg,gx_ds10,gy_ds10,gz_ds10
R,-608,9,0.0,-108,-89,1009,4,-1,-2
R,-570,6,0.0,-108,-90,1010,3,-1,-2
R,-530,16,0.0,-109,-90,1009,3,-1,-2
R,-490,6,0.0,-109,-90,1008,3,-1,-2
R,-450,8,0.0,-107,-90,1009,4,-1,-2
R,-410,24,0.0,-108,-90,1009,4,-1,-2
R,-370,13,0.0,-107,-90,1009,4,-1,-2
R,-329,14,0.0,-108,-90,1009,4,-1,-2
R,-290,24,0.0,-108,-90,1010,3,-1,-2
R,-250,18,0.0,-107,-89,1009,4,-1,-2
R,-209,23,0.0,-108,-89,1010,4,-1,-2
R,-171,17,0.0,-108,-89,1009,4,-1,-2
R,-131,10,0.0,-108,-90,1009,4,-1,-2
R,-89,10,0.0,-109,-90,1009,3,-1,-2
R,-49,5,0.0,-109,-89,1009,3,-1,-2
R,-9,23,0.0,-108,-90,1009,3,-1,-2
R,30,14,0.0,-107,-90,1009,3,-1,-2
R,72,8,0.0,-108,-90,1009,3,-1,-2
R,110,14,0.0,-107,-90,1009,3,-1,-2
R,151,5,0.0,-107,-90,1009,3,-1,-2
R,191,4,0.0,-108,-90,1009,3,-1,-2
R,230,4,0.0,-107,-91,1009,3,-1,-2
R,285,6,0.0,-108,-90,1009,3,-1,-2
R,310,3,0.0,-109,-90,1009,3,-1,-2
R,350,7,0.0,-108,-89,1009,4,-1,-2
R,393,8,0.0,-108,-89,1009,3,-1,-2
R,430,16,0.0,-108,-90,1008,3,-1,-2
R,470,14,0.0,-107,-90,1010,4,-1,-2
R,510,6,0.0,-108,-90,1009,4,-1,-2
R,551,23,0.0,-109,-89,1009,3,-1,-2
R,590,13,0.1,-107,-91,1010,4,-1,-2
R,630,6,0.1,-107,-91,1010,3,-1,-2
R,671,19,0.1,-108,-90,1010,3,-1,-2
R,710,21,0.1,-108,-90,1009,4,-1,-2
R,750,10,0.1,-108,-90,1009,4,-1,-2
R,791,9,0.1,-107,-90,1010,4,-1,-2
R,831,4,0.1,-107,-90,1009,3,-1,-2
R,870,13,0.1,-108,-90,1009,4,-1,-2
R,911,5,0.1,-108,-90,1009,3,-1,-2
R,950,4,0.1,-107,-89,1009,3,-1,-2
R,990,14,0.1,-107,-89,1009,4,-1,-2
R,1031,24,0.1,-107,-89,1009,3,-2,-2
R,1070,17,0.1,-108,-90,1009,3,-1,-2
R,1110,11,0.1,-108,-89,1009,4,-1,-2
R,1151,9,0.1,-108,-90,1010,3,-1,-2
R,1190,12,0.1,-107,-90,1009,3,-1,-2
R,1230,7,0.1,-108,-90,1009,3,-1,-2
R,1284,3,0.1,-108,-89,1009,3,-1,-2
R,1311,2,0.1,-108,-89,1009,3,-1,-2
R,1350,15,0.1,-108,-89,1009,3,-1,-1
R,1393,11,0.1,-108,-89,1009,3,-1,-2
R,1430,4,0.1,-107,-89,1009,3,-1,-1
R,1470,17,0.1,-108,-90,1010,3,-1,-2
R,1511,12,0.1,-107,-90,1009,3,-1,-2
R,1551,10,0.1,-107,-89,1009,4,-1,-2
R,1590,10,0.2,-108,-90,1009,3,-1,-2
R,1631,10,0.2,-109,-90,1010,4,-1,-2
R,1671,12,0.2,-109,-90,1009,4,-1,-2
R,1711,12,0.2,-108,-90,1010,3,-1,-2
R,1750,11,0.2,-109,-90,1009,3,-1,-2
R,1789,9,0.2,-108,-90,1010,4,-1,-2
R,1830,13,0.2,-108,-90,1009,4,-1,-2
R,1872,17,0.2,-108,-89,1010,3,-1,-2
R,1910,8,0.2,-108,-89,1009,3,-1,-2
R,1952,9,0.2,-109,-90,1009,3,-1,-2
R,1991,9,0.2,-107,-91,1009,3,-1,-2
R,2032,8,0.2,-108,-90,1009,4,-1,-2
R,2071,3,0.2,-108,-89,1010,3,-1,-2
R,2110,5,0.2,-108,-90,1009,4,-1,-2
R,2150,9,0.2,-108,-90,1010,3,-1,-2
R,2192,8,0.2,-108,-90,1010,3,-1,-2
R,2230,10,0.2,-108,-90,1009,4,-1,-2
R,2285,3,0.2,-107,-89,1008,4,-1,-2
R,2310,6,0.2,-107,-90,1010,3,-1,-2
R,2350,11,0.2,-107,-90,1010,4,-1,-2
R,2393,8,0.2,-108,-89,1009,3,-1,-2
R,2431,17,0.2,-108,-90,1009,4,-1,-2
R,2470,14,0.2,-108,-89,1009,3,-1,-2
R,2510,13,0.2,-108,-91,1009,3,-1,-2
R,2551,19,0.2,-108,-90,1009,4,-1,-2
R,2590,5,0.2,-108,-89,1010,3,-1,-2
R,2630,12,0.2,-108,-90,1009,3,-1,-2
R,2671,13,0.3,-107,-89,1010,3,-1,-2
R,2713,14,0.3,-107,-89,1010,4,-1,-2
R,2750,6,0.3,-108,-90,1009,4,-1,-2
R,2791,4,0.3,-107,-90,1010,3,-1,-2
R,2832,9,0.3,-109,-89,1010,3,-1,-2
R,2870,16,0.3,-108,-90,1009,3,-1,-2
R,2911,21,0.3,-108,-89,1009,3,-1,-2
R,2950,13,0.3,-108,-90,1009,3,-1,-2
R,2990,7,0.3,-107,-89,1009,3,-1,-2
R,3031,27,0.3,-107,-90,1009,4,-1,-2
R,3070,9,0.3,-108,-89,1009,4,-1,-2
R,3110,7,0.3,-108,-90,1009,4,-1,-2
R,3151,10,0.3,-107,-90,1009,4,-1,-2
R,3190,16,0.3,-107,-90,1010,3,-1,-2
R,3232,6,0.3,-107,-89,1009,3,-1,-2
R,3284,5,0.3,-108,-89,1010,3,-1,-2
R,3310,3,0.3,-108,-89,1010,4,-1,-2
R,3351,8,0.3,-108,-89,1009,3,-1,-2
R,3393,26,0.3,-108,-90,1010,4,-1,-2
R,3436,5,0.3,-108,-90,1010,4,-1,-2
R,3470,3,0.3,-108,-90,1009,3,-1,-2
R,3511,6,0.3,-108,-89,1009,3,-1,-2
R,3551,15,0.3,-108,-90,1009,4,-1,-2
R,3590,18,0.3,-107,-90,1009,3,-1,-2
R,3630,5,0.3,-108,-90,1009,3,-1,-2
R,3672,22,0.4,-108,-89,1009,4,-1,-2
R,3711,18,0.4,-108,-90,1009,3,-1,-2
R,3749,13,0.4,-108,-89,1009,3,-1,-2
R,3790,10,0.4,-108,-89,1010,3,-1,-2
R,3830,12,0.4,-107,-89,1010,3,-1,-1
R,3870,11,0.4,-108,-90,1010,3,-1,-2
R,3911,23,0.4,-108,-89,1010,3,-1,-2
R,3950,25,0.4,-107,-90,1009,3,-1,-2
R,3991,28,0.4,-108,-90,1009,4,-1,-2
R,4031,8,0.4,-108,-90,1010,4,-1,-2
R,4071,10,0.4,-108,-89,1010,3,-1,-2
R,4111,11,0.4,-107,-91,1009,3,-1,-2
R,4151,9,0.4,-109,-89,1008,3,-1,-2
R,4190,12,0.4,-108,-89,1009,3,-1,-2
R,4230,23,0.4,-108,-90,1010,3,-1,-2
R,4284,8,0.4,-107,-89,1010,3,-1,-1
R,4310,4,0.4,-106,-90,1009,3,-1,-2
R,4351,13,0.4,-107,-91,1009,3,-1,-2
R,4393,12,0.4,-107,-90,1009,4,-1,-2
R,4430,1,0.4,-107,-90,1010,3,-1,-2
R,4470,27,0.5,-108,-90,1009,3,-1,-2
R,4510,22,0.5,-107,-90,1008,4,-1,-2
R,4551,4,0.5,-108,-90,1009,3,-1,-2
R,4590,4,0.5,-108,-89,1009,4,-1,-2
R,4632,5,0.5,-108,-91,1009,4,-1,-2
R,4670,13,0.5,-108,-89,1009,3,-1,-2
R,4710,14,0.5,-108,-89,1010,3,-1,-2
R,4750,5,0.5,-108,-90,1010,4,-1,-2
R,4790,12,0.5,-107,-90,1009,4,-1,-2
R,4831,18,0.5,-108,-90,1009,4,-1,-2
R,4870,8,0.5,-108,-90,1009,3,-1,-2
R,4911,15,0.5,-107,-90,1009,3,-1,-2
R,4950,4,0.5,-108,-89,1009,3,-1,-2
R,4990,18,0.5,-108,-90,1009,4,-1,-2
R,5031,13,0.5,-108,-90,1009,3,-1,-2
R,5071,8,0.5,-108,-90,1009,4,-1,-2
R,5110,5,0.5,-106,-89,1009,3,-1,-2
R,5150,17,0.5,-107,-90,1009,4,-1,-2
R,5191,13,0.5,-108,-90,1009,3,-1,-2
R,5229,2,0.5,-107,-90,1009,3,-1,-2
R,5283,6,0.5,-108,-91,1009,3,-1,-2
R,5310,4,0.5,-108,-90,1009,3,-1,-2
R,5351,14,0.5,-108,-89,1010,3,-1,-2
R,5393,8,0.5,-108,-90,1009,3,-1,-2
R,5430,18,0.5,-108,-90,1009,3,-1,-2
R,5470,13,0.6,-108,-90,1010,4,-1,-2
R,5511,4,0.6,-108,-90,1009,4,-2,-2
R,5552,14,0.6,-108,-90,1009,4,-1,-2
R,5591,17,0.6,-107,-89,1009,3,-1,-2
R,5632,3,0.6,-108,-90,1009,3,-1,-2
R,5671,9,0.6,-108,-89,1009,3,-1,-2
R,5710,10,0.6,-108,-90,1010,4,-1,-2
R,5750,12,0.6,-108,-90,1009,4,-1,-2
R,5791,8,0.6,-108,-91,1009,3,-1,-2
R,5831,6,0.6,-108,-90,1010,3,-1,-2
R,5870,1,0.6,-107,-90,1010,3,-1,-2
R,5913,14,0.6,-107,-90,1010,3,-1,-2
R,5951,12,0.6,-108,-89,1009,3,-1,-2
R,5992,10,0.6,-108,-90,1010,3,-1,-2
R,6032,24,0.6,-107,-90,1009,3,-1,-2
R,6071,29,0.6,-108,-90,1009,3,-1,-2
R,6110,11,0.6,-107,-90,1009,4,-1,-2
R,6151,10,0.6,-108,-89,1010,3,-1,-2
R,6191,18,0.6,-107,-90,1009,3,-1,-2
R,6231,15,0.6,-108,-90,1009,3,-1,-2
R,6285,7,0.6,-108,-90,1009,3,-1,-2
R,6311,9,0.6,-109,-90,1010,3,-1,-2
R,6351,13,0.6,-108,-91,1009,4,-1,-2
R,6394,9,0.7,-108,-90,1009,4,-1,-2
R,6431,11,0.7,-108,-90,1009,4,-1,-2
R,6471,18,0.7,-108,-90,1009,4,-1,-2
R,6511,11,0.7,-109,-90,1010,3,-1,-2
R,6551,8,0.7,-108,-90,1009,3,-1,-2
R,6591,10,0.7,-109,-90,1009,3,-1,-2
R,6631,24,0.7,-108,-90,1010,3,-1,-2
R,6672,13,0.7,-108,-89,1010,4,-1,-2
R,6710,22,0.7,-107,-89,1009,3,-1,-2
R,6750,23,0.7,-108,-89,1009,3,-1,-2
R,6791,4,0.7,-108,-90,1009,3,-1,-2
R,6831,18,0.7,-107,-89,1010,4,-1,-2
R,6871,2,0.7,-107,-89,1010,4,-1,-2
R,6911,9,0.7,-108,-89,1009,4,-1,-2
R,6952,11,0.7,-108,-90,1009,3,-1,-2
R,6991,11,0.7,-108,-91,1010,3,-1,-2
R,7031,9,0.7,-108,-90,1010,3,-1,-2
R,7072,5,0.7,-107,-89,1009,3,-1,-2
R,7111,15,0.7,-108,-90,1010,4,-1,-2
R,7152,12,0.7,-107,-90,1009,4,-1,-2
R,7191,2,0.7,-108,-90,1010,4,-1,-2
R,7230,12,0.7,-108,-89,1009,3,-1,-2
R,7286,10,0.7,-108,-90,1010,4,-1,-2
R,7351,9,0.8,-108,-90,1009,3,-1,-2
R,7394,13,0.8,-108,-89,1009,4,-1,-2
R,7431,13,0.8,-109,-90,1010,4,-1,-2
R,7471,6,0.8,-108,-89,1009,4,-1,-2
R,7512,6,0.8,-107,-90,1009,4,-1,-2
R,7552,23,0.8,-108,-90,1009,4,-1,-2
R,7591,12,0.8,-108,-89,1010,3,-1,-2
R,7631,22,0.8,-107,-90,1009,3,-1,-2
R,7672,3,0.8,-108,-90,1009,3,-1,-2
R,7712,12,0.8,-108,-91,1010,4,-1,-2
R,7751,21,0.8,-108,-91,1010,4,-1,-2
R,7792,21,0.8,-108,-90,1009,3,-1,-2
R,7833,24,0.8,-108,-89,1009,4,-1,-2
R,7873,17,0.8,-108,-89,1010,3,-1,-2
R,7911,15,0.8,-107,-90,1009,4,-1,-2
R,7951,11,0.8,-108,-89,1010,4,-1,-2
R,7991,8,0.8,-107,-89,1009,3,-1,-1
R,8031,18,0.8,-108,-91,1009,4,-1,-2
R,8072,22,0.8,-108,-90,1010,4,-1,-2
R,8112,28,0.9,-108,-89,1010,3,-1,-2
R,8150,14,0.9,-108,-90,1009,4,-1,-2
R,8190,16,0.9,-108,-90,1009,4,-1,-2
R,8230,29,0.9,-108,-89,1008,3,-1,-2
R,8286,18,0.9,-107,-90,1009,3,-1,-2
R,8353,2,0.9,-107,-89,1009,3,-1,-2
R,8393,23,0.9,-108,-89,1010,3,-1,-2
R,8431,19,0.9,-108,-90,1009,4,-1,-1
R,8473,22,0.9,-108,-89,1010,3,-1,-2
R,8511,25,0.9,-108,-90,1009,3,-1,-2
R,8551,9,0.9,-107,-90,1010,3,-1,-2
R,8591,12,0.9,-108,-90,1009,3,-1,-2
R,8630,21,0.9,-107,-89,1010,4,-1,-2
R,8670,18,0.9,-107,-90,1009,3,-1,-2
R,8709,4,1.0,-109,-90,1009,3,-1,-2
R,8750,11,1.0,-107,-90,1009,3,-1,-2
R,8791,6,1.0,-108,-90,1008,4,-1,-2
R,8830,21,1.0,-109,-90,1009,4,-1,-2
R,8870,14,1.0,-108,-90,1009,4,-1,-2
R,8911,12,1.0,-108,-89,1009,3,-1,-2
R,8950,6,1.0,-108,-89,1010,4,-1,-2
R,8991,20,1.0,-108,-90,1010,3,-1,-2
R,9030,22,1.0,-108,-89,1009,3,-1,-2
R,9070,12,1.0,-107,-90,1009,3,-1,-2
R,9110,16,1.0,-108,-90,1009,3,-1,-2
R,9150,6,1.0,-108,-89,1009,4,-2,-2
R,9189,19,1.0,-108,-89,1009,3,-1,-2
R,9230,22,1.0,-108,-89,1009,4,-1,-2
R,9285,30,1.0,-109,-90,1009,3,-1,-2
R,9310,18,1.0,-108,-90,1009,3,-1,-2
R,9351,1,1.0,-108,-91,1010,3,-1,-2
R,9394,7,1.0,-108,-89,1009,3,-1,-2
R,9432,14,1.0,-108,-90,1009,3,-2,-2
R,9470,16,1.0,-108,-90,1009,3,-1,-2
R,9510,10,1.1,-108,-90,1010,4,-1,-2
R,9550,23,1.1,-108,-90,1009,3,-1,-2
R,9591,12,1.1,-107,-90,1010,3,-1,-2
R,9630,8,1.1,-108,-90,1009,3,-1,-2
R,9670,12,1.1,-109,-89,1010,3,-1,-2
R,9711,9,1.1,-107,-89,1009,3,-1,-2
R,9750,7,1.1,-108,-90,1010,4,-1,-2
R,9793,18,1.1,-107,-90,1010,4,-1,-2
R,9830,14,1.1,-107,-88,1009,3,-1,-2
R,9870,5,1.1,-107,-91,1010,3,-1,-2
R,9912,8,1.1,-108,-90,1009,3,-1,-2
R,9950,12,1.1,-108,-90,1009,4,-1,-2
R,9990,10,1.1,-108,-91,1009,3,-1,-2
R,10030,4,1.1,-108,-90,1009,4,-1,-2
R,10072,4,1.1,-107,-89,1010,3,-1,-2
R,10110,1,1.1,-108,-90,1009,3,-1,-2
R,10150,2,1.1,-108,-90,1009,4,-1,-2
R,10191,4,1.1,-108,-90,1010,4,-1,-2
R,10230,9,1.1,-108,-90,1010,3,-1,-2
R,10285,12,1.1,-108,-90,1009,4,-1,-1
R,10310,14,1.1,-108,-91,1009,4,-1,-1
R,10350,17,1.1,-108,-89,1010,4,-1,-2
R,10393,3,1.1,-108,-90,1009,4,-1,-2
R,10430,20,1.1,-107,-90,1009,3,-1,-2
R,10470,23,1.1,-108,-90,1009,3,-1,-2
R,10510,4,1.1,-108,-90,1009,3,-1,-2
R,10550,3,1.1,-108,-90,1010,4,-1,-2
R,10590,18,1.2,-107,-90,1010,4,-1,-2
R,10629,9,1.2,-108,-89,1010,3,-1,-2
R,10669,22,1.2,-108,-89,1009,3,-1,-2
R,10710,24,1.2,-108,-90,1010,3,-1,-2
R,10750,17,1.2,-109,-89,1010,3,-1,-2
R,10791,4,1.2,-108,-90,1009,4,-1,-2
R,10830,2,1.2,-108,-89,1008,4,-1,-2
R,10870,8,1.2,-109,-90,1009,3,-1,-1
R,10910,6,1.2,-108,-90,1010,3,-1,-2
R,10951,6,1.2,-107,-90,1010,3,-1,-2
R,10990,15,1.2,-108,-90,1010,3,-1,-2
R,11030,6,1.2,-108,-90,1010,3,-1,-2
R,11070,15,1.2,-108,-90,1010,3,-1,-2
R,11110,15,1.2,-108,-90,1010,4,-1,-2
R,11149,17,1.2,-108,-90,1009,4,-1,-2
R,11190,8,1.2,-109,-90,1009,3,-1,-2
R,11230,10,1.2,-108,-90,1010,4,-1,-2
R,11285,9,1.2,-108,-90,1009,4,-1,-2
R,11311,2,1.2,-108,-90,1008,3,-1,-2
R,11350,10,1.2,-108,-91,1009,4,-1,-2
R,11392,12,1.2,-108,-91,1010,3,-1,-2
R,11430,0,1.2,-108,-90,1009,4,-1,-2
R,11470,6,1.2,-109,-90,1009,3,-1,-2
R,11510,8,1.2,-108,-91,1010,4,-1,-2
R,11550,5,1.2,-108,-90,1009,3,-1,-2
R,11589,10,1.2,-108,-89,1009,3,-1,-2
R,11630,9,1.2,-108,-90,1009,3,-1,-2
R,11670,4,1.2,-108,-89,1009,4,-1,-2
R,11710,17,1.3,-108,-89,1009,4,-1,-2
R,11750,24,1.3,-107,-90,1009,4,-1,-2
R,11790,22,1.3,-108,-90,1010,3,-1,-2
R,11831,12,1.3,-108,-89,1009,4,-1,-2
R,11870,17,1.3,-107,-90,1010,3,-1,-2
R,11910,3,1.3,-107,-90,1010,3,-1,-2
R,11950,7,1.3,-108,-91,1009,3,-1,-2
R,11990,17,1.3,-108,-89,1009,3,-1,-1
R,12030,6,1.3,-108,-90,1010,3,-1,-2
R,12069,9,1.3,-109,-90,1009,4,-1,-2
R,12109,4,1.3,-109,-90,1009,3,-1,-2
R,12151,10,1.3,-108,-89,1009,4,-1,-2
R,12190,12,1.3,-107,-89,1009,4,-1,-2
R,12230,11,1.3,-107,-89,1009,3,-1,-2
R,12283,18,1.3,-108,-90,1009,3,-1,-2
R,12310,18,1.3,-107,-90,1009,3,-1,-2
R,12352,10,1.3,-108,-90,1008,3,-1,-2
R,12393,13,1.3,-108,-90,1009,3,-1,-2
R,12430,9,1.3,-109,-91,1009,3,-1,-2
R,12470,23,1.3,-107,-90,1009,4,-1,-2
R,12510,18,1.3,-108,-89,1010,4,-1,-2
R,12550,11,1.4,-108,-88,1010,4,-1,-2
R,12589,21,1.4,-108,-89,1009,3,-1,-2
R,12630,30,1.4,-109,-90,1010,3,-1,-2
R,12671,11,1.4,-108,-90,1009,4,-1,-2
R,12710,16,1.4,-107,-89,1009,3,-1,-2
R,12750,28,1.4,-108,-89,1009,4,-1,-2
R,12791,9,1.4,-108,-89,1009,4,-1,-2
R,12830,38,1.4,-107,-90,1009,4,-1,-2
R,12870,19,1.4,-108,-90,1010,3,-1,-2
R,12910,14,1.4,-107,-90,1010,3,-1,-1
R,12950,8,1.4,-108,-90,1009,3,-1,-2
R,12990,15,1.4,-108,-89,1009,3,-1,-2
R,13030,19,1.4,-108,-90,1009,3,-1,-2
R,13069,32,1.4,-109,-91,1010,3,-1,-2
R,13111,6,1.5,-108,-90,1010,3,-1,-2
R,13150,27,1.5,-108,-89,1009,3,-1,-2
R,13190,26,1.5,-107,-89,1010,3,-1,-2
R,13230,6,1.5,-108,-90,1009,3,-1,-2
R,13285,15,1.5,-108,-90,1009,3,-1,-2
R,13311,19,1.5,-108,-90,1010,3,-1,-2
R,13350,25,1.5,-108,-90,1010,3,-1,-2
R,13395,39,1.5,-109,-90,1010,3,-1,-2
R,13432,32,1.5,-108,-91,1010,3,-1,-2
R,13471,17,1.5,-108,-90,1010,3,-1,-2
R,13512,33,1.5,-108,-90,1010,3,-1,-2
R,13550,40,1.5,-108,-89,1009,3,-1,-2
R,13590,1,1.6,-108,-89,1009,3,-1,-2
R,13633,49,1.6,-109,-90,1009,4,-1,-2
R,13670,20,1.6,-108,-90,1010,3,-1,-1
R,13710,24,1.6,-108,-90,1009,4,-1,-2
R,13750,5,1.6,-108,-90,1009,4,-1,-2
R,13791,26,1.6,-109,-89,1009,3,-1,-2
R,13830,26,1.6,-108,-90,1010,3,-1,-1
R,13870,13,1.6,-108,-90,1010,4,-1,-2
R,13910,38,1.6,-109,-90,1009,3,-1,-2
R,13950,30,1.6,-108,-90,1010,3,-1,-2
R,13990,44,1.6,-108,-89,1010,3,-1,-2
R,14030,24,1.7,-107,-90,1010,3,-2,-2
R,14069,22,1.7,-108,-90,1009,3,-1,-2
R,14112,24,1.7,-108,-90,1009,4,-1,-2
R,14152,26,1.7,-109,-90,1009,4,-1,-2
R,14190,20,1.7,-108,-90,1008,4,-1,-2
R,14230,42,1.7,-107,-90,1009,4,-2,-2
R,14284,33,1.7,-108,-90,1010,3,-1,-2
R,14310,16,1.7,-108,-90,1010,4,-1,-2
R,14352,23,1.7,-108,-90,1009,3,-1,-2
R,14392,35,1.7,-108,-90,1010,4,-1,-2
R,14430,24,1.8,-107,-90,1009,3,-1,-2
R,14472,13,1.8,-107,-89,1009,3,-1,-2
R,14511,18,1.8,-107,-90,1009,3,-1,-2
R,14550,17,1.8,-108,-90,1009,4,-1,-2
R,14589,4,1.8,-109,-90,1009,4,-1,-2
R,14630,4,1.8,-108,-90,1010,3,-1,-2
R,14672,1,1.8,-107,-90,1010,4,-1,-2
R,14710,23,1.8,-108,-90,1010,4,-1,-2
R,14750,12,1.8,-109,-89,1009,4,-1,-2
R,14791,26,1.8,-108,-90,1009,4,-1,-2
R,14830,32,1.8,-107,-90,1009,3,-1,-2
R,14870,18,1.8,-107,-89,1010,3,-1,-2
R,14911,9,1.8,-108,-89,1010,4,-1,-2
R,14950,16,1.8,-108,-90,1010,3,-1,-2
R,14990,7,1.8,-108,-90,1009,3,-1,-2
R,15030,26,1.8,-107,-89,1009,3,-1,-2
R,15069,27,1.8,-107,-90,1010,4,-1,-2
R,15110,28,1.9,-108,-90,1009,3,-1,-2
R,15151,14,1.9,-107,-90,1009,3,-1,-2
R,15190,1,1.9,-107,-90,1010,3,-1,-2
R,15230,8,1.9,-108,-90,1010,4,-1,-2
R,15285,6,1.9,-108,-89,1009,3,-1,-2
R,15310,9,1.9,-108,-90,1009,3,-1,-2
R,15351,6,1.9,-107,-90,1010,3,-1,-2
R,15393,3,1.9,-108,-91,1010,3,-1,-2
R,15430,24,1.9,-108,-91,1010,3,-1,-2
R,15471,23,1.9,-107,-90,1009,3,-1,-2
R,15511,11,1.9,-108,-90,1009,3,-1,-2
R,15550,19,1.9,-107,-90,1009,4,-1,-2
R,15590,17,1.9,-108,-90,1009,4,-1,-2
R,15631,26,1.9,-108,-89,1010,3,-1,-2
R,15671,9,1.9,-109,-89,1009,4,-1,-2
R,15710,9,1.9,-108,-89,1010,3,-1,-2
R,15750,7,1.9,-109,-90,1009,3,-1,-2
R,15790,1,1.9,-108,-89,1010,3,-1,-2
R,15830,12,1.9,-108,-89,1009,3,-1,-2
R,15870,18,1.9,-108,-90,1010,3,-1,-2
R,15911,16,1.9,-108,-90,1010,4,-1,-2
R,15950,4,2.0,-108,-90,1009,4,-1,-2
R,15991,7,2.0,-108,-90,1009,4,-1,-2
R,16030,17,2.0,-109,-89,1009,3,-1,-2
R,16071,4,2.0,-108,-90,1009,3,-1,-2
R,16110,5,2.0,-108,-88,1010,4,-1,-1
R,16151,6,2.0,-108,-90,1009,3,-1,-2
R,16190,9,2.0,-108,-90,1009,4,-1,-2
R,16230,8,2.0,-109,-90,1009,4,-1,-2
R,16285,9,2.0,-108,-90,1009,3,-1,-2
R,16310,9,2.0,-108,-90,1009,3,-1,-2
R,16351,8,2.0,-108,-90,1009,4,-1,-2
R,16393,11,2.0,-108,-90,1009,4,-1,-2
R,16430,18,2.0,-108,-90,1009,4,-1,-2
R,16470,8,2.0,-108,-89,1009,3,-1,-2
R,16509,5,2.0,-108,-90,1009,3,-1,-2
R,16550,4,2.0,-108,-89,1010,3,-1,-1
R,16590,9,2.0,-108,-89,1009,4,-1,-2
R,16633,18,2.0,-108,-90,1009,3,-1,-2
R,16670,10,2.0,-109,-90,1010,4,-1,-2
R,16711,27,2.0,-108,-90,1009,3,-1,-2
R,16750,19,2.0,-108,-90,1010,3,-1,-2
R,16791,13,2.0,-108,-90,1009,3,-1,-1
R,16831,22,2.0,-108,-89,1009,3,-1,-2
R,16870,16,2.0,-108,-91,1008,4,-1,-2
R,16912,11,2.0,-108,-89,1010,4,-1,-1
R,16951,5,2.1,-109,-89,1010,3,-1,-2
R,16989,19,2.1,-109,-90,1009,4,-1,-2
R,17029,3,2.1,-108,-89,1010,3,-1,-2
R,17072,16,2.1,-108,-90,1009,3,-1,-1
R,17110,18,2.1,-108,-89,1010,4,-1,-2
R,17150,4,2.1,-108,-89,1010,3,-1,-2
R,17190,13,2.1,-109,-90,1010,3,-1,-2
R,17231,10,2.1,-109,-90,1009,4,-1,-2
R,17284,15,2.1,-108,-90,1009,3,-1,-2
R,17310,12,2.1,-108,-90,1009,3,-1,-2
R,17351,11,2.1,-108,-89,1009,4,-1,-2
R,17392,22,2.1,-108,-89,1010,3,-1,-2
R,17430,21,2.1,-107,-89,1009,4,-1,-2
R,17469,6,2.1,-108,-90,1010,4,-1,-2
R,17509,17,2.1,-108,-90,1009,4,-1,-2
R,17552,12,2.1,-108,-90,1010,3,-1,-2
R,17590,6,2.1,-108,-89,1009,3,-1,-2
R,17630,5,2.1,-108,-90,1009,3,-1,-1
R,17672,6,2.1,-108,-90,1009,3,-1,-2
R,17710,5,2.1,-108,-89,1010,3,-1,-2
R,17750,15,2.1,-108,-91,1009,3,-1,-2
R,17790,3,2.1,-108,-90,1010,4,-1,-2
R,17830,2,2.1,-108,-89,1009,3,-1,-2
R,17870,13,2.1,-108,-90,1008,3,-1,-2
R,17911,9,2.1,-107,-90,1010,3,-1,-2
R,17950,13,2.1,-107,-90,1010,3,-1,-2
R,17989,18,2.2,-107,-89,1010,4,-1,-2
R,18030,5,2.2,-108,-90,1010,3,-1,-2
R,18072,12,2.2,-107,-90,1010,4,-1,-2
R,18110,24,2.2,-108,-89,1009,4,-1,-2
R,18151,9,2.2,-107,-90,1010,3,-1,-2
R,18193,19,2.2,-107,-90,1010,3,-1,-2
R,18230,21,2.2,-108,-90,1009,4,-1,-2
R,18284,14,2.2,-107,-90,1009,4,-1,-2
R,18310,15,2.2,-108,-91,1009,3,-1,-2
R,18350,2,2.2,-109,-89,1009,4,-1,-2
R,18393,14,2.2,-109,-90,1009,3,-1,-2
R,18430,6,2.2,-107,-90,1010,3,-1,-2
R,18469,14,2.2,-108,-90,1009,3,-1,-2
R,18509,6,2.2,-109,-89,1010,3,-1,-2
R,18550,16,2.2,-107,-89,1009,4,-1,-2
R,18590,30,2.2,-107,-90,1009,4,-1,-2
R,18630,3,2.2,-109,-90,1009,4,-1,-2
R,18670,18,2.2,-109,-90,1009,3,-1,-2
R,18710,22,2.2,-107,-90,1010,3,-1,-2
R,18750,16,2.3,-108,-90,1009,3,-1,-2
R,18791,4,2.3,-108,-90,1010,3,-1,-2
R,18830,12,2.3,-108,-90,1009,3,-1,-2
R,18870,18,2.3,-109,-90,1010,4,-1,-2
R,18910,31,2.3,-108,-89,1009,4,-1,-2
R,18949,21,2.3,-108,-90,1010,3,-1,-2
R,18989,5,2.3,-108,-89,1010,4,-1,-2
R,19032,27,2.3,-108,-89,1009,4,-1,-1
R,19070,36,2.3,-107,-90,1009,3,-1,-1
R,19110,28,2.3,-108,-90,1010,3,-1,-2
R,19150,8,2.3,-108,-90,1010,3,-1,-2
R,19190,18,2.3,-108,-90,1009,3,-1,-2
R,19230,20,2.3,-107,-89,1009,3,-1,-2
R,19285,14,2.3,-108,-90,1009,3,-1,-2
R,19310,6,2.3,-108,-90,1010,4,-1,-2
R,19351,18,2.4,-108,-90,1009,4,-1,-2
R,19393,18,2.4,-108,-89,1009,4,-1,-2
R,19429,10,2.4,-108,-89,1009,3,-1,-2
R,19471,19,2.4,-108,-89,1009,3,-1,-1
R,19512,12,2.4,-108,-90,1009,3,-1,-2
R,19551,15,2.4,-108,-90,1010,3,-1,-2
R,19591,6,2.4,-108,-89,1010,3,-1,-2
R,19630,14,2.4,-108,-90,1009,3,-1,-2
R,19670,10,2.4,-107,-90,1009,3,-1,-2
R,19712,27,2.4,-107,-90,1009,3,-1,-2
R,19752,11,2.4,-108,-90,1009,3,-1,-2
R,19791,8,2.4,-107,-90,1010,4,-1,-2
R,19831,9,2.4,-107,-90,1010,4,-1,-2
R,19870,7,2.4,-107,-89,1009,3,-1,-2
R,19910,1,2.4,-108,-90,1009,3,-1,-2
R,19950,8,2.4,-108,-90,1009,3,-1,-2
R,19990,10,2.4,-108,-90,1010,3,-1,-2
[dump] FIN RUN #1 t60=0 t330=0 t660=0 t1320=0
