[dump] RUN #1 heure=10:34:20 src=SEUIL_GPS rollout_ms=0 unit=FREDB dyn=7 rate_ms=40 gps=1 pre=13 imuf=2/7 ecu=HP statut=TERMINE
[dump] CAL cal=1 gxo_cdps=35 gyo_cdps=-37 gzo_cdps=-8 cal_tempC=47 run_tempC=46
[dump] colonnes: R,elapsed_ms,kmh_x100,dist_ft,ax_mg,ay_mg,az_mg,gx_ds10,gy_ds10,gz_ds10
R,-1401,40,0.0,12,-137,1022,2,-3,-7
R,-1295,40,0.0,14,-138,1021,5,-2,-8
R,-1187,40,0.0,12,-134,1021,4,-3,-8
R,-1079,40,0.0,14,-138,1022,3,-2,-8
R,-971,40,0.0,12,-135,1022,4,-3,-8
R,-862,40,0.0,12,-135,1021,3,-3,-8
R,-754,40,0.0,13,-138,1022,4,-3,-8
R,-649,40,0.0,13,-136,1020,4,-2,-8
R,-540,40,0.0,12,-134,1021,3,-3,-8
R,-432,40,0.0,13,-137,1022,4,-2,-8
R,-323,40,0.0,12,-135,1022,3,-3,-8
R,-217,40,0.0,14,-137,1021,3,-3,-8
R,-109,40,0.0,14,-136,1022,4,-3,-8
R,125,1369,0.9,12,-138,1021,4,-3,-8
R,165,1711,1.5,13,-136,1022,4,-3,-8
R,206,2053,2.2,13,-136,1021,4,-3,-8
R,246,2395,3.0,14,-135,1021,4,-3,-8
R,286,2737,4.0,13,-135,1022,4,-3,-8
R,326,3079,5.0,12,-136,1021,3,-3,-8
R,366,3421,6.2,12,-137,1022,4,-3,-8
R,406,3764,7.5,12,-136,1021,4,-3,-8
R,446,4106,8.9,12,-136,1021,4,-3,-8
R,486,4448,10.5,13,-136,1021,4,-3,-8
R,526,4790,12.2,13,-136,1021,4,-3,-8
R,566,5132,14.0,13,-135,1020,3,-3,-8
R,606,5474,15.9,13,-135,1021,4,-3,-8
R,646,5816,18.0,13,-136,1021,3,-2,-8
R,686,6051,20.2,14,-135,1022,4,-2,-8
R,726,6107,22.4,13,-136,1020,4,-3,-8
R,766,6164,24.6,12,-135,1019,4,-3,-8
R,806,6220,26.9,12,-135,1019,4,-3,-8
R,846,6276,29.1,13,-136,1021,4,-3,-8
R,886,6332,31.4,12,-136,1020,4,-3,-8
R,926,6388,33.8,12,-136,1020,4,-3,-8
R,966,6445,36.1,13,-137,1021,4,-3,-8
R,1006,6501,38.5,13,-137,1021,4,-3,-8
R,1046,6557,40.8,13,-135,1020,4,-2,-8
R,1086,6613,43.2,13,-135,1022,4,-3,-8
R,1126,6670,45.7,12,-135,1021,3,-3,-8
R,1166,6726,48.1,13,-136,1021,4,-3,-8
R,1206,6782,50.6,13,-136,1020,3,-2,-8
R,1246,6838,53.0,12,-136,1021,3,-3,-8
R,1285,6895,55.5,13,-136,1021,4,-3,-8
R,1326,6951,58.1,13,-135,1022,4,-3,-8
R,1366,7007,60.6,13,-136,1022,4,-3,-8
R,1405,7064,63.1,13,-136,1022,4,-3,-8
R,1446,7120,65.8,12,-135,1021,4,-3,-8
R,1486,7176,68.4,14,-135,1021,4,-3,-8
R,1526,7233,71.0,14,-137,1021,4,-2,-8
R,1566,7289,73.6,14,-136,1021,4,-3,-8
R,1606,7346,76.3,13,-136,1022,3,-3,-8
R,1646,7402,79.0,12,-136,1021,4,-3,-8
R,1685,7459,81.6,13,-136,1022,4,-2,-8
R,1726,7515,84.4,13,-136,1021,4,-3,-8
R,1766,7572,87.2,13,-137,1022,4,-3,-8
R,1806,7628,90.0,14,-137,1023,4,-3,-8
R,1846,7685,92.7,13,-136,1023,4,-3,-8
R,1886,7741,95.6,12,-136,1023,4,-3,-8
R,1926,7798,98.4,13,-135,1022,4,-2,-8
R,1966,7854,101.2,13,-135,1022,4,-3,-8
R,2006,7910,104.1,14,-136,1022,3,-2,-8
R,2046,7967,107.0,14,-138,1023,4,-3,-8
R,2086,8023,109.9,13,-138,1023,4,-3,-8
R,2126,8080,112.9,13,-136,1022,4,-3,-8
R,2166,8136,115.8,13,-135,1022,4,-3,-8
R,2206,8193,118.8,12,-135,1023,4,-3,-7
R,2246,8249,121.8,14,-134,1022,3,-3,-8
R,2286,8306,124.8,13,-135,1023,3,-3,-8
R,2326,8362,127.8,12,-138,1022,2,-3,-8
R,2366,8419,130.9,13,-143,1024,5,-3,-8
R,2406,8475,134.0,12,-139,1023,5,-2,-9
R,2446,8532,137.1,13,-135,1020,6,-3,-8
R,2486,8588,140.2,12,-131,1020,4,-3,-8
R,2526,8644,143.3,11,-131,1022,4,-3,-8
R,2566,8701,146.5,14,-132,1019,2,-3,-8
R,2606,8757,149.7,13,-137,1020,1,-2,-8
R,2646,8814,152.9,12,-141,1021,3,-3,-8
R,2686,8870,156.1,14,-141,1021,4,-3,-8
R,2725,8927,159.3,12,-139,1020,6,-2,-8
R,2766,8983,162.6,12,-131,1020,5,-3,-8
R,2806,9040,165.9,13,-133,1023,4,-3,-8
R,2846,9096,169.2,13,-133,1021,3,-3,-8
R,2886,9182,172.5,12,-133,1021,2,-3,-8
R,2926,9311,175.9,13,-140,1021,2,-3,-8
R,2965,9440,179.2,15,-141,1020,3,-2,-8
R,3006,9569,182.8,13,-138,1022,5,-2,-8
R,3046,9698,186.3,14,-135,1021,5,-2,-8
R,3086,9827,189.9,13,-132,1021,4,-3,-8
R,3126,9956,193.5,12,-131,1021,3,-3,-8
R,3166,10085,197.1,13,-135,1021,2,-3,-7
R,3206,10214,200.8,12,-137,1021,3,-3,-8
R,3246,10343,204.6,13,-139,1022,3,-3,-8
R,3286,10473,208.4,13,-140,1022,4,-3,-8
R,3326,10602,212.2,13,-137,1021,5,-2,-8
R,3366,10731,216.1,12,-134,1022,5,-3,-8
R,3406,10860,220.0,12,-132,1021,3,-3,-8
R,3446,10989,224.0,13,-133,1021,3,-3,-8
R,3486,11118,228.0,12,-137,1022,3,-3,-7
R,3526,11247,232.1,13,-138,1022,3,-3,-8
R,3566,11376,236.2,12,-138,1022,4,-3,-8
R,3606,11505,240.4,13,-137,1021,4,-3,-8
R,3645,11634,244.5,14,-135,1021,5,-2,-8
R,3686,11763,248.9,13,-133,1021,4,-2,-8
R,3726,11893,253.2,12,-133,1020,4,-3,-8
R,3766,12022,257.6,12,-137,1022,2,-3,-8
R,3806,12151,262.0,13,-138,1022,3,-3,-8
R,3846,12280,266.4,13,-139,1022,4,-3,-8
R,3886,12409,270.9,12,-137,1022,4,-2,-8
R,3926,12538,275.5,13,-136,1023,4,-2,-8
R,3966,12667,280.1,12,-134,1022,4,-2,-8
R,4006,12796,284.7,13,-133,1021,3,-3,-8
R,4046,12925,289.4,13,-136,1021,3,-3,-8
R,4085,13054,294.0,13,-138,1023,3,-2,-8
R,4126,13183,298.9,14,-138,1022,4,-3,-8
R,4166,13313,303.7,12,-138,1021,5,-3,-8
R,4206,13442,308.6,13,-136,1022,4,-3,-8
R,4246,13571,313.5,13,-134,1022,5,-3,-8
R,4286,13700,318.5,13,-134,1022,4,-3,-8
R,4326,13829,323.5,13,-134,1021,3,-3,-8
R,4366,13958,328.6,13,-136,1022,3,-3,-7
R,4406,14169,333.7,13,-138,1023,3,-3,-8
R,4446,14419,338.9,13,-139,1022,4,-3,-8
R,4486,14670,344.2,13,-136,1022,5,-3,-8
R,4526,14920,349.6,13,-134,1022,4,-3,-8
R,4566,15171,355.1,13,-134,1022,4,-3,-8
R,4606,15421,360.7,13,-134,1020,4,-3,-8
R,4646,15672,366.4,13,-136,1021,3,-3,-8
R,4686,15922,372.1,13,-137,1022,3,-3,-8
R,4726,16172,378.0,13,-138,1021,4,-3,-8
R,4766,16423,383.9,14,-137,1022,4,-3,-8
R,4806,16673,389.9,13,-134,1021,4,-3,-8
R,4846,16924,396.1,12,-135,1021,4,-3,-8
R,4886,17174,402.3,13,-135,1022,3,-3,-8
R,4926,17424,408.6,13,-135,1022,3,-3,-8
R,4966,17675,415.0,14,-137,1022,3,-3,-8
R,5005,17925,421.3,14,-138,1022,4,-3,-8
R,5046,18176,428.1,13,-137,1022,4,-2,-8
R,5086,18426,434.7,13,-135,1023,4,-3,-8
R,5126,18677,441.5,13,-135,1021,4,-3,-8
R,5166,18927,448.3,13,-136,1023,4,-3,-8
R,5206,19177,455.3,12,-135,1022,4,-3,-8
R,5246,19428,462.3,13,-136,1022,3,-2,-8
R,5286,19678,469.5,14,-137,1021,3,-2,-8
R,5326,19929,476.7,12,-138,1023,4,-3,-8
R,5366,20048,484.0,12,-137,1022,4,-3,-8
R,5406,20106,491.3,13,-137,1022,4,-3,-8
R,5446,20163,498.6,13,-135,1021,4,-2,-8
R,5486,20220,506.0,13,-134,1023,4,-3,-8
R,5526,20277,513.4,14,-135,1022,4,-3,-8
R,5566,20334,520.8,13,-136,1022,3,-3,-8
R,5605,20391,528.0,13,-137,1022,4,-3,-8
R,5645,20448,535.4,14,-137,1022,4,-3,-8
R,5686,20505,543.1,15,-136,1022,4,-3,-8
R,5726,20562,550.6,13,-135,1022,4,-3,-8
R,5766,20619,558.1,14,-134,1021,4,-3,-8
R,5806,20676,565.6,13,-134,1022,4,-3,-8
R,5846,20733,573.2,14,-135,1022,3,-2,-7
R,5885,20790,580.5,13,-137,1022,3,-3,-8
R,5926,20847,588.3,13,-138,1022,4,-3,-8
R,5966,20904,595.9,13,-136,1022,4,-3,-8
R,6006,20961,603.6,12,-135,1021,4,-3,-8
R,6046,21018,611.2,13,-134,1023,4,-3,-8
R,6086,21075,618.9,12,-135,1022,4,-3,-8
R,6126,21132,626.6,13,-135,1021,3,-3,-8
R,6166,21189,634.3,12,-136,1022,4,-3,-7
R,6206,21246,642.0,13,-138,1023,3,-3,-8
R,6246,21303,649.8,12,-136,1024,4,-3,-8
R,6286,21360,657.6,13,-135,1023,4,-3,-8
R,6325,21459,665.2,13,-136,1022,4,-3,-8
R,6366,21579,673.2,14,-136,1021,3,-3,-8
R,6406,21700,681.1,13,-135,1022,3,-2,-8
R,6446,21821,689.0,14,-136,1023,4,-3,-8
R,6486,21942,697.0,13,-137,1021,4,-3,-8
R,6526,22063,705.0,13,-137,1023,4,-2,-8
R,6566,22184,713.1,12,-136,1023,4,-3,-8
R,6606,22304,721.2,13,-135,1022,4,-3,-8
R,6646,22425,729.4,13,-135,1023,4,-2,-8
R,6686,22546,737.5,13,-135,1023,4,-3,-8
R,6726,22667,745.8,13,-136,1022,4,-3,-8
R,6766,22788,754.1,14,-137,1023,4,-3,-8
R,6806,22909,762.4,13,-137,1022,4,-3,-8
R,6846,23029,770.8,12,-136,1021,4,-3,-8
R,6886,23150,779.2,12,-137,1023,3,-2,-8
R,6926,23271,787.7,13,-136,1022,3,-3,-8
R,6965,23392,795.9,11,-135,1022,4,-3,-8
R,7006,23513,804.7,12,-136,1023,3,-2,-7
R,7046,23634,813.3,13,-136,1022,4,-3,-8
R,7086,23754,821.9,13,-136,1022,4,-3,-8
R,7126,23875,830.6,12,-135,1022,4,-3,-8
R,7166,23996,839.3,13,-136,1022,4,-3,-8
R,7205,24117,847.9,13,-136,1022,4,-3,-8
R,7246,24238,856.9,13,-135,1022,4,-3,-8
R,7285,24359,865.6,13,-136,1021,4,-3,-8
R,7326,24479,874.7,13,-136,1021,4,-3,-8
R,7366,24600,883.6,14,-137,1023,4,-3,-8
R,7406,24721,892.6,12,-137,1022,4,-3,-8
R,7446,24842,901.7,13,-136,1023,4,-3,-8
R,7486,24963,910.7,13,-136,1022,4,-3,-8
R,7526,25084,919.9,13,-136,1022,4,-3,-8
R,7566,25204,929.0,13,-136,1021,4,-3,-8
R,7606,25325,938.2,13,-136,1022,4,-2,-8
R,7646,25446,947.5,13,-137,1023,4,-2,-8
R,7686,25567,956.8,12,-136,1022,4,-3,-8
R,7726,25688,966.1,14,-135,1021,4,-3,-8
R,7766,25766,975.5,14,-135,1022,3,-3,-8
R,7806,25822,984.9,13,-136,1021,4,-3,-8
R,7845,25878,994.1,13,-135,1022,3,-3,-8
R,7886,25934,1003.8,13,-135,1022,4,-3,-8
R,7926,25990,1013.2,13,-136,1022,3,-3,-7
R,7966,26045,1022.7,13,-136,1023,4,-3,-8
R,8006,26101,1032.2,14,-136,1022,4,-3,-8
R,8046,26157,1041.8,12,-134,1023,4,-3,-8
R,8086,26213,1051.3,12,-135,1022,4,-3,-8
R,8126,26269,1060.9,13,-134,1022,4,-3,-8
R,8166,26325,1070.5,13,-137,1022,3,-2,-8
R,8206,26380,1080.1,12,-137,1021,4,-3,-7
R,8246,26436,1089.7,13,-137,1023,4,-3,-8
R,8286,26492,1099.3,13,-135,1022,4,-3,-8
R,8326,26548,1109.0,12,-135,1022,4,-2,-8
R,8366,26604,1118.7,13,-135,1022,4,-2,-8
R,8406,26660,1128.4,13,-136,1022,3,-2,-8
R,8446,26715,1138.1,13,-136,1022,4,-3,-8
R,8486,26771,1147.9,13,-137,1022,3,-3,-8
R,8526,26827,1157.6,12,-137,1022,4,-3,-8
R,8566,26883,1167.4,14,-136,1021,4,-3,-8
R,8606,26939,1177.2,14,-136,1022,4,-3,-8
R,8646,26995,1187.1,13,-137,1022,4,-3,-8
R,8686,27050,1196.9,13,-135,1022,3,-3,-8
R,8726,27106,1206.8,13,-136,1022,4,-3,-8
R,8766,27162,1216.7,13,-136,1022,3,-3,-8
R,8806,27218,1226.6,13,-135,1022,4,-3,-8
R,8846,27274,1236.5,13,-136,1022,4,-3,-8
R,8886,27330,1246.5,13,-135,1022,4,-3,-8
R,8926,27385,1256.5,13,-136,1022,4,-2,-8
R,8966,27441,1266.5,13,-136,1022,4,-3,-8
R,9006,27497,1276.5,12,-136,1021,4,-3,-8
R,9046,27553,1286.5,13,-136,1022,4,-3,-8
R,9086,27609,1296.6,12,-136,1022,4,-3,-8
R,9126,27665,1306.6,12,-137,1022,4,-3,-8
R,9166,27720,1316.7,13,-136,1022,4,-3,-8
R,9205,27686,1326.6,13,-135,1022,3,-2,-8
[dump] J60 t_ms=1243
[dump] J330 t_ms=4256 vcross_x100=14057 vtrap_x100=13120
[dump] J660 t_ms=6175 vcross_x100=21405 vtrap_x100=21114
[dump] J1320 t_ms=9054 vcross_x100=27705 vtrap_x100=27536
[dump] FIN RUN #1 t60=1243 t330=4256 t660=6175 t1320=9054
