[dump] RUN #1 heure=10:39:46 src=SEUIL_GPS rollout_ms=0 unit=FREDB dyn=7 rate_ms=40 gps=1 pre=10 imuf=2/7 ecu=HP statut=TERMINE
[dump] CAL cal=1 gxo_cdps=37 gyo_cdps=-37 gzo_cdps=24 cal_tempC=47 run_tempC=44
[dump] colonnes: R,elapsed_ms,kmh_x100,dist_ft,ax_mg,ay_mg,az_mg,gx_ds10,gy_ds10,gz_ds10
R,-1404,40,0.0,16,-65,1023,3,-3,2
R,-1267,40,0.0,19,-73,1027,4,-3,1
R,-1124,40,0.0,18,-62,1022,5,-2,1
R,-984,40,0.0,19,-68,1021,3,-3,1
R,-842,40,0.0,17,-73,1023,7,-3,0
R,-704,40,0.0,17,-62,1031,3,-2,1
R,-562,40,0.0,20,-79,1029,4,-2,1
R,-422,40,0.0,18,-65,1027,5,-3,0
R,-279,40,0.0,19,-73,1030,2,-3,2
R,-142,40,0.0,20,-71,1030,5,-3,1
R,148,1617,1.3,15,-72,1024,0,-3,2
R,191,1959,2.0,19,-73,1025,5,-3,1
R,231,2301,2.8,20,-67,1026,6,-3,0
R,271,2643,3.7,16,-67,1022,4,-2,1
R,311,2985,4.7,18,-68,1020,5,-3,1
R,350,3327,5.8,21,-72,1028,2,-3,1
R,391,3669,7.1,18,-73,1023,5,-3,1
R,431,4012,8.5,17,-67,1027,4,-2,0
R,471,4354,10.1,21,-62,1023,3,-3,1
R,511,4696,11.7,18,-63,1026,1,-3,2
R,553,5055,13.6,15,-66,1021,2,-3,1
R,593,5397,15.5,19,-71,1026,2,-3,1
R,633,5739,17.5,21,-75,1026,2,-3,1
R,673,6038,19.7,17,-81,1024,5,-3,1
R,713,6095,21.9,19,-74,1023,8,-2,0
R,753,6151,24.1,21,-63,1026,9,-2,0
R,793,6207,26.4,15,-59,1023,5,-3,2
R,833,6263,28.6,16,-57,1024,5,-3,2
R,873,6320,30.9,20,-63,1026,1,-3,2
R,913,6376,33.2,20,-71,1024,1,-3,2
R,953,6432,35.6,18,-82,1025,1,-3,2
R,993,6488,37.9,21,-79,1027,5,-3,1
R,1033,6545,40.3,20,-77,1027,7,-2,0
R,1073,6601,42.7,16,-68,1019,9,-3,0
R,1113,6657,45.1,19,-63,1034,4,-2,0
R,1153,6713,47.6,18,-61,1028,3,-3,1
R,1192,6769,50.0,17,-62,1024,2,-3,2
R,1233,6826,52.5,17,-66,1020,0,-3,2
R,1273,6882,55.0,20,-72,1024,3,-3,2
R,1313,6938,57.5,19,-73,1024,2,-3,2
R,1353,6994,60.1,18,-75,1022,4,-3,1
R,1393,7051,62.6,20,-70,1025,5,-3,1
R,1433,7107,65.2,18,-67,1025,5,-3,1
R,1473,7164,67.8,18,-69,1025,4,-3,1
R,1513,7220,70.4,19,-68,1021,5,-3,0
R,1553,7277,73.1,19,-68,1029,4,-2,1
R,1593,7333,75.7,17,-66,1020,5,-3,1
R,1633,7390,78.4,17,-66,1026,4,-2,2
R,1672,7446,81.0,20,-67,1024,3,-3,1
R,1713,7503,83.8,19,-66,1021,5,-3,1
R,1753,7559,86.6,16,-68,1025,2,-3,2
R,1793,7615,89.3,18,-71,1025,2,-3,2
R,1833,7672,92.1,20,-72,1025,4,-3,1
R,1872,7728,94.9,18,-70,1023,5,-3,1
R,1913,7785,97.8,20,-68,1025,4,-3,1
R,1953,7841,100.6,18,-65,1024,5,-3,1
R,1993,7898,103.5,16,-70,1026,2,-2,1
R,2033,7954,106.4,19,-70,1029,5,-3,1
R,2073,8011,109.3,18,-73,1027,5,-3,1
R,2113,8067,112.2,17,-69,1024,3,-3,1
R,2153,8124,115.2,20,-70,1024,5,-3,1
R,2193,8180,118.1,18,-67,1028,5,-3,1
R,2233,8237,121.1,15,-64,1021,4,-3,1
R,2273,8293,124.1,18,-69,1024,2,-3,1
R,2313,8349,127.2,19,-69,1027,4,-3,2
R,2352,8406,130.2,18,-72,1026,3,-3,1
R,2393,8462,133.3,19,-68,1024,4,-3,1
R,2433,8519,136.4,20,-69,1027,4,-3,1
R,2473,8575,139.5,17,-66,1025,4,-3,1
R,2513,8632,142.7,18,-67,1023,4,-3,1
R,2553,8688,145.8,18,-67,1025,3,-3,1
R,2593,8745,149.0,19,-71,1025,3,-3,1
R,2633,8801,152.2,18,-72,1024,3,-3,1
R,2673,8858,155.4,18,-70,1025,5,-3,1
R,2713,8914,158.6,18,-69,1025,4,-3,1
R,2753,8970,161.9,18,-66,1022,5,-3,1
R,2793,9027,165.2,18,-67,1025,4,-2,1
R,2832,9083,168.4,19,-66,1025,3,-3,1
R,2872,9153,171.7,18,-70,1025,3,-3,2
R,2913,9282,175.2,18,-69,1025,3,-3,1
R,2953,9411,178.6,18,-70,1026,4,-3,1
R,2993,9540,182.0,19,-68,1025,4,-3,1
R,3032,9669,185.4,18,-66,1024,4,-3,1
R,3073,9798,189.1,18,-66,1025,4,-3,1
R,3113,9927,192.7,19,-67,1025,4,-3,1
R,3153,10056,196.3,18,-68,1026,3,-3,1
R,3193,10185,200.0,18,-69,1025,4,-3,1
R,3233,10314,203.7,19,-71,1025,4,-3,1
R,3273,10444,207.5,19,-69,1025,5,-3,1
R,3313,10573,211.4,18,-68,1025,5,-3,1
R,3353,10702,215.2,18,-65,1025,4,-3,1
R,3393,10831,219.2,18,-67,1025,4,-3,1
R,3433,10960,223.1,18,-69,1025,4,-3,1
R,3473,11089,227.2,18,-70,1025,4,-3,1
R,3512,11218,231.1,19,-71,1023,4,-3,1
R,3553,11347,235.3,18,-68,1021,5,-3,1
R,3593,11476,239.5,19,-68,1026,5,-2,1
R,3633,11605,243.7,21,-67,1023,5,-2,1
R,3673,11734,248.0,16,-68,1035,1,-2,1
R,3713,11864,252.3,17,-65,1016,8,-2,1
R,3753,11993,256.6,21,-74,1024,1,-2,0
R,3793,12122,261.0,18,-73,1028,9,-3,0
R,3833,12251,265.4,18,-68,1019,6,-3,1
R,3873,12380,269.9,20,-67,1026,6,-2,1
R,3913,12509,274.5,18,-65,1022,6,-3,0
R,3953,12638,279.0,17,-63,1026,4,-3,1
R,3992,12767,283.6,20,-65,1025,2,-3,1
R,4033,12896,288.4,17,-69,1028,2,-3,2
R,4072,13025,293.0,18,-71,1025,3,-3,1
R,4113,13154,297.9,20,-71,1021,6,-3,0
R,4153,13284,302.7,18,-68,1024,3,-2,1
R,4193,13413,307.5,18,-68,1029,4,-3,1
R,4233,13542,312.5,18,-65,1022,4,-3,1
R,4273,13671,317.4,18,-66,1025,4,-3,1
R,4313,13800,322.4,19,-68,1024,4,-3,1
R,4353,13929,327.5,20,-70,1023,4,-3,1
R,4393,14113,332.6,18,-71,1026,3,-3,1
R,4433,14363,337.8,19,-69,1025,5,-3,0
R,4473,14614,343.1,19,-64,1021,5,-3,1
R,4513,14864,348.4,17,-66,1024,2,-2,2
R,4553,15114,353.9,17,-68,1022,5,-3,1
R,4593,15365,359.5,20,-68,1022,4,-2,1
R,4632,15615,365.0,17,-72,1025,3,-3,1
R,4673,15866,370.8,18,-70,1024,4,-3,1
R,4713,16116,376.7,18,-68,1025,5,-3,1
R,4753,16366,382.6,18,-63,1025,5,-3,1
R,4793,16617,388.6,18,-65,1021,4,-3,1
R,4832,16867,394.5,18,-67,1022,2,-2,2
R,4873,17118,400.9,19,-70,1028,4,-3,1
R,4912,17368,407.0,20,-70,1023,5,-3,1
R,4953,17619,413.6,19,-69,1024,4,-3,1
R,4993,17869,420.0,18,-68,1025,5,-3,1
R,5032,18119,426.4,19,-66,1025,4,-3,1
R,5073,18370,433.2,18,-67,1023,5,-3,1
R,5113,18620,440.0,18,-66,1026,4,-2,1
R,5153,18871,446.8,19,-68,1027,3,-3,1
R,5193,19121,453.7,19,-70,1027,4,-3,1
R,5233,19371,460.8,18,-70,1025,4,-3,1
R,5273,19622,467.9,18,-69,1026,4,-3,1
R,5313,19872,475.1,19,-66,1020,3,-3,1
R,5353,20036,482.3,17,-67,1025,5,-2,1
R,5393,20093,489.7,18,-66,1024,4,-3,1
R,5433,20150,497.0,19,-68,1026,2,-3,1
R,5473,20207,504.3,19,-71,1024,4,-3,1
R,5513,20264,511.7,18,-69,1024,5,-3,1
R,5553,20321,519.1,18,-67,1027,3,-2,1
R,5593,20378,526.5,19,-66,1028,3,-2,1
R,5633,20435,534.0,18,-65,1024,4,-2,1
R,5673,20492,541.4,17,-66,1026,3,-3,1
R,5713,20549,548.9,19,-70,1026,3,-3,1
R,5753,20606,556.4,19,-72,1025,4,-3,1
R,5793,20663,563.9,19,-71,1026,4,-3,1
R,5832,20720,571.3,19,-70,1026,5,-3,1
R,5873,20777,579.0,19,-67,1024,5,-3,1
R,5913,20834,586.6,18,-66,1025,5,-3,1
R,5953,20891,594.2,18,-65,1025,4,-3,1
R,5993,20948,601.9,18,-67,1025,4,-3,1
R,6033,21005,609.5,18,-71,1028,2,-3,1
R,6073,21062,617.2,18,-69,1024,4,-3,1
R,6112,21119,624.7,18,-68,1025,4,-3,1
R,6153,21176,632.6,18,-67,1025,4,-3,1
R,6193,21233,640.3,18,-66,1024,4,-3,1
R,6232,21290,647.9,17,-66,1024,4,-3,1
R,6273,21347,655.8,18,-67,1026,3,-3,1
R,6313,21431,663.6,20,-71,1029,5,-4,1
R,6353,21552,671.5,21,-69,1021,6,-2,1
R,6393,21673,679.3,17,-65,1020,4,-2,1
R,6433,21794,687.3,17,-65,1020,3,-3,1
R,6473,21915,695.2,19,-67,1025,5,-2,1
R,6513,22036,703.2,18,-66,1024,4,-3,1
R,6553,22156,711.3,17,-67,1023,3,-3,1
R,6593,22277,719.4,19,-69,1024,3,-3,2
R,6632,22398,727.3,18,-70,1026,4,-3,1
R,6673,22519,735.7,18,-68,1024,4,-3,1
R,6712,22640,743.7,19,-66,1022,5,-3,1
R,6753,22761,752.2,17,-67,1024,3,-3,1
R,6793,22881,760.5,17,-63,1020,4,-3,1
R,6833,23002,768.9,20,-70,1025,2,-3,1
R,6873,23123,777.3,19,-71,1025,4,-3,1
R,6913,23244,785.8,17,-68,1023,4,-3,1
R,6953,23365,794.3,20,-68,1025,5,-3,1
R,6992,23486,802.6,19,-67,1024,4,-3,1
R,7033,23606,811.4,17,-65,1027,3,-3,1
R,7073,23727,820.0,18,-67,1026,3,-3,1
R,7113,23848,828.7,19,-70,1027,3,-3,1
R,7153,23969,837.4,19,-70,1025,4,-3,1
R,7192,24090,845.9,18,-69,1026,4,-3,1
R,7233,24211,855.0,17,-65,1024,5,-3,1
R,7273,24331,863.8,18,-67,1025,4,-3,1
R,7313,24452,872.7,17,-66,1025,4,-3,1
R,7353,24573,881.6,18,-66,1023,3,-3,1
R,7393,24694,890.6,18,-69,1024,3,-3,1
R,7433,24815,899.6,19,-70,1022,4,-3,1
R,7473,24936,908.7,19,-68,1026,4,-3,1
R,7513,25056,917.8,19,-63,1021,5,-3,1
R,7553,25177,927.0,18,-65,1023,3,-3,1
R,7593,25298,936.2,20,-69,1025,4,-3,1
R,7633,25419,945.4,18,-66,1021,3,-3,1
R,7673,25540,954.7,17,-68,1028,2,-3,2
R,7713,25661,964.0,20,-71,1023,5,-3,1
R,7753,25754,973.4,18,-68,1027,4,-3,1
R,7793,25810,982.8,17,-65,1025,4,-3,2
R,7832,25865,992.0,18,-66,1023,3,-3,2
R,7873,25921,1001.7,18,-69,1026,4,-3,1
R,7913,25977,1011.1,18,-70,1023,4,-3,1
R,7953,26033,1020.6,18,-68,1025,4,-3,1
R,7993,26089,1030.1,17,-71,1027,4,-3,1
R,8033,26145,1039.6,19,-70,1025,6,-3,0
R,8073,26200,1049.2,17,-62,1023,5,-3,0
R,8113,26256,1058.7,17,-63,1026,3,-3,2
R,8153,26312,1068.3,19,-66,1026,2,-3,1
R,8193,26368,1077.9,19,-70,1025,4,-3,1
R,8233,26424,1087.5,17,-70,1026,4,-3,1
R,8273,26480,1097.2,19,-71,1025,4,-3,1
R,8313,26535,1106.9,20,-68,1025,5,-3,1
R,8353,26591,1116.5,16,-66,1026,5,-3,1
R,8393,26647,1126.2,17,-64,1023,5,-3,0
R,8433,26703,1136.0,20,-66,1022,4,-3,1
R,8473,26759,1145.7,18,-67,1026,3,-3,1
R,8513,26815,1155.5,18,-70,1026,4,-3,1
R,8553,26870,1165.3,18,-67,1024,4,-3,1
R,8593,26926,1175.1,18,-69,1027,4,-3,1
R,8633,26982,1184.9,18,-67,1025,4,-3,1
R,8673,27038,1194.7,20,-69,1026,4,-3,1
R,8713,27094,1204.6,18,-68,1025,5,-3,1
R,8753,27150,1214.5,17,-64,1023,5,-3,1
R,8793,27205,1224.4,20,-64,1022,2,-2,2
R,8833,27261,1234.3,20,-69,1027,3,-3,1
R,8873,27317,1244.3,16,-70,1026,4,-3,1
R,8913,27373,1254.2,18,-69,1023,4,-3,1
R,8953,27429,1264.2,21,-67,1024,4,-3,1
R,8993,27485,1274.2,17,-68,1029,3,-3,1
R,9033,27540,1284.3,17,-69,1022,4,-3,0
R,9072,27596,1294.1,19,-66,1024,4,-2,1
R,9112,27652,1304.1,18,-66,1028,3,-3,2
R,9153,27708,1314.5,17,-72,1025,3,-3,1
R,9193,27705,1324.6,18,-71,1026,5,-3,0
[dump] J60 t_ms=1256
[dump] J330 t_ms=4269 vcross_x100=14056 vtrap_x100=13120
[dump] J660 t_ms=6188 vcross_x100=21403 vtrap_x100=21114
[dump] J1320 t_ms=9067 vcross_x100=27706 vtrap_x100=27536
[dump] FIN RUN #1 t60=1256 t330=4269 t660=6188 t1320=9067
