[dump] RUN #1 heure=12:54:12 src=ENTREE_PIN rollout_ms=0 unit=FREDB dyn=7 rate_ms=40 gps=1 pre=10 imuf=2/7 ecu=HP statut=TERMINE
[dump] CAL cal=1 gxo_cdps=38 gyo_cdps=-43 gzo_cdps=20 cal_tempC=47 run_tempC=48
[dump] colonnes: R,elapsed_ms,kmh_x100,dist_ft,ax_mg,ay_mg,az_mg,gx_ds10,gy_ds10,gz_ds10
R,-1417,1,0.0,142,-35,405,-98,-22,78
R,-1271,10,0.0,81,-111,1345,-107,-189,-88
R,-1131,11,0.0,-24,-127,1237,23,253,2
R,-988,8,0.0,150,-159,1056,219,-164,-73
R,-852,5,0.0,192,-91,920,-134,51,-117
R,-706,9,0.0,-11,-199,499,-19,13,-18
R,-564,6,0.0,216,21,862,6,-19,52
R,-424,1,0.0,68,-277,976,10,79,-67
R,-282,8,0.0,33,-6,568,209,-91,5
R,-142,78,0.0,1390,51,562,18,-143,99
R,149,1454,1.6,1761,25,1087,-247,-93,8
R,165,1681,1.8,1919,98,370,-49,-68,72
R,193,1905,2.3,1798,119,965,89,-79,-18
R,233,2138,3.0,2124,38,393,-131,-173,42
R,272,2352,3.8,1585,-150,796,-2,47,167
R,312,2580,4.7,1887,-64,879,-9,-88,71
R,351,2835,5.7,1970,-111,996,-130,8,0
R,392,3090,6.8,2138,278,339,110,-83,-9
R,432,3325,7.9,2067,59,959,179,39,93
R,470,3610,9.1,2058,-177,1546,25,48,57
R,511,3906,10.5,2211,-51,979,-201,67,51
R,551,4143,12.0,2253,-1,331,-131,-21,36
R,597,4384,13.8,2121,68,1440,-201,-63,-74
R,632,4689,15.2,2135,130,1283,-35,50,40
R,671,4984,17.0,2127,-106,1332,41,56,-39
R,711,5292,18.8,1887,11,978,103,-113,-16
R,751,5581,20.8,2114,-20,819,97,43,111
R,792,5785,22.9,1799,50,471,18,-39,-45
R,831,5982,25.0,1463,-81,884,96,9,-8
R,872,6220,27.3,1728,-10,1158,24,50,-24
R,912,6429,29.6,1708,37,1183,96,59,-68
R,951,6624,31.9,1694,88,1147,76,-22,15
R,991,6839,34.4,1868,352,382,29,-91,-45
R,1046,7065,37.9,1761,34,742,231,-37,75
R,1112,7564,42.3,1735,39,456,89,-93,11
R,1154,7792,45.2,1686,27,767,108,-57,12
R,1191,8002,47.9,1597,-77,926,-80,-105,11
R,1231,8203,50.8,1610,212,893,60,9,-61
R,1270,8401,53.8,955,-65,1156,-36,75,-53
R,1311,8566,56.9,829,-29,977,-25,15,-147
R,1352,8655,60.2,1524,207,929,-70,-4,-297
R,1391,8713,63.2,1619,186,996,-27,9,41
R,1432,8871,66.5,1485,-23,987,-113,16,89
R,1473,9103,69.9,1607,-6,886,-195,-58,175
R,1512,9347,73.2,1637,65,1194,-228,-33,42
R,1552,9585,76.6,1533,-120,847,-15,-35,59
R,1591,9793,80.1,1386,-71,650,-27,119,29
R,1632,9957,83.8,125,-265,768,-32,225,-98
R,1673,10023,87.5,622,413,1018,146,-72,-309
R,1713,10040,91.1,1112,458,1077,-41,-143,-113
R,1751,10078,94.6,1215,-174,924,-132,17,161
R,1790,10214,98.2,897,-168,1499,48,-78,126
R,1831,10388,102.1,1592,-89,840,53,-128,117
R,1872,10563,106.0,1496,-26,1199,-178,-21,25
R,1911,10781,109.8,1555,-163,974,96,42,40
R,1952,11001,113.9,1687,-101,590,82,17,7
R,1991,11224,117.8,1767,-25,744,20,12,83
R,2047,11482,123.6,1429,-119,973,-48,-11,95
R,2112,11905,130.5,1715,53,910,-1,-60,4
R,2154,12051,135.1,1438,70,1052,47,105,84
R,2193,12235,139.4,506,-49,1039,63,310,-45
R,2231,12415,143.7,515,-394,1106,235,37,3
R,2273,12449,148.5,1282,193,540,-51,-95,-182
R,2312,12455,152.9,1504,484,741,-3,22,-14
R,2352,12561,157.4,942,-227,759,-26,21,375
R,2391,12760,161.9,1152,8,1201,-141,-15,86
R,2431,12935,166.6,1451,-115,1098,-8,71,128
R,2471,13105,171.4,1096,-226,1251,85,-1,141
R,2512,13291,176.3,1353,-120,980,-70,-10,-10
R,2551,13454,181.1,1505,113,676,77,-18,-117
R,2596,13614,186.6,1165,73,1207,58,5,-113
R,2632,13780,191.1,1473,162,976,-25,7,-123
R,2671,13938,196.0,1280,-34,1742,11,36,-44
R,2712,14087,201.3,1305,-125,1041,-9,64,39
R,2750,14225,206.2,1098,33,855,69,-39,50
R,2790,14379,211.4,1215,-8,877,-58,-14,21
R,2832,14524,216.9,1374,86,567,-36,49,-35
R,2874,14669,222.5,1129,45,653,94,-67,-3
R,2913,14838,227.7,1123,41,1016,-16,-29,-78
R,2951,14975,232.9,1151,-19,959,11,48,-8
R,2992,15116,238.5,1018,-38,1357,38,-5,23
R,3046,15265,246.0,1331,81,878,229,22,16
R,3112,15545,255.3,675,-116,985,254,136,-34
R,3154,15634,261.2,190,-264,544,34,-92,-51
R,3191,15606,266.5,1164,271,920,-75,-168,-115
R,3230,15629,272.1,965,-102,1278,49,43,88
R,3270,15717,277.8,903,-150,1067,170,1,132
R,3313,15845,284.0,879,11,938,130,-60,35
R,3352,15988,289.6,1102,-135,1231,11,95,52
R,3391,16109,295.3,697,17,860,234,0,-19
R,3431,16233,301.2,1070,-16,1306,139,19,12
R,3471,16324,307.1,774,-50,1385,203,177,1
R,3511,16410,313.1,824,-32,1094,9,79,5
R,3551,16490,319.1,116,-201,1088,40,67,-37
R,3591,16557,325.1,591,-129,992,11,-106,13
R,3631,16590,331.2,809,19,1211,36,-13,14
R,3671,16611,337.2,467,-38,1015,7,5,6
R,3711,16684,343.3,510,-180,1107,-96,-4,-11
R,3750,16746,349.2,287,-74,648,10,49,-42
R,3792,16800,355.7,243,38,865,-165,-45,-115
R,3831,16842,361.6,120,31,589,-193,62,-105
R,3871,16857,367.8,-101,68,513,-257,-59,-33
R,3912,16851,374.1,84,-41,1042,-197,-16,86
R,3952,16813,380.2,-44,-99,848,-89,-110,10
R,3991,16773,386.2,-443,-306,891,-127,116,-54
R,4047,16750,394.7,-77,-326,638,-228,66,-116
R,4111,16681,404.5,-137,18,1468,-79,99,-53
R,4155,16627,411.2,-321,-178,1067,56,-10,-54
R,4191,16561,416.6,-156,-154,-62,-138,-43,97
R,4231,16523,422.6,-108,-49,736,-342,52,-16
R,4270,16485,428.5,-102,-104,21,499,57,-37
R,4311,16454,434.6,-19,22,-112,18,77,83
R,4351,16426,440.6,-69,-29,726,-227,47,-44
R,4391,16379,446.6,-67,-217,983,-27,240,-79
R,4431,16327,452.6,-293,-344,233,133,69,7
R,4471,16286,458.5,64,23,158,-579,-74,-35
R,4511,16248,464.5,-166,-190,1104,-148,162,-74
R,4551,16212,470.4,-117,-203,446,207,-271,52
R,4597,16170,477.2,-200,-140,513,-30,-65,-117
R,4632,16116,482.3,131,87,137,-91,-15,-11
R,4672,16095,488.2,-93,142,-9,-12,-222,-13
R,4710,16069,493.8,-155,114,876,14,-117,13
R,4750,16028,499.6,53,80,51,31,145,152
R,4791,15978,505.6,-81,2,803,7,36,-145
R,4833,15944,511.7,-13,-286,692,-6,13,2
R,4872,15897,517.3,-92,-32,250,79,-161,82
R,4912,15845,523.1,-134,-152,654,11,-240,-39
R,4953,15815,529.0,-167,45,574,52,-41,-72
R,4992,15778,534.7,111,93,-150,25,-29,96
R,5047,15741,542.6,-261,-144,790,77,486,-14
R,5112,15692,551.9,-323,-44,284,-575,111,-85
R,5154,15645,557.9,99,246,323,-92,101,-137
R,5190,15590,563.0,-171,-6,926,-379,-144,10
R,5231,15558,568.8,-238,-209,-6,173,-114,-71
R,5272,15524,574.6,-318,-227,356,155,159,91
R,5311,15477,580.1,2,-23,8,-157,90,85
R,5351,15423,585.8,-47,42,324,1,-125,-79
R,5391,15386,591.4,34,-162,1417,-506,97,-67
R,5431,15354,597.0,-400,-244,638,199,69,-29
R,5472,15322,602.7,-272,-265,-55,4,139,94
R,5511,15291,608.2,-24,71,-170,-133,28,-29
R,5551,15254,613.7,-148,-117,658,-487,83,-101
R,5591,15209,619.3,-214,-336,1117,7,170,-15
R,5633,15161,625.1,-156,-118,775,99,-280,0
R,5670,15120,630.2,187,15,45,-77,132,-35
R,5710,15084,635.7,93,173,90,10,105,-8
R,5751,15049,641.3,-90,-56,813,-74,89,-42
R,5792,15026,646.9,-362,-276,941,-215,316,-116
R,5832,14995,652.4,-321,-84,648,151,-45,76
R,5871,14943,657.7,-104,-101,570,42,136,132
R,5911,14899,663.2,-211,-10,626,-98,264,-23
R,5952,14846,668.7,-97,-13,374,87,95,-20
R,5993,14803,674.3,-238,-312,1153,-364,253,-69
R,6047,14788,681.6,-86,4,590,112,-273,-19
R,6111,14739,690.2,-351,-229,1278,-216,120,-70
R,6154,14694,695.9,-201,-243,779,-61,-26,37
R,6190,14638,700.7,-373,-194,364,-2,54,43
R,6231,14595,706.2,-43,-87,-101,58,-100,53
R,6273,14567,711.8,93,46,29,-60,117,76
R,6312,14539,717.0,-158,56,1091,-343,-62,-56
R,6352,14523,722.3,-134,-183,1540,50,24,-9
R,6391,14476,727.4,-144,-103,1090,310,33,74
R,6432,14427,732.8,-108,1,1049,193,-324,74
R,6473,14369,738.2,-54,63,557,170,-112,143
R,6513,14342,743.4,-19,-20,356,-37,217,101
R,6553,14324,748.6,-245,-124,512,-76,262,41
R,6597,14309,754.4,-205,-141,750,160,71,15
R,6632,14273,758.9,-391,-223,1392,-382,62,-89
R,6670,14238,763.9,-296,-212,707,97,8,31
R,6711,14182,769.2,-113,-100,413,69,7,66
R,6752,14147,774.5,-263,-81,622,190,-263,7
R,6791,14104,779.5,-106,2,695,-177,138,-23
R,6831,14083,784.6,-68,40,396,-66,168,46
R,6871,14064,789.8,-28,-11,601,-3,112,38
R,6914,14023,795.3,-66,81,116,-176,91,-25
R,6951,13989,800.0,-297,-199,1431,125,86,-42
R,6991,13959,805.1,-158,-203,1064,113,60,34
R,7047,13916,812.2,-186,-76,464,230,77,49
R,7112,13844,820.4,-88,-11,765,-46,-198,1
R,7154,13811,825.7,-101,63,578,-221,63,-5
R,7190,13790,830.2,-186,-7,1427,29,-15,-51
R,7233,13758,835.6,-33,-167,508,34,-9,40
R,7272,13711,840.5,-162,-188,859,-78,27,43
R,7312,13690,845.5,-329,-115,1363,-345,-20,23
R,7351,13663,850.4,-189,-150,1201,-87,-55,-78
R,7391,13623,855.4,-137,-138,1251,27,24,15
R,7431,13593,860.3,-195,-146,1385,-120,-63,-18
R,7472,13553,865.4,-91,0,915,-169,10,30
R,7512,13529,870.3,-117,2,695,30,82,40
R,7551,13502,875.1,-111,-40,1156,26,-52,-18
R,7591,13479,880.0,-236,-17,1467,47,-17,0
R,7631,13447,885.0,-145,-122,1420,117,-14,-44
R,7670,13407,889.7,-199,-95,624,24,-66,46
R,7712,13377,894.9,-82,-61,839,-62,17,41
R,7752,13335,899.7,-139,0,750,-43,75,2
R,7791,13314,904.5,-124,-10,706,107,35,47
R,7831,13297,909.3,-167,-23,780,117,64,25
R,7871,13263,914.1,-195,-36,1085,64,-1,66
R,7911,13229,919.0,-208,-122,1327,3,-55,-50
R,7952,13188,923.9,-268,-144,1045,-27,-85,-57
R,7992,13157,928.7,-106,-104,1251,-73,-84,-41
R,8047,13121,935.3,-168,-123,1235,93,-24,-12
R,8113,13060,943.2,-179,-43,908,92,53,24
R,8154,13040,948.0,-197,-129,962,-2,-9,28
R,8191,13014,952.4,-177,-72,962,72,-17,55
R,8232,12988,957.3,252,74,778,37,-51,51
R,8272,12972,962.0,-97,-1,1191,88,46,79
R,8312,12968,966.8,161,-16,1014,72,7,-28
R,8352,12986,971.5,96,-29,1061,49,-34,47
R,8391,13002,976.1,223,-81,1097,-99,106,46
R,8431,13019,980.9,74,-25,1213,23,37,-30
R,8471,13024,985.6,62,0,917,-61,-145,-78
R,8512,13021,990.5,199,-207,1469,-51,78,-5
R,8552,13032,995.2,178,-224,332,190,96,-14
R,8596,13039,1000.4,443,8,1301,189,176,31
R,8630,13060,1004.5,-25,-198,947,-344,123,-67
R,8670,13077,1009.2,-80,-161,873,147,0,27
R,8712,13066,1014.2,50,-10,681,85,-246,-15
R,8753,13072,1019.1,-94,24,1145,-223,-83,-76
R,8792,13081,1023.8,-62,-131,1661,89,47,19
R,8831,13056,1028.4,-80,-141,1143,-30,-38,-27
R,8873,13015,1033.4,-248,-199,1016,-235,-79,-60
R,8911,12985,1037.9,-114,-69,1074,-294,-137,-88
R,8951,12948,1042.6,-29,15,1064,-125,-59,-25
R,8992,12909,1047.5,-82,-123,1240,-33,-3,-8
R,9047,12869,1053.9,-155,-108,1042,-99,-31,35
R,9110,12833,1061.3,-168,-108,1049,-84,-15,26
R,9154,12815,1066.5,-117,-89,1003,-37,22,49
R,9191,12780,1070.8,-74,-109,1351,-42,0,25
R,9231,12753,1075.4,-139,-64,836,14,44,44
R,9271,12720,1080.1,-247,-63,1096,87,57,5
R,9312,12694,1084.8,-219,-134,793,-20,34,34
R,9351,12668,1089.3,-148,-119,1100,-128,-74,56
R,9391,12636,1093.9,-181,-61,1195,-3,-10,15
R,9431,12609,1098.5,-229,-14,1222,86,-7,14
R,9471,12582,1103.1,-65,-109,1212,68,28,46
R,9511,12555,1107.7,-212,-116,1068,-61,-23,38
R,9551,12536,1112.3,-133,-36,1206,-74,-63,26
R,9591,12516,1116.8,-95,-28,1253,-54,-21,-4
R,9630,12491,1121.3,-100,-45,1064,72,-31,71
R,9671,12461,1126.0,-52,-61,1430,-2,15,47
R,9712,12417,1130.6,-159,-121,1086,3,46,55
R,9751,12399,1135.0,-143,-174,1181,-100,-75,9
R,9791,12371,1139.5,10,62,1105,-228,2,-22
R,9831,12350,1144.0,-159,-75,1270,50,5,51
R,9871,12343,1148.5,-69,-144,1330,10,-40,6
R,9912,12322,1153.1,-145,-263,1138,-124,-54,33
R,9951,12288,1157.5,-155,-161,893,-126,-64,-43
R,9991,12245,1162.0,-69,-71,1308,-38,-55,-17
R,10047,12222,1168.2,-116,-78,916,-80,-15,-51
R,10111,12184,1175.3,-179,-60,730,-92,-31,-42
R,10155,12156,1180.2,-182,-15,720,-6,29,-43
R,10192,12137,1184.3,-228,-85,604,99,-78,2
R,10234,12114,1189.0,-112,-82,868,25,-23,37
R,10274,12071,1193.4,-136,-83,974,101,35,12
R,10312,12029,1197.5,-199,-116,1083,12,-23,27
R,10352,12015,1201.9,-19,-2,1148,88,-2,39
R,10393,11996,1206.4,-169,-30,1096,104,75,2
R,10431,11982,1210.6,-158,-93,1204,25,-69,32
R,10471,11955,1214.9,-60,-112,1166,-42,-88,7
R,10512,11916,1219.4,-174,3,1153,-59,-35,-54
R,10552,11906,1223.7,-210,-108,891,102,70,1
R,10596,11874,1228.5,-79,-132,1413,101,18,38
R,10630,11834,1232.2,-174,-72,688,48,49,8
R,10671,11819,1236.6,-223,-33,1035,136,37,11
R,10711,11793,1240.9,-94,2,1164,112,35,28
R,10751,11771,1245.2,-2,-77,1243,-59,-62,39
R,10793,11749,1249.7,-206,-185,1451,-44,-72,7
R,10832,11735,1253.9,-130,-22,1345,-55,-90,-18
R,10872,11706,1258.1,-47,-49,599,102,24,-44
R,10912,11666,1262.4,-267,-77,497,5,-24,9
R,10953,11652,1266.8,-200,-88,686,-57,-18,-24
R,10993,11635,1271.0,-96,12,931,9,1,4
R,11048,11601,1276.8,-49,-58,1437,-7,-67,28
R,11111,11558,1283.5,-149,-59,932,-140,-38,-97
R,11155,11540,1288.1,-108,94,1044,-151,-110,-62
R,11191,11515,1291.9,-49,-19,773,75,100,1
R,11232,11482,1296.2,-245,-40,924,134,26,57
R,11271,11462,1300.3,-144,-76,1494,-101,-97,11
R,11312,11439,1304.5,-81,-160,1411,-113,-16,-42
R,11351,11409,1308.6,-20,-101,1453,-151,-88,-32
R,11391,11381,1312.8,-112,-58,704,-52,32,-19
R,11431,11368,1316.9,-276,-56,609,-61,-18,15
R,11472,11344,1321.1,-70,-56,1164,68,14,38
[dump] J60 t_ms=1268
[dump] J330 t_ms=3535 vcross_x100=16589 vtrap_x100=16093
[dump] J660 t_ms=5800 vcross_x100=14917 vtrap_x100=15151
[dump] J1320 t_ms=11376 vcross_x100=11345 vtrap_x100=11532
[dump] FIN RUN #1 t60=1268 t330=3535 t660=5800 t1320=11376
