[dump] RUN #1 heure=13:20:04 src=ENTREE_PIN rollout_ms=0 unit=FREDB dyn=7 rate_ms=40 gps=1 pre=9 imuf=2/7 ecu=HP statut=ABANDON
[dump] CAL cal=1 gxo_cdps=43 gyo_cdps=-33 gzo_cdps=0 cal_tempC=47 run_tempC=42
[dump] colonnes: R,elapsed_ms,kmh_x100,dist_ft,ax_mg,ay_mg,az_mg,gx_ds10,gy_ds10,gz_ds10
R,-1415,9,0.0,30,33,1023,7,-2,0
R,-1257,5,0.0,32,24,1025,3,-3,0
R,-1098,16,0.0,30,35,1024,1,-3,0
R,-941,11,0.0,30,43,1022,4,-2,0
R,-784,17,0.0,31,33,1023,6,-2,0
R,-628,12,0.0,32,28,1024,4,-3,0
R,-471,10,0.0,31,32,1023,2,-3,0
R,-314,13,0.0,31,39,1022,3,-3,0
R,-157,12,0.0,30,37,1024,5,-2,0
R,166,4,0.0,31,32,1023,3,-3,0
R,191,13,0.0,32,32,1024,4,-3,0
R,232,10,0.0,32,33,1023,5,-2,0
R,273,3,0.0,30,38,1024,5,-2,0
R,311,10,0.0,31,38,1023,4,-2,0
R,367,6,0.0,31,34,1024,3,-2,0
R,431,9,0.0,32,33,1023,5,-2,0
R,475,7,0.0,31,36,1023,5,-2,0
R,512,14,0.0,31,37,1023,4,-2,0
R,552,13,0.0,31,36,1023,3,-3,0
R,591,3,0.0,32,34,1024,4,-3,0
R,632,8,0.0,31,34,1023,5,-2,0
R,672,23,0.1,31,36,1023,5,-3,0
R,711,12,0.1,30,37,1024,4,-3,0
R,756,6,0.1,32,34,1023,3,-3,0
R,791,5,0.1,31,33,1023,4,-3,0
R,830,7,0.1,32,33,1024,4,-2,0
R,870,4,0.1,31,34,1023,5,-2,0
R,911,12,0.1,30,38,1023,5,-2,0
R,951,3,0.1,30,37,1023,3,-3,0
R,991,10,0.1,31,34,1023,3,-3,0
R,1031,9,0.1,30,32,1023,4,-2,0
R,1071,6,0.1,31,33,1024,5,-2,0
R,1111,15,0.1,31,36,1023,5,-2,0
R,1152,14,0.1,30,38,1023,4,-2,0
R,1192,15,0.1,31,35,1023,3,-3,0
R,1232,29,0.1,31,32,1023,4,-2,0
R,1271,14,0.1,32,31,1024,5,-2,0
R,1311,14,0.1,30,36,1023,5,-2,0
R,1365,12,0.1,31,38,1023,4,-2,0
R,1431,8,0.1,31,32,1023,4,-3,0
R,1475,2,0.1,32,32,1023,5,-2,0
R,1512,10,0.1,32,35,1023,5,-2,0
R,1551,12,0.1,31,38,1023,4,-2,0
R,1591,11,0.1,31,36,1023,3,-3,0
R,1632,10,0.1,32,33,1023,3,-3,0
R,1674,8,0.1,32,32,1024,4,-2,0
R,1711,3,0.1,31,34,1023,5,-2,0
R,1751,7,0.2,31,36,1023,4,-3,0
R,1791,5,0.2,31,36,1023,4,-2,0
R,1831,24,0.2,32,33,1023,3,-3,0
R,1870,5,0.2,30,33,1023,4,-3,0
R,1911,20,0.2,30,34,1023,5,-3,0
R,1951,9,0.2,30,37,1024,5,-3,0
R,1991,11,0.2,30,37,1023,4,-3,0
R,2031,1,0.2,31,35,1025,3,-3,0
R,2074,12,0.2,32,33,1024,4,-3,0
R,2111,11,0.2,31,33,1023,5,-2,0
R,2151,17,0.2,30,36,1023,5,-2,0
R,2191,25,0.2,30,36,1024,4,-2,0
R,2231,14,0.2,30,34,1023,4,-2,0
R,2271,18,0.2,31,33,1024,4,-2,0
R,2310,17,0.2,32,34,1023,5,-2,0
R,2364,8,0.2,31,37,1023,4,-3,0
R,2431,5,0.2,30,35,1023,4,-2,0
R,2475,4,0.2,31,34,1023,4,-2,0
R,2511,19,0.2,31,34,1023,4,-2,0
R,2551,13,0.2,31,36,1024,4,-2,0
R,2592,13,0.2,30,35,1023,4,-3,0
R,2632,16,0.3,31,35,1024,4,-2,0
R,2672,5,0.3,31,34,1023,4,-2,0
R,2712,15,0.3,31,35,1023,4,-3,0
R,2757,4,0.3,31,35,1024,4,-2,0
R,2791,9,0.3,31,35,1023,4,-3,0
R,2830,4,0.3,31,35,1023,4,-3,0
R,2871,10,0.3,32,35,1024,4,-3,0
R,2911,7,0.3,31,35,1024,4,-3,0
R,2951,18,0.3,31,36,1023,4,-2,0
R,2991,11,0.3,31,34,1023,4,-3,0
R,3032,14,0.3,31,34,1024,4,-2,0
R,3072,3,0.3,31,35,1024,4,-3,0
R,3111,12,0.3,32,35,1023,4,-2,0
R,3153,24,0.3,31,35,1023,4,-2,0
R,3192,1,0.3,31,36,1024,4,-3,0
R,3235,4,0.3,31,35,1023,4,-2,0
R,3272,13,0.3,31,34,1024,4,-3,0
R,3310,12,0.3,31,35,1024,4,-2,0
R,3366,17,0.3,31,35,1023,4,-3,0
R,3431,24,0.3,31,35,1023,4,-2,0
R,3475,24,0.3,31,33,1023,4,-2,0
R,3511,15,0.3,31,33,1024,4,-2,0
R,3551,9,0.4,31,35,1024,5,-2,0
R,3591,17,0.4,31,36,1024,4,-3,0
R,3632,19,0.4,31,35,1024,4,-2,0
R,3672,10,0.4,31,35,1024,4,-2,0
R,3713,14,0.4,32,34,1024,4,-2,0
R,3751,3,0.4,31,34,1023,4,-3,0
R,3791,6,0.4,30,35,1023,4,-2,0
R,3831,15,0.4,31,35,1024,4,-3,0
R,3871,6,0.4,31,34,1024,4,-2,0
R,3911,12,0.4,31,33,1024,4,-3,0
R,3952,8,0.4,31,36,1024,4,-3,0
R,3991,5,0.4,32,36,1024,4,-3,0
R,4031,5,0.4,32,34,1024,4,-3,0
R,4071,9,0.4,32,33,1024,4,-3,0
R,4111,19,0.4,31,35,1023,5,-2,0
R,4151,12,0.4,31,37,1023,4,-3,-1
R,4192,7,0.4,30,35,1023,4,-3,0
R,4233,4,0.4,32,33,1025,4,-3,0
R,4271,18,0.4,31,33,1024,4,-2,0
R,4310,12,0.4,31,34,1023,5,-2,0
R,4366,13,0.4,30,36,1023,5,-2,0
R,4431,17,0.4,31,36,1024,3,-3,0
R,4474,2,0.4,32,33,1024,3,-2,0
R,4513,12,0.4,31,31,1024,4,-2,0
R,4551,13,0.4,31,33,1023,5,-2,0
R,4591,21,0.5,31,38,1024,5,-2,0
R,4631,18,0.5,29,36,1023,3,-3,0
R,4671,12,0.5,30,32,1023,4,-3,0
R,4712,10,0.5,31,31,1025,5,-2,0
R,4755,36,0.5,30,37,1023,6,-2,0
R,4790,32,0.5,29,40,1022,4,-2,0
R,4831,10,0.5,31,37,1024,3,-3,0
R,4871,32,0.5,32,31,1024,3,-3,0
R,4911,26,0.5,32,31,1024,5,-2,0
R,4951,9,0.5,31,36,1024,5,-2,0
R,4991,17,0.5,31,38,1023,4,-2,0
R,5031,10,0.5,31,37,1024,3,-3,0
R,5073,14,0.5,31,34,1024,3,-3,0
R,5111,12,0.5,31,32,1024,4,-2,0
R,5151,12,0.5,31,34,1024,5,-2,0
R,5191,5,0.6,31,37,1023,5,-2,0
R,5231,7,0.6,31,39,1023,4,-2,0
R,5271,6,0.6,32,35,1024,3,-3,0
R,5311,12,0.6,31,33,1023,4,-3,0
R,5367,15,0.6,31,35,1024,5,-2,0
R,5432,16,0.6,30,38,1022,4,-3,0
R,5474,2,0.6,31,36,1024,3,-3,0
R,5513,7,0.6,31,33,1024,4,-3,0
R,5552,23,0.6,32,34,1023,4,-2,0
R,5591,6,0.6,32,35,1024,5,-2,0
R,5632,26,0.6,31,37,1023,4,-2,0
R,5672,27,0.6,31,37,1023,4,-3,0
R,5711,1,0.6,31,33,1024,3,-2,0
R,5751,9,0.6,31,33,1023,5,-3,0
R,5792,4,0.6,30,36,1024,5,-2,0
R,5831,12,0.6,30,36,1023,4,-2,0
R,5871,10,0.6,31,34,1024,4,-2,0
R,5911,10,0.6,32,33,1024,4,-2,0
R,5951,18,0.6,31,34,1024,5,-2,0
R,5993,5,0.6,30,37,1024,5,-2,0
R,6032,7,0.6,32,37,1024,4,-3,0
R,6071,12,0.6,32,34,1023,3,-3,0
R,6111,17,0.6,31,32,1023,4,-3,0
R,6151,6,0.7,31,34,1023,4,-3,0
R,6191,9,0.7,31,35,1024,4,-2,0
R,6231,18,0.7,30,36,1024,4,-2,0
R,6271,19,0.7,31,34,1024,3,-3,0
R,6311,17,0.7,31,33,1024,4,-3,0
R,6367,14,0.7,31,34,1024,4,-3,0
R,6431,10,0.7,30,36,1024,4,-3,0
R,6475,3,0.7,31,36,1024,4,-3,0
R,6511,8,0.7,31,34,1024,4,-3,0
R,6551,9,0.7,31,33,1023,4,-3,0
R,6592,27,0.7,31,36,1024,4,-2,0
R,6633,10,0.7,30,36,1024,4,-2,0
R,6671,12,0.7,31,35,1024,4,-3,0
R,6711,12,0.7,30,34,1024,4,-2,0
R,6755,21,0.7,32,34,1024,4,-2,0
R,6791,15,0.7,32,35,1023,4,-3,0
R,6832,10,0.7,30,35,1023,4,-2,0
R,6871,9,0.7,31,36,1023,4,-3,0
R,6912,12,0.7,31,36,1023,4,-2,0
R,6951,17,0.7,32,34,1023,4,-3,0
R,6991,17,0.8,31,34,1024,4,-3,0
R,7032,8,0.8,32,35,1024,5,-2,0
R,7071,4,0.8,31,35,1024,4,-2,0
R,7112,8,0.8,31,35,1023,4,-2,0
R,7151,4,0.8,31,34,1024,4,-3,0
R,7191,10,0.8,31,34,1024,4,-2,0
R,7231,9,0.8,31,36,1023,4,-3,0
R,7271,3,0.8,31,36,1024,4,-2,0
R,7311,15,0.8,31,34,1023,4,-2,0
R,7366,3,0.8,31,34,1023,4,-3,0
R,7433,15,0.8,30,36,1024,4,-2,0
R,7474,4,0.8,30,36,1023,4,-2,0
R,7512,16,0.8,31,36,1023,4,-3,0
R,7551,10,0.8,31,35,1024,4,-2,0
R,7591,5,0.8,31,34,1023,4,-3,0
R,7631,10,0.8,31,34,1024,4,-2,0
R,7672,5,0.8,31,36,1023,4,-2,0
R,7710,3,0.8,31,36,1023,4,-3,0
R,7751,6,0.8,32,33,1023,4,-2,0
R,7792,11,0.8,32,34,1024,5,-2,0
R,7831,6,0.8,31,36,1024,5,-2,0
R,7871,3,0.8,30,37,1023,4,-2,0
R,7911,4,0.8,31,35,1024,3,-3,0
R,7951,13,0.8,31,33,1024,3,-3,0
R,7991,6,0.8,31,33,1024,4,-3,0
R,8031,20,0.8,31,36,1024,5,-2,0
R,8073,12,0.8,30,38,1023,4,-3,0
R,8112,9,0.8,30,37,1023,3,-2,0
R,8153,7,0.8,31,33,1024,4,-3,0
R,8190,21,0.8,31,33,1024,4,-2,0
R,8231,12,0.9,31,36,1023,5,-2,0
R,8273,12,0.9,31,37,1023,4,-3,0
R,8311,4,0.9,31,37,1023,4,-2,0
R,8366,16,0.9,32,33,1023,4,-3,0
R,8433,10,0.9,31,34,1024,5,-2,0
R,8475,11,0.9,31,37,1024,5,-2,0
R,8511,6,0.9,31,37,1023,4,-3,0
R,8551,8,0.9,32,33,1024,3,-3,0
R,8591,14,0.9,31,33,1023,4,-2,0
R,8632,12,0.9,31,33,1025,5,-3,0
R,8670,12,0.9,30,37,1024,5,-2,0
R,8710,18,0.9,31,38,1023,4,-3,0
R,8757,10,0.9,31,34,1024,4,-3,0
R,8791,9,0.9,31,33,1023,4,-3,0
R,8833,10,0.9,32,35,1024,5,-2,0
R,8871,12,0.9,30,36,1023,4,-2,0
R,8911,16,0.9,31,37,1023,4,-2,0
R,8952,1,0.9,31,35,1024,4,-2,0
R,8991,17,0.9,32,32,1024,4,-2,0
R,9032,3,0.9,31,33,1023,4,-2,0
R,9072,12,0.9,31,36,1024,5,-3,0
R,9111,11,0.9,31,37,1024,4,-3,0
R,9151,16,0.9,30,35,1024,4,-2,0
R,9190,19,0.9,31,34,1024,4,-2,0
R,9232,14,1.0,31,34,1025,4,-3,0
R,9271,30,1.0,31,35,1024,4,-2,0
R,9311,14,1.0,30,37,1024,4,-2,0
R,9367,12,1.0,30,35,1024,4,-2,0
R,9431,9,1.0,31,33,1024,4,-3,0
R,9475,9,1.0,31,36,1024,5,-2,0
R,9511,14,1.0,31,37,1023,4,-2,0
R,9551,11,1.0,31,37,1022,3,-3,0
R,9591,9,1.0,31,31,1024,2,-3,0
R,9631,4,1.0,30,32,1024,4,-3,0
R,9670,4,1.0,30,37,1024,5,-3,0
R,9711,13,1.0,30,38,1023,4,-3,0
R,9751,12,1.0,32,35,1022,3,-3,0
R,9792,9,1.0,32,31,1025,4,-3,0
R,9831,13,1.0,30,33,1023,5,-3,0
R,9871,12,1.0,30,37,1023,5,-2,0
R,9911,28,1.0,31,39,1022,3,-3,0
R,9951,15,1.0,30,34,1025,3,-3,0
R,9991,27,1.0,32,32,1024,4,-3,0
R,10032,5,1.1,32,33,1025,5,-2,0
R,10072,5,1.1,32,36,1026,5,-2,0
R,10111,15,1.1,34,32,1030,7,-2,-1
R,10151,7,1.1,30,40,1014,5,-2,0
R,10190,13,1.1,27,40,1018,2,-3,0
R,10231,25,1.1,31,34,1020,2,-3,0
R,10271,29,1.1,37,30,1023,4,-2,0
R,10312,9,1.1,29,32,1025,5,-2,0
R,10367,11,1.1,30,38,1017,6,-2,0
R,10431,12,1.1,32,37,1033,4,-3,0
R,10474,18,1.1,28,32,1026,5,-2,0
R,10511,10,1.1,32,33,1022,5,-3,-1
R,10551,6,1.1,32,38,1021,5,-3,0
R,10591,9,1.1,32,37,1024,3,-2,0
R,10630,12,1.1,30,34,1021,4,-3,0
R,10671,16,1.1,31,32,1024,3,-3,0
R,10712,12,1.1,33,31,1025,5,-2,0
R,10758,16,1.1,30,37,1022,5,-2,0
R,10792,7,1.1,30,39,1024,4,-2,0
R,10831,27,1.1,31,36,1024,2,-3,0
R,10871,14,1.2,33,29,1023,3,-3,0
R,10912,10,1.2,32,32,1023,6,-2,0
R,10951,9,1.2,30,40,1020,6,-2,0
R,10991,3,1.2,30,39,1019,3,-3,0
R,11031,13,1.2,30,36,1029,3,-2,0
R,11071,20,1.2,28,30,1027,4,-3,0
R,11110,7,1.2,30,32,1026,4,-2,0
R,11151,10,1.2,35,33,1021,5,-2,0
R,11191,13,1.2,29,38,1022,5,-3,0
R,11231,8,1.2,28,38,1022,4,-3,0
R,11271,28,1.2,33,35,1021,3,-3,0
R,11311,13,1.2,32,33,1026,3,-3,0
R,11366,14,1.2,29,35,1022,5,-3,0
R,11432,18,1.2,32,36,1025,3,-2,0
R,11475,21,1.2,32,35,1023,3,-3,0
R,11511,17,1.2,30,33,1025,4,-3,0
R,11551,13,1.2,31,34,1023,4,-3,0
R,11591,13,1.2,32,35,1022,5,-2,0
R,11632,10,1.2,31,37,1023,4,-2,0
R,11672,3,1.3,31,38,1023,3,-2,0
R,11711,1,1.3,31,32,1025,3,-2,0
R,11752,13,1.3,29,31,1024,4,-3,0
R,11792,17,1.3,32,32,1020,5,-2,0
R,11831,11,1.3,33,40,1029,6,-2,0
R,11871,8,1.3,30,40,1024,2,-3,0
R,11911,5,1.3,31,31,1024,2,-3,0
R,11951,1,1.3,32,30,1021,4,-3,0
R,11991,9,1.3,34,35,1026,6,-2,0
R,12033,16,1.3,28,42,1024,5,-3,0
R,12075,24,1.3,27,39,1022,2,-3,0
R,12110,2,1.3,33,29,1023,2,-3,-1
R,12151,16,1.3,34,29,1024,5,-2,0
R,12192,26,1.3,29,35,1025,6,-2,0
R,12232,11,1.3,27,41,1022,4,-2,0
R,12273,7,1.3,32,38,1024,3,-3,0
R,12312,5,1.3,32,31,1024,2,-3,0
R,12368,21,1.3,30,32,1024,5,-2,0
R,12431,14,1.3,31,41,1023,5,-2,0
R,12475,31,1.3,30,39,1024,3,-3,0
R,12512,18,1.3,30,33,1024,2,-3,0
R,12555,19,1.4,33,29,1024,4,-2,0
R,12591,14,1.4,33,34,1024,6,-2,0
R,12631,10,1.4,30,40,1023,5,-3,0
R,12673,5,1.4,30,38,1024,3,-3,0
R,12711,5,1.4,31,32,1023,2,-3,0
R,12756,7,1.4,32,31,1023,5,-2,0
R,12791,19,1.4,31,34,1024,6,-2,0
R,12831,8,1.4,30,39,1023,5,-2,0
R,12871,21,1.4,32,37,1023,3,-3,0
R,12911,24,1.4,32,34,1025,3,-3,0
R,12951,15,1.4,31,30,1024,5,-2,0
R,12991,13,1.4,30,34,1024,5,-2,0
R,13031,15,1.4,31,38,1025,5,-2,0
R,13071,12,1.4,30,38,1024,3,-3,0
R,13110,6,1.4,32,34,1023,3,-3,0
R,13151,15,1.4,32,31,1024,4,-3,0
R,13191,3,1.4,32,33,1023,5,-2,0
R,13232,8,1.4,30,36,1023,5,-2,0
R,13271,21,1.4,29,38,1023,4,-3,0
R,13311,3,1.4,32,33,1024,3,-3,0
R,13367,9,1.4,32,35,1025,4,-3,0
R,13431,18,1.4,31,32,1024,5,-2,0
R,13475,6,1.5,32,40,1020,4,-3,0
R,13511,32,1.5,30,38,1027,3,-3,0
R,13553,31,1.5,29,34,1023,4,-3,0
R,13591,4,1.5,31,33,1021,4,-3,0
R,13630,30,1.5,32,33,1026,5,-2,-1
R,13672,25,1.5,31,37,1023,5,-2,0
R,13711,17,1.5,30,37,1023,4,-3,0
R,13751,13,1.5,29,36,1025,3,-3,0
R,13791,7,1.5,33,32,1024,4,-2,0
R,13832,8,1.5,31,32,1023,5,-2,0
R,13871,19,1.5,28,37,1025,5,-2,0
R,13911,13,1.5,30,38,1024,4,-2,0
R,13953,17,1.5,32,38,1022,3,-3,0
R,13991,14,1.5,31,32,1025,3,-3,0
R,14031,5,1.5,31,31,1024,5,-2,0
R,14072,18,1.5,31,35,1022,5,-2,0
R,14110,16,1.5,31,39,1025,4,-3,0
R,14151,13,1.6,30,39,1023,3,-3,0
R,14193,15,1.6,29,32,1023,2,-3,0
R,14233,29,1.6,32,29,1025,4,-2,0
R,14271,26,1.6,31,33,1023,6,-2,0
R,14313,25,1.6,29,39,1022,5,-2,0
R,14366,27,1.6,31,38,1023,2,-3,0
R,14432,25,1.6,31,30,1024,4,-2,0
R,14475,21,1.6,30,31,1024,5,-2,0
R,14511,9,1.6,30,37,1024,6,-2,0
R,14550,15,1.6,31,40,1023,4,-2,0
R,14590,10,1.6,30,35,1024,2,-3,0
R,14633,7,1.6,31,30,1024,3,-3,0
R,14671,9,1.6,32,31,1026,6,-2,0
R,14711,16,1.6,30,39,1023,6,-2,0
R,14759,25,1.7,29,41,1022,2,-3,0
R,14794,25,1.7,31,35,1023,2,-3,0
R,14831,14,1.7,39,28,1035,4,-3,0
R,14874,23,1.7,29,31,1027,8,-2,0
R,14912,28,1.7,27,40,1014,7,-2,0
R,14953,22,1.7,31,38,1026,5,-2,0
R,14991,17,1.7,31,34,1033,1,-3,0
R,15031,15,1.7,32,28,1025,5,-2,0
R,15070,9,1.7,31,32,1019,6,-2,0
R,15112,10,1.7,30,37,1024,6,-3,0
R,15154,17,1.7,30,39,1025,3,-2,0
R,15191,8,1.7,30,35,1024,2,-3,0
R,15233,11,1.7,31,28,1024,4,-3,0
R,15274,29,1.7,31,32,1024,5,-2,0
R,15311,30,1.7,31,36,1025,6,-2,0
R,15367,8,1.8,30,39,1022,3,-3,0
R,15431,9,1.8,33,31,1024,3,-3,0
R,15475,4,1.8,31,33,1024,5,-2,0
R,15511,21,1.8,29,35,1025,5,-2,0
R,15550,5,1.8,29,39,1022,4,-3,0
R,15590,9,1.8,31,36,1024,2,-3,0
R,15631,19,1.8,32,32,1024,3,-3,0
R,15674,24,1.8,31,32,1024,4,-2,0
R,15711,8,1.8,31,35,1024,5,-2,0
R,15752,18,1.8,30,40,1023,4,-2,0
R,15793,14,1.8,31,37,1024,3,-3,0
R,15831,16,1.8,31,32,1024,3,-3,0
R,15871,18,1.8,32,31,1024,4,-3,0
R,15911,19,1.8,31,35,1024,5,-2,0
R,15952,19,1.8,31,38,1023,5,-3,0
R,15991,14,1.8,30,37,1024,3,-3,0
R,16030,8,1.8,31,34,1023,3,-3,0
R,16070,18,1.8,32,31,1024,4,-2,0
R,16111,15,1.9,30,34,1024,5,-2,0
R,16151,12,1.9,31,38,1023,5,-3,0
R,16191,12,1.9,31,37,1021,4,-2,0
R,16232,20,1.9,30,33,1025,3,-3,0
R,16271,14,1.9,30,32,1024,4,-3,0
R,16311,24,1.9,33,35,1024,5,-3,0
R,16367,20,1.9,30,37,1022,5,-2,0
R,16434,3,1.9,29,36,1024,4,-3,0
R,16476,8,1.9,33,34,1023,4,-3,0
R,16512,19,1.9,33,35,1024,4,-3,0
R,16553,5,1.9,31,32,1024,4,-3,0
R,16592,21,1.9,30,34,1024,5,-2,0
R,16632,32,1.9,30,41,1021,4,-3,0
R,16673,34,1.9,33,33,1023,2,-3,0
R,16711,28,1.9,32,29,1026,5,-2,0
R,16757,22,2.0,28,37,1023,5,-2,0
R,16791,19,2.0,31,40,1022,4,-3,0
R,16833,23,2.0,32,39,1025,2,-3,0
R,16872,41,2.0,31,33,1023,2,-3,0
R,16911,19,2.0,30,29,1023,3,-3,-1
R,16952,13,2.0,32,31,1025,5,-3,0
R,16991,11,2.0,32,35,1024,7,-2,0
R,17031,3,2.0,30,41,1019,5,-3,0
R,17071,13,2.0,32,38,1026,4,-2,0
R,17111,28,2.0,30,36,1024,4,-2,0
R,17151,42,2.0,30,34,1019,3,-3,0
R,17192,17,2.0,29,36,1027,3,-3,-1
R,17232,26,2.0,32,38,1024,2,-3,0
R,17272,10,2.1,33,32,1021,2,-3,0
R,17312,36,2.1,29,29,1026,4,-3,-1
R,17366,36,2.1,32,36,1023,6,-3,0
R,17433,3,2.1,29,39,1025,2,-3,0
R,17474,15,2.1,30,31,1024,2,-3,0
R,17510,15,2.1,33,29,1021,4,-3,0
R,17550,24,2.1,33,32,1026,6,-2,0
R,17590,11,2.1,29,39,1022,5,-2,0
R,17631,19,2.1,29,38,1021,3,-3,0
R,17671,26,2.1,33,34,1025,2,-3,0
R,17710,25,2.1,35,29,1025,4,-2,0
R,17751,21,2.1,31,29,1022,7,-2,0
R,17791,13,2.2,30,40,1025,7,-2,0
R,17831,16,2.2,32,43,1024,4,-3,0
R,17871,20,2.2,31,40,1023,2,-3,0
R,17911,34,2.2,30,31,1024,1,-3,0
R,17950,23,2.2,32,28,1024,4,-2,0
R,17990,11,2.2,33,32,1023,6,-2,0
R,18031,38,2.2,30,38,1024,5,-2,0
R,18071,44,2.2,28,40,1023,4,-3,0
R,18111,31,2.2,30,36,1022,2,-3,0
R,18152,12,2.2,32,31,1025,3,-3,0
R,18192,37,2.2,31,30,1024,5,-2,0
R,18233,26,2.3,30,36,1022,6,-2,0
R,18271,21,2.3,29,39,1024,4,-3,0
R,18310,36,2.3,31,38,1023,3,-3,0
R,18367,39,2.3,30,32,1025,3,-3,0
R,18432,37,2.3,31,35,1022,5,-2,0
R,18474,49,2.3,31,40,1020,4,-3,0
R,18510,35,2.3,31,33,1029,3,-3,0
R,18552,4,2.4,31,33,1025,5,-2,0
R,18593,7,2.4,32,34,1017,5,-2,0
R,18632,20,2.4,30,32,1025,5,-2,-1
R,18671,24,2.4,30,39,1026,5,-2,0
R,18711,9,2.4,32,38,1021,4,-3,0
R,18758,15,2.4,30,36,1026,2,-3,-1
R,18792,18,2.4,29,35,1027,2,-3,0
R,18831,8,2.4,33,30,1021,3,-3,0
R,18871,10,2.4,30,31,1021,5,-3,-1
R,18911,18,2.4,31,35,1026,5,-2,0
R,18951,12,2.4,31,37,1021,5,-2,0
R,18991,18,2.4,31,35,1022,4,-2,0
R,19031,12,2.4,30,32,1025,4,-3,0
R,19071,6,2.4,31,35,1027,5,-2,0
R,19111,15,2.4,32,39,1020,4,-3,0
R,19151,18,2.4,32,34,1024,2,-3,-1
R,19192,13,2.4,29,30,1029,4,-3,0
R,19234,22,2.4,31,31,1022,5,-2,0
R,19271,10,2.4,32,36,1023,5,-2,-1
R,19311,10,2.5,28,40,1024,4,-3,0
R,19368,9,2.5,31,32,1025,2,-3,0
R,19431,14,2.5,33,29,1025,5,-2,0
R,19474,24,2.5,31,35,1021,6,-2,-1
R,19510,16,2.5,29,40,1025,4,-3,0
R,19551,11,2.5,32,37,1024,2,-3,0
R,19591,27,2.5,32,31,1023,3,-3,0
R,19631,15,2.5,31,30,1027,5,-2,0
R,19672,17,2.5,30,34,1023,6,-2,0
R,19711,13,2.5,31,39,1021,4,-3,0
R,19751,10,2.5,30,38,1025,3,-3,0
R,19791,15,2.5,29,34,1024,3,-3,0
R,19831,22,2.5,32,31,1022,4,-3,0
R,19871,15,2.5,32,38,1025,5,-3,0
R,19911,2,2.5,30,41,1021,2,-3,0
R,19951,19,2.5,31,31,1023,1,-3,0
R,19991,10,2.5,32,22,1026,4,-3,0
[dump] FIN RUN #1 t60=0 t330=0 t660=0 t1320=0
