[dump] RUN #1 heure=20:13:13 src=SEUIL_GPS rollout_ms=200 unit=00001 dyn=8 rate_ms=40 gps=2 pre=15 imuf=err ecu=HP statut=TERMINE
[dump] colonnes: R,elapsed_ms,kmh_x100,dist_ft,ax_mg,ay_mg,az_mg,gx_ds10,gy_ds10,gz_ds10
R,-1078,40,0.0,0,0,0,0,0,0
R,-1005,40,0.0,0,0,0,0,0,0
R,-932,40,0.0,0,0,0,0,0,0
R,-859,40,0.0,0,0,0,0,0,0
R,-793,40,0.0,0,0,0,0,0,0
R,-720,40,0.0,0,0,0,0,0,0
R,-647,40,0.0,0,0,0,0,0,0
R,-571,40,0.0,0,0,0,0,0,0
R,-504,40,0.0,0,0,0,0,0,0
R,-431,40,0.0,0,0,0,0,0,0
R,-358,40,0.0,0,0,0,0,0,0
R,-285,40,0.0,0,0,0,0,0,0
R,-212,40,0.0,0,0,0,0,0,0
R,-139,40,0.0,0,0,0,0,0,0
R,-73,40,0.0,0,0,0,0,0,0
R,50,370,0.1,0,0,0,0,0,0
R,90,536,0.3,0,0,0,0,0,0
R,130,702,0.5,0,0,0,0,0,0
R,170,869,0.8,0,0,0,0,0,0
R,210,1035,1.1,0,0,0,0,0,0
R,250,1202,1.6,0,0,0,0,0,0
R,290,1368,2.0,0,0,0,0,0,0
R,330,1534,2.6,0,0,0,0,0,0
R,370,1701,3.1,0,0,0,0,0,0
R,410,1867,3.8,0,0,0,0,0,0
R,450,2034,4.5,0,0,0,0,0,0
R,490,2200,5.3,0,0,0,0,0,0
R,530,2304,6.1,0,0,0,0,0,0
R,570,2408,7.0,0,0,0,0,0,0
R,610,2512,7.8,0,0,0,0,0,0
R,650,2616,8.8,0,0,0,0,0,0
R,690,2720,9.8,0,0,0,0,0,0
R,730,2824,10.8,0,0,0,0,0,0
R,770,2928,11.8,0,0,0,0,0,0
R,810,3032,12.9,0,0,0,0,0,0
R,850,3136,14.0,0,0,0,0,0,0
R,890,3240,15.2,0,0,0,0,0,0
R,930,3344,16.4,0,0,0,0,0,0
R,970,3448,17.6,0,0,0,0,0,0
R,1010,3526,18.9,0,0,0,0,0,0
R,1050,3578,20.2,0,0,0,0,0,0
R,1090,3630,21.5,0,0,0,0,0,0
R,1130,3682,22.8,0,0,0,0,0,0
R,1170,3734,24.2,0,0,0,0,0,0
R,1210,3786,25.6,0,0,0,0,0,0
R,1250,3838,27.0,0,0,0,0,0,0
R,1290,3890,28.4,0,0,0,0,0,0
R,1330,3942,29.8,0,0,0,0,0,0
R,1369,3994,31.2,0,0,0,0,0,0
R,1410,4046,32.7,0,0,0,0,0,0
R,1450,4098,34.2,0,0,0,0,0,0
R,1490,4150,35.7,0,0,0,0,0,0
R,1530,4202,37.2,0,0,0,0,0,0
R,1570,4254,38.8,0,0,0,0,0,0
R,1610,4306,40.3,0,0,0,0,0,0
R,1650,4358,41.9,0,0,0,0,0,0
R,1690,4410,43.5,0,0,0,0,0,0
R,1730,4462,45.1,0,0,0,0,0,0
R,1770,4514,46.7,0,0,0,0,0,0
R,1810,4566,48.4,0,0,0,0,0,0
R,1850,4618,50.1,0,0,0,0,0,0
R,1890,4670,51.8,0,0,0,0,0,0
R,1930,4722,53.5,0,0,0,0,0,0
R,1970,4774,55.2,0,0,0,0,0,0
R,2010,4849,57.0,0,0,0,0,0,0
R,2050,4948,58.7,0,0,0,0,0,0
R,2089,5047,60.5,0,0,0,0,0,0
R,2130,5145,62.4,0,0,0,0,0,0
R,2170,5244,64.3,0,0,0,0,0,0
R,2210,5343,66.2,0,0,0,0,0,0
R,2250,5441,68.2,0,0,0,0,0,0
R,2290,5540,70.2,0,0,0,0,0,0
R,2330,5639,72.3,0,0,0,0,0,0
R,2370,5737,74.3,0,0,0,0,0,0
R,2410,5836,76.4,0,0,0,0,0,0
R,2450,5935,78.6,0,0,0,0,0,0
R,2490,6033,80.8,0,0,0,0,0,0
R,2529,6132,82.9,0,0,0,0,0,0
R,2570,6231,85.2,0,0,0,0,0,0
R,2610,6329,87.5,0,0,0,0,0,0
R,2650,6428,89.9,0,0,0,0,0,0
R,2690,6527,92.2,0,0,0,0,0,0
R,2730,6625,94.6,0,0,0,0,0,0
R,2770,6724,97.0,0,0,0,0,0,0
R,2810,6823,99.5,0,0,0,0,0,0
R,2850,6921,102.0,0,0,0,0,0,0
R,2890,7020,104.6,0,0,0,0,0,0
R,2930,7119,107.1,0,0,0,0,0,0
R,2970,7217,109.7,0,0,0,0,0,0
R,3010,7316,112.4,0,0,0,0,0,0
R,3050,7415,115.1,0,0,0,0,0,0
R,3090,7513,117.8,0,0,0,0,0,0
R,3130,7612,120.6,0,0,0,0,0,0
R,3170,7711,123.4,0,0,0,0,0,0
R,3210,7809,126.2,0,0,0,0,0,0
R,3250,7908,129.0,0,0,0,0,0,0
R,3290,8007,131.9,0,0,0,0,0,0
R,3330,8105,134.9,0,0,0,0,0,0
R,3370,8204,137.9,0,0,0,0,0,0
R,3410,8303,140.9,0,0,0,0,0,0
R,3450,8401,143.9,0,0,0,0,0,0
R,3490,8500,147.0,0,0,0,0,0,0
R,3530,8545,150.1,0,0,0,0,0,0
R,3570,8590,153.2,0,0,0,0,0,0
R,3610,8635,156.4,0,0,0,0,0,0
R,3649,8680,159.4,0,0,0,0,0,0
R,3690,8724,162.7,0,0,0,0,0,0
R,3730,8769,165.9,0,0,0,0,0,0
R,3770,8814,169.1,0,0,0,0,0,0
R,3810,8859,172.3,0,0,0,0,0,0
R,3850,8904,175.5,0,0,0,0,0,0
R,3890,8949,178.8,0,0,0,0,0,0
R,3930,8994,182.1,0,0,0,0,0,0
R,3970,9039,185.4,0,0,0,0,0,0
R,4010,9084,188.7,0,0,0,0,0,0
R,4050,9129,192.0,0,0,0,0,0,0
R,4090,9173,195.3,0,0,0,0,0,0
R,4130,9218,198.7,0,0,0,0,0,0
R,4170,9263,202.0,0,0,0,0,0,0
R,4210,9308,205.4,0,0,0,0,0,0
R,4250,9353,208.8,0,0,0,0,0,0
R,4290,9398,212.2,0,0,0,0,0,0
R,4330,9443,215.7,0,0,0,0,0,0
R,4383,9502,220.2,0,0,0,0,0,0
R,4422,9547,223.6,0,0,0,0,0,0
R,4463,9592,227.2,0,0,0,0,0,0
R,4503,9637,230.7,0,0,0,0,0,0
R,4543,9682,234.2,0,0,0,0,0,0
R,4583,9727,237.8,0,0,0,0,0,0
R,4623,9772,241.3,0,0,0,0,0,0
R,4663,9817,244.9,0,0,0,0,0,0
R,4703,9862,248.5,0,0,0,0,0,0
R,4743,9906,252.1,0,0,0,0,0,0
R,4783,9951,255.7,0,0,0,0,0,0
R,4823,9996,259.3,0,0,0,0,0,0
R,4863,10041,263.0,0,0,0,0,0,0
R,4902,10086,266.6,0,0,0,0,0,0
R,4943,10131,270.3,0,0,0,0,0,0
R,4983,10176,274.0,0,0,0,0,0,0
R,5032,10231,278.6,0,0,0,0,0,0
R,5072,10276,282.3,0,0,0,0,0,0
R,5112,10321,286.1,0,0,0,0,0,0
R,5152,10366,289.9,0,0,0,0,0,0
R,5192,10410,293.7,0,0,0,0,0,0
R,5232,10455,297.5,0,0,0,0,0,0
R,5272,10500,301.3,0,0,0,0,0,0
R,5312,10545,305.1,0,0,0,0,0,0
R,5352,10590,309.0,0,0,0,0,0,0
R,5392,10635,312.8,0,0,0,0,0,0
R,5432,10680,316.7,0,0,0,0,0,0
R,5472,10719,320.6,0,0,0,0,0,0
R,5512,10755,324.5,0,0,0,0,0,0
R,5552,10790,328.5,0,0,0,0,0,0
R,5592,10825,332.4,0,0,0,0,0,0
R,5632,10861,336.3,0,0,0,0,0,0
R,5678,10901,340.9,0,0,0,0,0,0
R,5718,10937,344.9,0,0,0,0,0,0
R,5758,10972,348.9,0,0,0,0,0,0
R,5798,11008,352.9,0,0,0,0,0,0
R,5838,11043,356.9,0,0,0,0,0,0
R,5878,11078,360.9,0,0,0,0,0,0
R,5918,11114,365.0,0,0,0,0,0,0
R,5958,11149,369.0,0,0,0,0,0,0
R,5998,11184,373.1,0,0,0,0,0,0
R,6038,11220,377.2,0,0,0,0,0,0
R,6078,11255,381.3,0,0,0,0,0,0
R,6118,11290,385.4,0,0,0,0,0,0
R,6158,11326,389.5,0,0,0,0,0,0
R,6198,11361,393.7,0,0,0,0,0,0
R,6238,11396,397.8,0,0,0,0,0,0
R,6278,11432,402.0,0,0,0,0,0,0
R,6327,11475,407.1,0,0,0,0,0,0
R,6367,11510,411.3,0,0,0,0,0,0
R,6407,11546,415.5,0,0,0,0,0,0
R,6447,11581,419.7,0,0,0,0,0,0
R,6487,11616,423.9,0,0,0,0,0,0
R,6527,11652,428.2,0,0,0,0,0,0
R,6567,11687,432.4,0,0,0,0,0,0
R,6607,11722,436.7,0,0,0,0,0,0
R,6647,11758,441.0,0,0,0,0,0,0
R,6687,11793,445.3,0,0,0,0,0,0
R,6727,11829,449.6,0,0,0,0,0,0
R,6767,11864,453.9,0,0,0,0,0,0
R,6807,11899,458.2,0,0,0,0,0,0
R,6847,11935,462.6,0,0,0,0,0,0
R,6887,11970,466.9,0,0,0,0,0,0
R,6927,12005,471.3,0,0,0,0,0,0
R,6980,12052,477.1,0,0,0,0,0,0
R,7020,12087,481.5,0,0,0,0,0,0
R,7060,12123,485.9,0,0,0,0,0,0
R,7100,12158,490.3,0,0,0,0,0,0
R,7140,12193,494.8,0,0,0,0,0,0
R,7180,12229,499.2,0,0,0,0,0,0
R,7220,12264,503.7,0,0,0,0,0,0
R,7260,12300,508.2,0,0,0,0,0,0
R,7300,12335,512.7,0,0,0,0,0,0
R,7340,12370,517.2,0,0,0,0,0,0
R,7380,12406,521.7,0,0,0,0,0,0
R,7420,12441,526.2,0,0,0,0,0,0
R,7460,12476,530.7,0,0,0,0,0,0
R,7500,12512,535.3,0,0,0,0,0,0
R,7540,12547,539.9,0,0,0,0,0,0
R,7580,12582,544.4,0,0,0,0,0,0
R,7628,12625,550.0,0,0,0,0,0,0
R,7668,12660,554.6,0,0,0,0,0,0
R,7708,12695,559.2,0,0,0,0,0,0
R,7748,12731,563.8,0,0,0,0,0,0
R,7788,12766,568.5,0,0,0,0,0,0
R,7828,12801,573.1,0,0,0,0,0,0
R,7868,12837,577.8,0,0,0,0,0,0
R,7908,12872,582.5,0,0,0,0,0,0
R,7948,12908,587.2,0,0,0,0,0,0
R,7988,12943,591.9,0,0,0,0,0,0
R,8028,12978,596.6,0,0,0,0,0,0
R,8068,13014,601.4,0,0,0,0,0,0
R,8108,13049,606.1,0,0,0,0,0,0
R,8147,13084,610.8,0,0,0,0,0,0
R,8188,13120,615.6,0,0,0,0,0,0
R,8228,13155,620.4,0,0,0,0,0,0
R,8275,13197,626.1,0,0,0,0,0,0
R,8315,13232,630.9,0,0,0,0,0,0
R,8355,13267,635.7,0,0,0,0,0,0
R,8395,13303,640.6,0,0,0,0,0,0
R,8435,13338,645.4,0,0,0,0,0,0
R,8475,13369,650.3,0,0,0,0,0,0
R,8515,13392,655.2,0,0,0,0,0,0
R,8555,13415,660.1,0,0,0,0,0,0
R,8595,13438,665.0,0,0,0,0,0,0
R,8635,13461,669.9,0,0,0,0,0,0
R,8675,13484,674.8,0,0,0,0,0,0
R,8715,13508,679.7,0,0,0,0,0,0
R,8755,13531,684.6,0,0,0,0,0,0
R,8795,13554,689.6,0,0,0,0,0,0
R,8835,13577,694.5,0,0,0,0,0,0
R,8875,13600,699.5,0,0,0,0,0,0
R,8921,13627,705.2,0,0,0,0,0,0
R,8961,13650,710.1,0,0,0,0,0,0
R,9001,13673,715.1,0,0,0,0,0,0
R,9041,13696,720.1,0,0,0,0,0,0
R,9081,13719,725.1,0,0,0,0,0,0
R,9121,13742,730.1,0,0,0,0,0,0
R,9161,13766,735.1,0,0,0,0,0,0
R,9201,13789,740.1,0,0,0,0,0,0
R,9241,13812,745.2,0,0,0,0,0,0
R,9281,13835,750.2,0,0,0,0,0,0
R,9321,13858,755.3,0,0,0,0,0,0
R,9361,13881,760.3,0,0,0,0,0,0
R,9401,13904,765.4,0,0,0,0,0,0
R,9441,13928,770.4,0,0,0,0,0,0
R,9481,13951,775.5,0,0,0,0,0,0
R,9521,13974,780.6,0,0,0,0,0,0
R,9570,14002,786.9,0,0,0,0,0,0
R,9610,14025,792.0,0,0,0,0,0,0
R,9650,14048,797.1,0,0,0,0,0,0
R,9690,14072,802.2,0,0,0,0,0,0
R,9730,14095,807.4,0,0,0,0,0,0
R,9770,14118,812.5,0,0,0,0,0,0
R,9810,14141,817.6,0,0,0,0,0,0
R,9850,14164,822.8,0,0,0,0,0,0
R,9890,14187,828.0,0,0,0,0,0,0
R,9930,14210,833.1,0,0,0,0,0,0
R,9970,14234,838.3,0,0,0,0,0,0
R,10010,14257,843.5,0,0,0,0,0,0
R,10050,14280,848.7,0,0,0,0,0,0
R,10090,14303,853.9,0,0,0,0,0,0
R,10130,14326,859.2,0,0,0,0,0,0
R,10169,14349,864.2,0,0,0,0,0,0
R,10224,14380,871.4,0,0,0,0,0,0
R,10264,14404,876.7,0,0,0,0,0,0
R,10304,14427,882.0,0,0,0,0,0,0
R,10344,14450,887.2,0,0,0,0,0,0
R,10384,14473,892.5,0,0,0,0,0,0
R,10424,14496,897.8,0,0,0,0,0,0
R,10464,14519,903.1,0,0,0,0,0,0
R,10504,14542,908.4,0,0,0,0,0,0
R,10544,14566,913.7,0,0,0,0,0,0
R,10584,14589,919.0,0,0,0,0,0,0
R,10624,14612,924.3,0,0,0,0,0,0
R,10664,14635,929.6,0,0,0,0,0,0
R,10704,14658,935.0,0,0,0,0,0,0
R,10744,14681,940.3,0,0,0,0,0,0
R,10784,14704,945.7,0,0,0,0,0,0
R,10824,14728,951.0,0,0,0,0,0,0
R,10873,14756,957.6,0,0,0,0,0,0
R,10913,14779,963.0,0,0,0,0,0,0
R,10953,14802,968.4,0,0,0,0,0,0
R,10993,14825,973.8,0,0,0,0,0,0
R,11033,14849,979.2,0,0,0,0,0,0
R,11073,14872,984.6,0,0,0,0,0,0
R,11113,14895,990.0,0,0,0,0,0,0
R,11153,14918,995.5,0,0,0,0,0,0
R,11193,14941,1000.9,0,0,0,0,0,0
R,11233,14964,1006.4,0,0,0,0,0,0
R,11273,14987,1011.8,0,0,0,0,0,0
R,11313,15010,1017.3,0,0,0,0,0,0
R,11353,15034,1022.8,0,0,0,0,0,0
R,11393,15057,1028.3,0,0,0,0,0,0
R,11433,15080,1033.7,0,0,0,0,0,0
R,11473,15103,1039.3,0,0,0,0,0,0
R,11522,15131,1046.0,0,0,0,0,0,0
R,11562,15155,1051.5,0,0,0,0,0,0
R,11602,15178,1057.0,0,0,0,0,0,0
R,11642,15201,1062.6,0,0,0,0,0,0
R,11682,15224,1068.1,0,0,0,0,0,0
R,11722,15247,1073.7,0,0,0,0,0,0
R,11762,15270,1079.2,0,0,0,0,0,0
R,11802,15293,1084.8,0,0,0,0,0,0
R,11842,15317,1090.4,0,0,0,0,0,0
R,11882,15340,1096.0,0,0,0,0,0,0
R,11922,15363,1101.6,0,0,0,0,0,0
R,11962,15386,1107.2,0,0,0,0,0,0
R,12002,15409,1112.8,0,0,0,0,0,0
R,12041,15432,1118.3,0,0,0,0,0,0
R,12082,15455,1124.1,0,0,0,0,0,0
R,12122,15479,1129.7,0,0,0,0,0,0
R,12167,15505,1136.0,0,0,0,0,0,0
R,12207,15528,1141.7,0,0,0,0,0,0
R,12247,15551,1147.4,0,0,0,0,0,0
R,12287,15574,1153.0,0,0,0,0,0,0
R,12327,15597,1158.7,0,0,0,0,0,0
R,12367,15620,1164.4,0,0,0,0,0,0
R,12407,15643,1170.1,0,0,0,0,0,0
R,12447,15667,1175.8,0,0,0,0,0,0
R,12487,15690,1181.5,0,0,0,0,0,0
R,12527,15713,1187.3,0,0,0,0,0,0
R,12567,15736,1193.0,0,0,0,0,0,0
R,12607,15759,1198.7,0,0,0,0,0,0
R,12647,15782,1204.5,0,0,0,0,0,0
R,12687,15805,1210.2,0,0,0,0,0,0
R,12727,15829,1216.0,0,0,0,0,0,0
R,12767,15852,1221.8,0,0,0,0,0,0
R,12821,15883,1229.6,0,0,0,0,0,0
R,12861,15906,1235.4,0,0,0,0,0,0
R,12901,15929,1241.2,0,0,0,0,0,0
R,12941,15952,1247.0,0,0,0,0,0,0
R,12980,15975,1252.7,0,0,0,0,0,0
R,13021,15999,1258.6,0,0,0,0,0,0
R,13061,16022,1264.5,0,0,0,0,0,0
R,13101,16045,1270.3,0,0,0,0,0,0
R,13141,16068,1276.2,0,0,0,0,0,0
R,13181,16091,1282.0,0,0,0,0,0,0
R,13221,16114,1287.9,0,0,0,0,0,0
R,13261,16137,1293.8,0,0,0,0,0,0
R,13301,16158,1299.7,0,0,0,0,0,0
R,13341,16059,1305.5,0,0,0,0,0,0
R,13380,15961,1311.2,0,0,0,0,0,0
R,13420,15862,1317.0,0,0,0,0,0,0
R,13469,15744,1324.1,0,0,0,0,0,0
[dump] J60 t_ms=1906
[dump] J330 t_ms=5385 vcross_x100=10813 vtrap_x100=10450
[dump] J660 t_ms=8370 vcross_x100=13419 vtrap_x100=13191
[dump] J1320 t_ms=13255 vcross_x100=15796 vtrap_x100=16022
[dump] FIN RUN #1 t60=1906 t330=5385 t660=8370 t1320=13255
