[dump] === board=A46E9FDF948C fw=v7.9.00 -- 8 run(s) en flash ===
[dump] RUN #8 heure=07:30:14 src=SEUIL_GPS rollout_ms=0 unit=MICH_ dyn=8 rate_ms=40 gps=1 pre=15 imuf=2/7 ecu=HP statut=TERMINE
[dump] colonnes: R,elapsed_ms,kmh_x100,dist_ft,ax_mg,ay_mg,az_mg,gx_ds10,gy_ds10,gz_ds10
R,-641,10,0.0,-62,-100,999,5,-6,1
R,-601,21,0.0,-63,-101,997,3,-7,1
R,-560,13,0.0,-64,-101,1002,5,-7,1
R,-520,9,0.0,-63,-101,998,4,-6,2
R,-480,14,0.0,-64,-81,1009,5,-7,2
R,-435,9,0.0,-62,-70,1005,7,-6,1
R,-400,4,0.0,-56,-80,995,6,-7,1
R,-360,10,0.0,-58,-100,991,5,-6,1
R,-320,23,0.0,-59,-114,995,7,-5,1
R,-280,19,0.0,-55,-101,1007,2,-11,1
R,-225,14,0.0,-59,-66,1020,16,-1,0
R,-161,18,0.0,-52,84,1039,12,-11,3
R,-118,22,0.0,-47,128,1049,20,-11,3
R,-71,41,0.0,-46,174,1036,25,-7,4
R,-40,100,0.0,-40,195,1033,24,-10,5
R,40,213,0.1,-40,276,1037,16,-8,9
R,80,269,0.2,-42,319,1039,16,-4,11
R,120,351,0.3,-43,364,1034,15,-3,15
R,160,383,0.4,-43,412,1045,15,-3,19
R,200,429,0.6,-44,462,1057,19,-5,21
R,240,522,0.7,-49,510,1067,21,-6,24
R,280,619,0.9,-41,570,1073,21,-9,28
R,320,758,1.2,-42,602,1064,21,-3,32
R,358,853,1.5,-36,626,1078,20,-11,31
R,399,943,1.8,-23,636,1072,19,-8,35
R,442,1020,2.2,-11,662,1058,9,-11,36
R,482,1129,2.6,-18,655,1059,7,-11,38
R,521,1239,3.0,-24,647,1045,6,-5,41
R,578,1357,3.7,-11,653,1039,4,-3,37
R,600,1512,4.0,-15,664,1054,5,-8,34
R,640,1627,4.5,-13,673,1061,0,-16,33
R,681,1727,5.2,-13,676,1057,6,-11,30
R,719,1789,5.8,3,668,1044,0,-12,29
R,776,1885,6.7,8,681,1068,17,-5,26
R,839,2137,7.9,19,693,1095,-4,-25,22
R,882,2237,8.7,3,678,1084,3,-13,22
R,919,2350,9.5,27,673,1090,11,0,14
R,960,2467,10.4,49,680,1087,4,-8,10
R,999,2564,11.3,3,683,1087,18,-8,8
R,1040,2682,12.3,5,674,1061,9,-23,10
R,1080,2811,13.3,1,668,1026,3,-25,10
R,1120,2886,14.3,7,668,1029,5,-5,11
R,1159,3010,15.4,21,665,1042,1,-6,6
R,1200,3086,16.5,18,676,1051,13,-4,1
R,1240,3205,17.7,12,680,1084,13,-15,4
R,1280,3344,18.8,9,679,1093,3,-18,6
R,1319,3447,20.1,9,682,1105,11,-7,4
R,1359,3558,21.3,17,686,1103,0,-12,4
R,1400,3637,22.7,4,659,1107,6,-8,2
R,1440,3760,24.0,6,679,1054,-2,-19,2
R,1479,3857,25.4,2,670,1045,-7,-27,1
R,1520,3963,26.8,37,676,1046,5,-23,-4
R,1565,4075,28.5,34,673,1087,13,-19,-5
R,1600,4180,29.8,22,648,1086,21,-22,-9
R,1640,4265,31.3,67,653,1053,7,-23,-12
R,1680,4375,32.9,69,645,1026,-4,4,-14
R,1719,4497,34.5,85,675,1056,1,23,-18
R,1776,4625,36.9,47,671,1101,16,-4,-8
R,1838,4829,39.5,40,660,1079,0,-9,-10
R,1885,4958,41.6,53,647,1034,-8,4,-11
R,1920,5068,43.2,65,650,1041,-6,0,-7
R,1959,5175,45.0,32,669,1066,-5,0,-7
R,1999,5280,47.0,48,668,1076,-1,-12,-10
R,2039,5356,48.9,69,649,1080,-2,-6,-11
R,2080,5489,50.9,62,655,1044,-5,2,-15
R,2120,5579,52.9,71,668,1040,-9,3,-15
R,2159,5695,54.9,44,660,1097,0,6,-13
R,2199,5788,57.0,51,674,1034,3,1,-14
R,2240,5915,59.2,74,628,1033,2,-10,-11
R,2278,6001,61.3,66,644,1013,-3,-7,-12
R,2318,6132,63.5,61,633,998,-10,5,-11
R,2358,6231,65.7,38,648,1039,-19,-2,-10
R,2399,6319,68.1,38,630,1055,-15,-1,-8
R,2438,6431,70.4,33,606,1053,-8,1,-7
R,2479,6548,72.8,30,598,1048,4,-3,-7
R,2527,6628,75.7,33,581,1074,18,-10,-4
R,2559,6707,77.6,21,572,1106,24,-7,-4
R,2599,6821,80.1,27,573,1089,19,-11,-4
R,2639,6893,82.6,22,542,1143,14,-9,-3
R,2679,6987,85.1,19,562,1110,12,-10,-3
R,2719,7096,87.7,18,532,1152,8,-7,0
R,2772,7186,91.1,18,526,1152,18,14,0
R,2798,7285,92.8,21,515,1180,24,-5,-1
R,2838,7365,95.5,13,505,1096,11,-19,-1
R,2882,7458,98.5,25,509,1052,5,-1,-1
R,2921,7509,101.1,12,519,999,-16,-2,-1
R,2960,7584,103.8,42,497,1025,-28,-11,-5
R,3000,7696,106.6,57,489,962,-26,-5,-8
R,3040,7785,109.4,54,478,983,-12,-6,-15
R,3079,7876,112.2,40,466,1025,14,-28,-20
R,3119,7957,115.1,84,464,1045,29,-35,-25
R,3176,8061,119.3,54,473,1031,25,-33,-22
R,3200,8104,121.0,72,472,1019,14,-35,-23
R,3240,8176,124.0,62,471,1033,-8,-34,-21
R,3278,8238,126.8,56,455,1064,-28,-30,-18
R,3318,8321,129.8,65,438,1059,-35,-30,-18
R,3359,8420,133.0,85,431,1049,-9,-9,-18
R,3399,8524,136.1,104,422,1048,6,1,-20
R,3440,8585,139.3,86,414,1088,30,-7,-21
R,3479,8649,142.3,76,410,1121,27,-11,-19
R,3519,8721,145.5,69,408,1129,26,-43,-19
R,3564,8798,149.1,86,416,1032,23,-28,-17
R,3599,8856,151.9,72,417,1064,0,-10,-12
R,3639,8909,155.1,50,422,1004,-32,-11,-10
R,3679,8994,158.4,86,395,949,-36,-3,-4
R,3719,9058,161.7,73,400,879,-50,15,0
R,3773,9145,166.2,41,394,907,-21,34,0
R,3798,9221,168.3,45,376,1005,-9,18,-1
R,3838,9294,171.6,22,370,973,13,16,-1
R,3882,9376,175.4,4,371,1058,47,-5,-1
R,3918,9431,178.5,-4,378,1100,53,-14,0
R,3958,9482,181.9,-26,385,1108,41,-13,5
R,3998,9546,185.4,-22,387,1135,16,0,12
R,4039,9611,189.0,-59,385,1165,2,3,19
R,4078,9698,192.4,-74,356,1168,-13,-2,24
R,4118,9771,195.9,-85,360,1125,-21,-10,27
R,4160,9818,199.7,-97,351,1133,2,-9,26
R,4199,9887,203.2,-108,348,1057,8,-19,21
R,4238,9961,206.7,-91,367,999,0,-17,17
R,4278,10011,210.4,-78,361,975,-6,-6,13
R,4318,10086,214.0,-75,353,969,-15,-6,12
R,4358,10152,217.7,-70,349,954,-9,-6,11
R,4398,10195,221.4,-67,339,1001,3,-3,9
R,4440,10254,225.3,-61,344,974,4,-6,7
R,4478,10318,228.9,-63,341,1011,5,-10,6
R,4517,10378,232.6,-37,335,1021,1,-15,4
R,4558,10444,236.5,-24,330,1032,-5,-11,4
R,4597,10528,240.2,-28,328,1032,-7,-12,2
R,4638,10576,244.1,-35,319,1054,4,-4,2
R,4678,10627,248.0,-26,324,1043,10,-8,2
R,4718,10670,251.9,-13,320,1052,8,-12,2
R,4771,10754,257.1,-18,307,1045,-2,-10,4
R,4797,10795,259.6,-6,308,1063,2,-5,2
R,4839,10850,263.7,-27,300,1064,6,-6,2
R,4881,10921,267.9,-25,304,1062,9,-8,2
R,4918,10985,271.6,-11,295,1071,10,-19,2
R,4958,11028,275.6,-38,305,1042,6,-14,2
R,4998,11084,279.6,-24,292,1071,9,-11,3
R,5038,11155,283.7,-39,284,1097,7,-14,1
R,5078,11182,287.8,-22,296,1021,-2,-12,5
R,5124,11251,292.5,-15,277,1057,4,-2,3
R,5158,11295,296.0,-33,283,1037,-9,-7,3
R,5198,11363,300.1,-21,275,1067,-2,-35,1
R,5237,11412,304.1,-17,264,1055,21,-28,0
R,5277,11487,308.3,-33,263,1091,15,-45,0
R,5319,11569,312.7,-15,280,998,-1,-32,-1
R,5359,11595,317.0,-17,276,988,-7,-15,1
R,5398,11618,321.1,-10,255,1022,-15,-1,2
R,5439,11646,325.4,-21,250,979,-15,0,3
R,5478,11703,329.6,-19,223,1104,14,3,1
R,5518,11762,333.9,6,243,1041,23,9,0
R,5564,11816,338.8,3,252,1016,1,12,2
R,5598,11858,342.5,11,244,976,1,9,4
R,5638,11898,346.8,-10,250,1009,-11,7,4
R,5678,11965,351.1,-15,209,1062,4,7,3
R,5718,11996,355.5,-5,223,1069,17,-1,0
R,5773,12059,361.5,0,213,1089,18,-6,-4
R,5798,12110,364.3,-15,223,1069,15,-10,-5
R,5841,12158,369.0,14,217,1075,11,-8,-6
R,5882,12204,373.6,12,209,1072,1,-7,-7
R,5918,12263,377.6,18,217,1055,1,-13,-5
R,5959,12290,382.2,23,208,1034,-9,-17,-6
R,5998,12333,386.6,23,215,1003,-11,-16,-9
R,6039,12369,391.2,17,201,979,-7,-14,-9
R,6079,12402,395.7,11,188,1011,4,-29,-11
R,6118,12430,400.1,32,200,969,2,-23,-10
R,6159,12477,404.8,37,199,971,1,-18,-9
R,6199,12548,409.3,39,200,953,-2,-15,-10
R,6238,12579,413.8,51,187,995,-6,-12,-9
R,6278,12620,418.4,39,159,1050,0,-18,-8
R,6321,12677,423.3,60,172,1042,22,-32,-12
R,6359,12689,427.7,61,178,1088,20,-42,-15
R,6399,12738,432.4,54,160,1064,8,-41,-14
R,6440,12779,437.1,60,194,1018,-8,-23,-12
R,6479,12811,441.7,81,169,1003,-33,-28,-9
R,6519,12866,446.4,76,153,1025,-21,-12,-10
R,6561,12909,451.3,92,154,1002,4,0,-11
R,6599,12943,455.8,69,147,1000,7,-7,-11
R,6639,12978,460.5,74,171,980,6,-3,-11
R,6679,13010,465.2,56,154,1005,8,-10,-10
R,6718,13047,469.9,65,137,1058,19,-5,-11
R,6774,13071,476.5,84,129,1092,16,-9,-9
R,6842,13176,484.7,71,131,1106,1,-9,-7
R,6883,13201,489.6,57,136,1021,-4,-19,-8
R,6919,13221,493.9,41,128,1061,0,-27,-7
R,6961,13260,499.0,20,142,934,-11,-28,-7
R,7002,13290,504.0,62,124,1034,-15,-44,-8
R,7040,13338,508.6,46,118,945,-18,-10,-6
R,7081,13356,513.6,51,96,1007,-1,-28,-2
R,7120,13401,518.3,44,113,961,7,-11,-4
R,7161,13407,523.3,44,115,1012,8,-5,-3
R,7200,13461,528.1,34,91,994,-6,-2,0
R,7239,13480,532.9,37,102,1014,-5,-2,0
R,7280,13483,537.9,33,89,1029,-2,0,0
R,7320,13544,542.8,13,67,1065,11,1,-1
R,7360,13562,547.8,27,86,1038,9,1,0
R,7400,13612,552.7,19,80,1084,5,0,0
R,7441,13630,557.8,16,63,1110,18,-5,-1
R,7480,13641,562.7,20,86,1045,5,-9,0
R,7521,13661,567.8,-4,89,1018,-8,-5,0
R,7566,13703,573.4,13,63,1037,5,-3,-1
R,7600,13734,577.6,29,89,979,-7,0,-1
R,7641,13746,582.8,16,71,958,5,7,0
R,7679,13764,587.5,11,61,988,5,1,2
R,7721,13793,592.8,11,86,986,14,6,-1
R,7774,13832,599.5,13,82,1015,9,-10,0
R,7840,13921,607.8,14,80,967,1,-9,-2
R,7884,13912,613.4,19,72,992,1,-6,-2
R,7919,13939,617.8,19,67,1002,0,5,-2
R,7960,13954,623.1,19,64,1041,12,9,-4
R,8000,13982,628.2,20,68,1025,17,4,-4
R,8039,14012,633.1,21,64,1033,6,-12,-4
R,8080,14041,638.4,11,61,1031,-1,-23,-6
R,8119,14067,643.4,19,61,998,-6,-15,-7
R,8159,14065,648.5,48,82,1020,-7,-14,-8
R,8199,14075,653.6,28,53,1002,-5,-6,-7
R,8239,14140,658.8,31,59,1028,11,-12,-8
R,8279,14157,663.9,30,59,963,12,-22,-8
R,8320,14192,669.2,58,33,1032,6,-26,-7
R,8370,14223,675.7,41,44,1005,19,-8,-4
R,8399,14232,679.4,30,58,991,18,-4,-8
R,8440,14233,684.8,33,74,1044,5,2,-3
R,8480,14252,690.0,54,56,975,-14,-18,1
R,8519,14305,695.0,10,44,976,-13,-4,0
R,8559,14345,700.3,34,57,1087,18,-1,-2
R,8599,14359,705.5,27,33,1045,18,-8,-1
R,8639,14373,710.7,44,63,1043,12,2,-1
R,8678,14369,715.8,42,64,1019,10,20,-1
R,8718,14407,721.1,47,40,980,-1,15,0
R,8774,14454,728.4,15,44,943,-7,3,0
R,8841,14513,737.3,31,40,1020,7,-23,-5
R,8884,14491,743.0,21,42,992,31,-10,-8
R,8920,14477,747.7,73,51,995,10,-23,-7
R,8961,14559,753.1,23,49,967,-4,-16,-8
R,9018,14559,760.7,44,11,1064,14,3,-2
R,9040,14602,763.6,12,16,1062,8,-2,1
R,9081,14624,769.1,135,63,1025,5,25,3
R,9120,14643,774.3,70,42,1056,7,29,3
R,9162,14629,779.9,52,17,1099,25,12,0
R,9200,14655,785.0,38,27,1041,10,-14,-1
R,9241,14692,790.4,29,27,1018,13,-16,-5
R,9281,14723,795.8,40,37,1062,15,-9,-6
R,9321,14752,801.2,13,29,1017,10,-12,-4
R,9361,14752,806.6,40,35,1003,12,-10,-5
R,9402,14784,812.1,35,27,981,-4,-11,-4
R,9442,14801,817.5,47,30,1037,11,-13,-4
R,9482,14825,822.9,6,20,1045,20,6,-4
R,9521,14824,828.1,40,41,1001,7,1,-1
R,9566,14862,834.2,17,42,977,-9,0,1
R,9601,14880,839.0,28,31,970,-20,7,1
R,9642,14881,844.5,23,39,918,-10,-2,0
R,9680,14903,849.7,6,31,930,-13,-2,1
R,9720,14935,855.1,5,43,901,2,-7,0
R,9778,14959,863.0,3,16,1004,7,-18,0
R,9843,14975,871.9,-19,22,1089,43,-18,-3
R,9885,15015,877.6,22,26,1142,28,-16,1
R,9921,15025,882.6,-10,20,1121,11,-14,3
R,9960,15037,887.9,0,37,1084,-6,-10,3
R,10000,15048,893.4,5,34,1043,-39,-4,7
R,10040,15097,898.9,-2,32,985,-29,-1,7
R,10081,15137,904.5,-33,11,962,-25,-3,4
R,10120,15180,909.9,-18,32,924,-15,7,3
R,10159,15152,915.3,-20,36,915,15,-11,0
R,10199,15168,920.8,-29,-2,1013,13,-13,3
R,10240,15179,926.5,-3,14,953,34,-23,2
R,10280,15189,932.0,3,39,1063,43,-22,0
R,10320,15208,937.6,-19,30,1056,28,-9,-1
R,10360,15246,943.1,5,16,1097,6,-18,1
R,10401,15245,948.8,-7,7,1111,-1,-7,2
R,10440,15269,954.2,4,17,1029,-5,-4,3
R,10482,15294,960.1,-4,34,1012,-13,9,3
R,10520,15339,965.4,-4,14,999,-18,17,4
R,10559,15344,970.9,-14,9,955,-6,11,2
R,10600,15358,976.6,15,19,908,0,-1,0
R,10639,15365,982.1,7,11,972,-5,-11,1
R,10679,15405,987.7,-10,11,940,21,-21,1
R,10720,15394,993.4,-33,25,1034,47,-13,-1
R,10776,15385,1001.3,13,11,995,-14,-31,0
R,10841,15464,1010.4,-9,8,1093,17,-1,1
R,10884,15489,1016.5,-22,-1,1066,3,-19,4
R,10920,15499,1021.6,3,30,1055,3,-24,3
R,10967,15511,1028.2,-4,20,1035,4,-6,3
R,11000,15543,1032.9,3,24,1009,-4,2,4
R,11040,15564,1038.5,-2,4,1034,8,10,6
R,11081,15561,1044.3,-8,0,1019,2,9,6
R,11119,15571,1049.7,-32,2,1022,15,2,3
R,11159,15606,1055.4,0,30,1001,19,-10,0
R,11201,15599,1061.4,-29,27,952,-4,-25,1
R,11241,15598,1067.1,-10,-5,953,-21,-16,1
R,11281,15620,1072.8,0,-10,1014,7,-11,0
R,11322,15649,1078.6,-20,-4,1047,28,-4,-1
R,11361,15658,1084.2,21,16,1080,15,0,0
R,11401,15670,1089.9,-1,-5,1022,7,-5,0
R,11440,15720,1095.5,-19,15,994,3,-12,-1
R,11480,15764,1101.2,-8,3,935,-29,-14,1
R,11520,15750,1106.9,-23,3,996,5,9,0
R,11565,15769,1113.4,6,-3,971,20,-1,4
R,11616,15785,1120.7,-8,7,977,6,-1,1
R,11639,15797,1124.1,-7,20,927,3,0,3
R,11680,15803,1130.0,-17,-3,1000,5,-5,4
R,11721,15789,1135.9,-13,-3,1067,23,1,4
R,11775,15803,1143.6,-10,-9,1122,22,-8,4
R,11841,15854,1153.2,-30,-4,1114,7,-16,2
R,11884,15888,1159.4,-20,10,1066,-8,-20,2
R,11922,15918,1164.9,0,6,1041,-16,-10,3
R,11961,15920,1170.5,-21,-13,981,-14,5,5
R,12002,15933,1176.5,-5,0,986,2,11,4
R,12041,15948,1182.2,-34,-3,999,18,5,3
R,12082,15928,1188.1,-5,-4,1043,26,-2,0
R,12120,15967,1193.6,-19,-7,987,-2,-30,4
R,12161,15983,1199.6,-30,-3,1070,25,-19,0
R,12201,15996,1205.4,14,-2,1010,7,-16,1
R,12241,16017,1211.3,-19,-2,956,-12,-11,4
R,12282,16052,1217.3,-16,-14,1086,16,-1,1
R,12321,16055,1223.0,2,-5,1030,-4,8,1
R,12361,16083,1228.8,-4,8,1045,19,-12,2
R,12401,16084,1234.7,8,-4,1044,23,7,0
R,12441,16087,1240.5,3,1,1020,6,-3,1
R,12481,16078,1246.4,4,-46,1054,5,-19,3
R,12521,16128,1252.3,-4,-61,1174,46,0,0
R,12561,16131,1258.2,33,23,829,-2,-15,6
R,12600,16120,1263.9,-44,0,1123,-4,13,0
R,12639,16149,1269.6,-13,-28,901,40,14,2
R,12680,16163,1275.7,-78,13,1039,18,11,3
R,12721,16172,1281.7,2,-7,990,19,0,3
R,12777,16182,1290.0,-23,-15,989,5,-13,-3
R,12841,16224,1299.4,24,-5,984,-4,-11,-1
R,12885,16254,1305.9,-9,-15,1027,-3,-6,4
R,12922,16281,1311.4,-12,-29,1010,-11,-8,8
R,12961,16278,1317.2,-1,-20,1083,19,-9,4
R,13002,16298,1323.3,-13,-13,1031,6,-20,3
[dump] J60 t_ms=1982
[dump] J330 t_ms=5200 vcross_x100=11723 vtrap_x100=11333
[dump] J660 t_ms=7965 vcross_x100=14147 vtrap_x100=13981
[dump] J1320 t_ms=12696 vcross_x100=16291 vtrap_x100=16201
[dump] FIN RUN #8 t60=1982 t330=5200 t660=7965 t1320=12696
