[dump] === board=A46E9FDF948C fw=v7.9.00 -- 8 run(s) en flash ===
[dump] RUN #2 heure=13:59:20 src=SEUIL_GPS rollout_ms=0 unit=MICH_ dyn=8 rate_ms=40 gps=1 pre=0 imuf=2/7 ecu=HP statut=ABANDON
[dump] colonnes: R,elapsed_ms,kmh_x100,dist_ft,ax_mg,ay_mg,az_mg,gx_ds10,gy_ds10,gz_ds10
R,40,6129,2.2,268,-292,1134,-4,-37,-6
R,79,6186,4.4,55,-382,966,8,-19,-1
R,119,6166,6.7,48,-356,858,-85,28,10
R,159,6145,8.9,108,-253,1124,11,14,3
R,200,6119,11.2,207,-182,1126,-21,-9,9
R,240,6134,13.4,96,-325,934,-54,0,1
R,280,6168,15.7,264,-518,972,-28,12,-2
R,319,6171,17.9,93,-301,971,25,27,7
R,359,6177,20.1,87,-95,874,15,35,4
R,399,6170,22.4,97,-316,973,10,36,15
R,440,6229,24.7,20,-455,925,25,30,11
R,480,6225,27.0,152,-236,827,3,12,3
R,520,6230,29.2,29,-319,920,-1,0,4
R,559,6229,31.4,123,-249,943,53,10,3
R,599,6195,33.7,16,-321,897,3,4,2
R,640,6180,36.0,167,-254,973,16,9,3
R,680,6172,38.3,-23,-327,990,12,-1,9
R,719,6192,40.5,104,-245,1036,4,-4,0
R,759,6222,42.7,13,-365,974,-2,0,7
R,799,6249,45.0,18,-277,884,34,-23,-8
R,839,6284,47.3,137,-218,982,-12,-10,9
R,889,6281,50.2,81,-269,971,-10,-5,-1
R,920,6261,51.9,202,-282,948,16,5,19
R,960,6263,54.2,36,-269,1046,18,5,4
R,1000,6296,56.5,70,-273,873,7,2,13
R,1039,6231,58.7,0,-236,1036,-12,-13,9
R,1079,6239,61.0,195,-238,882,-12,-13,1
R,1119,6280,63.3,-30,-362,956,-5,-8,6
R,1159,6303,65.6,246,-211,978,13,-13,-4
R,1199,6301,67.9,59,-336,918,-11,7,8
R,1246,6287,70.6,142,-220,1043,38,-6,-1
R,1279,6297,72.5,72,-249,822,-6,12,10
R,1319,6300,74.7,76,-353,1020,15,0,6
R,1367,6294,77.5,40,-336,834,-7,7,12
R,1400,6290,79.4,214,-188,1014,12,5,4
R,1440,6304,81.7,58,-336,932,-8,6,16
R,1480,6304,84.0,203,-191,1048,-1,9,2
R,1520,6381,86.3,27,-462,749,-18,4,11
R,1559,6380,88.6,145,-190,996,9,8,3
R,1600,6380,91.0,-85,-384,854,9,1,9
R,1639,6381,93.2,230,-174,1103,36,-18,-3
R,1679,6385,95.5,-2,-467,881,2,4,10
R,1719,6389,97.9,204,-194,1076,23,-7,-2
R,1759,6418,100.2,44,-264,905,-5,12,11
R,1800,6401,102.6,97,-262,1073,-4,13,0
R,1840,6394,104.9,0,-263,875,-6,17,16
R,1895,6338,108.1,74,-281,1027,-22,11,2
R,1920,6321,109.6,30,-393,878,-11,9,8
R,1960,6337,111.9,64,-206,1047,3,-1,-8
R,1999,6352,114.1,-28,-366,845,11,-8,-2
R,2039,6391,116.5,126,-192,1068,36,-2,-4
R,2079,6413,118.8,12,-295,900,2,-9,-4
R,2119,6450,121.1,96,-269,962,1,10,-1
R,2159,6432,123.5,9,-227,954,-4,1,-7
R,2199,6443,125.8,36,-210,1016,-9,0,-2
R,2239,6412,128.2,43,-297,930,-27,-11,-3
R,2279,6416,130.5,112,-209,947,-24,-1,-10
R,2319,6344,132.8,52,-331,998,2,2,2
R,2360,6359,135.2,26,-183,1009,-4,1,-7
R,2400,6376,137.5,76,-240,927,-14,4,0
R,2440,6405,139.9,-11,-327,898,2,2,-5
R,2480,6409,142.2,103,-166,947,-1,-12,-11
R,2520,6407,144.5,31,-287,1103,-15,-10,-1
R,2559,6409,146.8,171,-191,921,27,-14,-11
R,2599,6445,149.2,63,-200,933,2,13,4
R,2639,6470,151.5,72,-219,1041,4,0,-4
R,2679,6479,153.9,107,-146,915,-2,4,0
R,2719,6435,156.2,58,-276,995,-4,-4,0
R,2759,6390,158.6,77,-363,996,19,4,-4
R,2799,6383,160.9,60,-197,968,32,0,0
R,2840,6410,163.3,6,-197,955,11,-8,-6
R,2890,6405,166.2,29,-295,954,15,-6,-3
R,2920,6379,167.9,112,-264,942,11,-19,-4
R,2960,6355,170.3,67,-255,942,7,-3,2
R,3000,6391,172.6,66,-249,962,-6,-6,0
R,3039,6430,174.9,86,-265,927,11,-7,1
R,3079,6439,177.2,70,-268,1033,2,-13,6
R,3119,6434,179.6,78,-307,1044,15,-11,0
R,3159,6394,181.9,156,-295,956,16,-5,7
R,3199,6396,184.2,116,-266,1019,8,1,7
R,3239,6416,186.6,102,-271,974,10,3,8
R,3279,6439,188.9,78,-248,1001,14,-13,8
R,3320,6437,191.3,72,-292,918,1,-1,3
R,3367,6481,194.1,156,-99,1008,37,-26,-3
R,3400,6441,196.0,161,-21,1021,16,-29,-2
R,3440,6449,198.4,76,-309,1018,-41,-6,6
R,3480,6456,200.7,251,-203,1074,24,-1,5
R,3520,6438,203.1,90,-266,1007,-5,20,15
R,3559,6410,205.4,61,-249,1009,-24,11,9
R,3599,6418,207.7,77,-200,1051,-20,5,9
R,3639,6393,210.0,50,-346,1006,-13,2,0
R,3679,6441,212.4,146,-285,942,-2,1,0
R,3719,6466,214.7,76,-190,976,-8,6,0
R,3759,6411,217.1,145,-381,1028,8,9,0
R,3799,6349,219.4,45,-234,976,20,12,2
R,3842,6382,221.9,103,-222,941,4,15,4
R,3890,6334,224.7,14,-262,928,8,11,4
R,3919,6351,226.3,107,-232,901,7,6,0
R,3959,6365,228.7,46,-240,895,4,7,3
R,3999,6406,231.0,65,-234,991,8,1,-2
R,4039,6434,233.3,84,-264,977,12,0,0
R,4079,6417,235.7,67,-239,972,12,0,-1
R,4119,6428,238.0,83,-248,937,18,0,0
R,4159,6449,240.4,49,-186,1017,24,-2,0
R,4199,6442,242.7,69,-251,955,5,-6,-1
R,4239,6427,245.1,29,-300,880,8,-9,-1
R,4279,6448,247.4,93,-218,1006,17,-17,-4
R,4319,6448,249.8,84,-309,1072,11,-12,0
R,4360,6427,252.2,117,-229,989,35,-1,-2
R,4399,6444,254.4,118,-206,984,9,12,4
R,4440,6456,256.9,45,-264,1086,1,16,2
R,4491,6445,259.9,78,-178,1002,3,10,3
R,4520,6435,261.6,52,-232,1024,-5,5,1
R,4560,6423,263.9,63,-461,974,1,9,-1
R,4601,6449,266.3,93,-214,948,23,10,-1
R,4640,6435,268.6,48,-242,979,8,8,-4
R,4681,6488,271.0,57,-286,982,15,8,-1
R,4721,6497,273.4,80,-181,956,19,3,-4
R,4761,6384,275.7,33,-239,964,0,9,2
R,4801,6317,278.0,50,-198,976,1,0,-3
R,4841,6350,280.3,76,-276,929,-5,0,-1
R,4891,6401,283.3,-20,-287,939,1,-6,-5
R,4921,6386,285.0,103,-259,996,0,-9,-4
R,4961,6427,287.3,51,-237,1045,1,-5,-4
R,5000,6429,289.6,87,-253,970,9,0,-2
R,5039,6438,291.9,50,-217,1016,1,1,-3
R,5080,6427,294.3,40,-275,973,0,-2,-2
R,5138,6396,297.7,130,-362,989,-7,-20,-6
R,5160,6386,299.0,131,-164,1003,-18,-19,-10
R,5200,6384,301.3,18,-329,977,-8,-19,-5
R,5240,6458,303.7,152,-206,971,0,-5,-4
R,5280,6472,306.0,83,-302,1009,-3,2,4
R,5321,6525,308.4,70,-253,1035,7,7,0
R,5367,6521,311.2,61,-250,1002,15,5,13
R,5400,6462,313.1,64,-298,1038,-1,-3,-7
R,5440,6395,315.5,75,-319,884,12,-1,4
R,5480,6376,317.8,73,-135,1006,5,-4,-7
R,5520,6352,320.1,54,-405,880,-16,1,0
R,5560,6363,322.4,-39,-255,1043,11,-17,-11
R,5599,6394,324.7,160,-266,922,23,-4,-4
R,5639,6456,327.0,53,-235,1016,-7,-4,-4
R,5680,6503,329.5,97,-231,1007,13,-4,0
R,5720,6490,331.8,44,-266,950,-9,0,-1
R,5760,6506,334.2,51,-194,928,13,-8,-6
R,5800,6450,336.6,18,-272,904,-12,-13,1
R,5839,6447,338.9,104,-258,1068,1,-29,-12
R,5889,6472,341.8,110,-301,981,28,-12,0
R,5920,6464,343.6,98,-309,1013,27,-14,-7
R,5959,6515,345.9,114,-223,911,5,7,7
R,5999,6485,348.3,44,-250,1046,4,-9,2
R,6040,6440,350.7,129,-280,899,-7,0,4
R,6079,6393,353.0,59,-255,1041,-1,-8,7
R,6119,6418,355.3,82,-271,903,-3,-4,-3
R,6160,6408,357.7,102,-260,916,-11,1,2
R,6200,6461,360.1,89,-285,940,1,0,0
R,6240,6446,362.4,112,-240,996,16,-1,3
R,6281,6465,364.8,90,-241,957,6,6,1
R,6320,6452,367.1,112,-232,961,14,4,1
R,6359,6451,369.4,43,-287,932,8,8,2
R,6400,6478,371.8,94,-194,975,14,8,-2
R,6439,6473,374.1,69,-245,978,6,5,4
R,6480,6451,376.6,38,-292,1060,1,0,-2
R,6520,6470,378.9,92,-260,927,12,6,-1
R,6559,6425,381.2,41,-181,953,1,2,-2
R,6599,6442,383.5,79,-301,969,-6,4,-3
R,6640,6379,385.9,61,-286,975,13,10,-4
R,6680,6387,388.3,62,-209,958,5,4,-8
R,6720,6447,390.6,38,-266,1015,-2,8,-3
R,6760,6414,393.0,59,-284,1026,25,0,-11
R,6800,6405,395.3,55,-258,962,10,14,-1
R,6839,6429,397.6,74,-258,1019,4,9,-8
R,6889,6493,400.5,16,-235,967,2,8,-8
R,6919,6471,402.3,81,-284,1017,-5,4,-6
R,6959,6488,404.6,38,-276,996,-2,7,-6
R,7000,6476,407.1,75,-241,1004,6,8,-5
R,7039,6461,409.4,44,-213,1030,8,5,-7
R,7087,6487,412.2,3,-321,971,0,10,-7
R,7120,6496,414.2,59,-287,949,7,2,-7
R,7160,6525,416.5,6,-254,898,8,6,-10
R,7200,6513,418.9,81,-283,1030,19,-5,-10
R,7240,6464,421.3,47,-246,1042,15,2,-8
R,7280,6459,423.6,120,-214,968,23,2,-7
R,7320,6447,426.0,94,-240,974,9,14,0
R,7367,6441,428.7,105,-211,995,9,21,0
R,7399,6467,430.6,27,-174,965,-7,18,6
R,7440,6489,433.0,55,-254,989,-11,8,-1
R,7480,6467,435.4,10,-307,1004,4,-1,0
R,7520,6434,437.8,45,-216,1086,7,-9,-5
R,7559,6448,440.0,100,-342,992,0,-11,-2
R,7600,6464,442.5,74,-216,1037,4,-1,-4
R,7640,6506,444.8,50,-270,972,-9,-2,0
R,7680,6482,447.2,101,-223,1023,-4,-3,0
R,7736,6490,450.5,60,-222,1009,6,1,0
R,7760,6459,451.9,38,-257,1037,3,1,4
R,7799,6484,454.2,76,-251,1032,11,-3,2
R,7840,6508,456.6,74,-295,956,-3,-3,1
R,7889,6481,459.5,15,-109,1060,17,-5,-2
R,7919,6503,461.3,59,-259,999,3,-16,-1
R,7960,6516,463.7,105,-224,989,13,-4,-5
R,7999,6536,466.1,80,-296,922,6,0,0
R,8039,6470,468.4,74,-193,1017,6,-2,-1
R,8080,6453,470.9,56,-274,897,13,-1,-1
R,8120,6435,473.2,18,-230,946,19,0,0
R,8160,6444,475.5,56,-285,876,27,-14,-9
R,8200,6475,477.9,94,-181,1021,21,-17,-2
R,8240,6463,480.3,74,-218,1045,7,-20,-3
R,8280,6482,482.6,137,-312,1037,5,-8,4
R,8320,6466,485.0,37,-193,902,17,-9,2
R,8359,6490,487.3,100,-212,996,-4,-5,10
R,8399,6539,489.7,117,-223,1011,-18,-15,7
R,8440,6483,492.1,159,-276,967,-16,-2,11
R,8479,6470,494.4,107,-317,961,3,1,4
R,8519,6455,496.7,124,-267,940,0,8,9
R,8560,6448,499.2,13,-135,919,30,2,4
R,8599,6413,501.4,154,-200,994,0,-15,0
R,8640,6439,503.8,81,-273,1017,13,0,3
R,8680,6486,506.2,127,-228,905,16,-1,0
R,8720,6537,508.6,114,-198,996,-4,5,5
R,8760,6552,511.0,22,-305,908,2,5,1
R,8799,6531,513.3,99,-161,944,-9,6,10
R,8839,6480,515.7,49,-287,1016,-1,-7,2
R,8890,6470,518.7,132,-304,951,14,-11,5
R,8920,6456,520.4,129,-210,980,8,-11,0
R,8959,6441,522.7,84,-350,951,3,-4,7
R,8999,6471,525.1,99,-178,1016,0,5,3
R,9039,6472,527.4,113,-268,977,-5,13,4
R,9079,6473,529.8,33,-245,1038,-3,9,4
R,9120,6475,532.2,89,-262,1010,-12,8,5
R,9160,6459,534.6,62,-244,1048,-7,11,0
R,9200,6456,536.9,108,-288,940,8,6,0
R,9240,6493,539.3,54,-216,1026,-5,10,-1
R,9279,6488,541.6,60,-305,984,0,4,-2
R,9319,6450,544.0,65,-277,998,-1,8,1
R,9367,6473,546.8,37,-219,1012,-1,7,-3
R,9399,6475,548.7,39,-234,974,-11,6,2
R,9439,6506,551.0,51,-234,1057,-7,-6,-5
R,9479,6480,553.4,61,-265,930,-22,1,0
R,9519,6503,555.8,15,-287,954,-7,-5,-7
R,9560,6519,558.2,52,-250,967,-23,-1,-3
R,9600,6525,560.6,64,-306,1002,0,-6,-6
R,9640,6486,562.9,53,-274,915,3,-3,-6
R,9684,6478,565.5,88,-255,985,17,-5,-7
R,9720,6485,567.7,50,-264,953,15,-2,-5
R,9760,6480,570.0,111,-218,963,0,0,-5
R,9799,6516,572.3,54,-261,962,1,7,0
R,9839,6537,574.7,59,-228,989,-4,5,-2
R,9889,6520,577.7,-7,-203,947,2,6,0
R,9919,6498,579.5,54,-288,1005,-8,-8,-6
R,9959,6464,581.8,113,-259,974,15,0,-3
R,9999,6476,584.2,106,-255,960,-2,1,-4
R,10039,6481,586.6,41,-218,1016,15,3,-5
R,10080,6497,589.0,87,-286,985,0,6,-3
R,10120,6471,591.4,95,-131,998,12,15,-1
R,10160,6492,593.7,6,-322,940,-10,6,3
R,10200,6528,596.1,108,-257,1034,2,10,-3
R,10240,6512,598.5,53,-318,914,9,15,1
R,10279,6518,600.8,40,-230,973,5,9,-1
R,10333,6519,604.0,19,-313,989,8,0,-5
R,10359,6529,605.5,97,-248,1002,14,2,-5
R,10399,6483,607.9,29,-264,951,7,9,0
R,10439,6514,610.3,73,-291,975,20,0,-6
R,10480,6550,612.7,105,-146,1028,17,3,-2
R,10519,6542,615.0,21,-312,983,-7,8,-1
R,10559,6515,617.4,66,-233,973,8,7,-2
R,10600,6499,619.9,35,-171,1034,5,4,0
R,10640,6507,622.2,39,-335,1035,-16,-4,-4
R,10680,6494,624.6,106,-382,856,11,-8,-5
R,10720,6509,627.0,29,-170,920,11,-3,-4
R,10759,6523,629.3,-10,-298,989,8,-12,-5
R,10799,6527,631.7,78,-208,959,2,-15,-9
R,10840,6488,634.1,12,-308,966,7,-16,-5
R,10889,6538,637.0,34,-283,987,0,-17,-5
R,10919,6539,638.8,117,-264,977,21,-16,-6
R,10959,6536,641.2,55,-139,963,22,-9,-3
R,10999,6525,643.5,146,-308,1011,-6,-15,-1
R,11039,6543,645.9,5,-268,913,-21,-7,1
R,11080,6528,648.4,138,-182,907,-1,0,1
R,11120,6506,650.7,27,-351,1071,-7,7,4
R,11162,6511,653.2,105,-148,967,0,10,-1
R,11200,6490,655.5,86,-203,1034,5,8,7
R,11240,6515,657.9,53,-335,1057,3,1,-13
R,11279,6587,660.2,125,-322,891,36,6,3
R,11320,6556,662.6,47,-31,1012,0,-2,-9
R,11367,6543,665.5,0,-401,933,29,1,-6
R,11399,6537,667.4,124,-161,1018,20,-3,-8
R,11440,6520,669.8,39,-295,867,3,8,2
R,11479,6524,672.1,52,-244,1008,0,-7,-2
R,11519,6533,674.5,79,-221,956,41,-11,-4
R,11560,6502,676.9,26,-282,916,-10,-11,-3
R,11600,6557,679.3,69,-202,904,7,-5,-5
R,11640,6567,681.7,114,-223,970,-2,-11,-7
R,11681,6565,684.2,52,-289,1017,12,-3,0
R,11720,6557,686.5,154,-232,987,7,3,-2
R,11759,6560,688.8,26,-250,884,32,9,1
R,11800,6540,691.3,64,-274,983,-27,9,4
R,11839,6519,693.6,57,-277,989,6,5,0
R,11889,6521,696.6,161,-244,937,-22,16,4
R,11920,6547,698.4,30,-292,1019,3,15,5
R,11959,6544,700.7,116,-269,999,16,9,-1
R,11999,6543,703.1,44,-231,963,-2,14,5
R,12041,6548,705.6,42,-306,1026,17,5,-8
R,12080,6563,708.0,124,-214,886,12,5,4
R,12120,6515,710.3,21,-212,1034,-6,10,-1
R,12161,6531,712.8,47,-380,910,11,12,2
R,12200,6587,715.1,76,-162,992,0,8,0
R,12239,6599,717.4,34,-309,907,0,6,2
R,12283,6616,720.1,44,-263,992,-2,-4,-2
R,12319,6542,722.3,47,-292,928,4,-1,-2
R,12359,6548,724.6,94,-223,1019,7,-11,-7
R,12400,6589,727.1,82,-297,932,9,0,-1
R,12440,6573,729.5,58,-303,1015,2,-4,-2
R,12479,6594,731.8,44,-223,962,14,8,0
R,12521,6564,734.4,-22,-258,884,-12,5,-1
R,12560,6569,736.7,101,-263,998,1,-8,-3
R,12599,6543,739.0,92,-266,1028,5,-19,-6
R,12639,6514,741.4,60,-248,1032,15,2,-2
R,12680,6549,743.8,40,-305,972,9,-7,-7
R,12719,6576,746.2,102,-230,904,-5,1,-1
R,12760,6609,748.6,-51,-196,921,14,-18,-5
R,12799,6560,751.0,153,-212,974,-10,-22,-8
R,12839,6594,753.4,-2,-358,949,-7,-14,-1
R,12890,6581,756.4,74,-248,937,11,-2,0
R,12932,6574,758.9,81,-186,1020,13,-2,-2
R,12960,6574,760.6,67,-200,972,-8,1,0
R,12999,6597,763.0,69,-265,1031,1,-4,7
R,13039,6597,765.4,54,-386,1050,-1,1,1
R,13080,6620,767.8,76,-253,953,21,-7,1
R,13119,6585,770.2,130,-171,992,-11,-7,1
R,13160,6551,772.6,66,-269,1056,22,-9,-1
R,13199,6525,775.0,77,-275,926,3,-11,0
R,13239,6563,777.4,119,-196,993,15,1,0
R,13280,6584,779.8,41,-297,949,1,-3,2
R,13319,6570,782.1,39,-210,975,17,-8,-1
R,13367,6586,785.0,36,-274,906,9,-7,-3
R,13399,6582,786.9,91,-222,1053,18,-12,0
R,13439,6584,789.3,69,-263,999,15,-14,-3
R,13480,6605,791.8,144,-253,1028,6,-6,0
R,13519,6604,794.2,23,-202,968,5,-1,-1
R,13579,6600,797.8,89,-236,943,-19,5,2
R,13601,6627,799.1,-31,-315,959,-8,-2,0
R,13641,6641,801.5,176,-215,1032,29,-20,-5
R,13681,6619,803.9,40,-287,1012,-47,15,5
R,13720,6593,806.3,148,-239,973,16,0,-4
R,13760,6559,808.7,75,-223,1011,23,9,2
R,13800,6528,811.1,153,-318,1020,5,18,-2
R,13841,6588,813.5,19,-249,884,10,18,5
R,13890,6560,816.4,92,-186,1008,0,-1,-13
R,13920,6613,818.2,90,-331,947,23,8,3
R,13960,6611,820.7,88,-144,1031,0,0,-7
R,14000,6631,823.1,62,-506,859,-50,4,3
R,14040,6597,825.5,55,-388,1054,11,8,-5
R,14081,6629,827.9,61,-238,1000,39,7,2
R,14120,6636,830.3,142,-178,1028,11,8,0
R,14160,6596,832.7,-20,-321,1015,21,7,-2
R,14200,6568,835.1,98,-293,971,0,3,-9
R,14240,6587,837.5,-70,-311,862,22,9,0
R,14280,6612,839.9,134,-253,1001,27,1,-9
R,14321,6615,842.4,-35,-217,1060,35,0,-2
R,14360,6605,844.7,160,-172,1067,6,-3,-10
R,14400,6600,847.1,111,-262,970,32,8,-1
R,14440,6666,849.6,46,-270,1051,-4,4,-6
R,14480,6659,852.0,26,-187,887,-7,4,-1
R,14521,6653,854.5,37,-212,1017,-8,2,-6
R,14560,6652,856.8,60,-305,921,5,-6,-3
R,14600,6674,859.3,87,-206,1010,-7,-5,-6
R,14640,6637,861.7,72,-321,949,3,4,-6
R,14680,6636,864.1,122,-242,932,19,3,-5
R,14720,6584,866.5,19,-185,991,-1,7,2
R,14760,6559,868.9,114,-225,1035,11,-4,-6
R,14800,6547,871.3,73,-333,936,-29,11,3
R,14840,6532,873.7,40,-286,1047,17,4,-2
R,14890,6573,876.7,48,-210,956,17,1,0
R,14920,6619,878.5,-39,-195,957,-1,-3,-7
R,14959,6614,880.8,45,-303,973,-14,-1,-2
R,15000,6639,883.3,53,-199,995,20,-21,-12
R,15040,6634,885.7,125,-220,913,-11,-13,-6
R,15080,6639,888.2,87,-337,1107,43,-16,-7
R,15120,6607,890.6,98,-152,961,24,3,0
R,15160,6590,893.0,106,-309,1036,-1,-2,6
R,15200,6598,895.4,-33,-280,945,13,-14,-6
R,15240,6595,897.8,105,-159,1032,0,-11,5
R,15280,6577,900.2,79,-175,1009,-19,-20,-7
R,15320,6582,902.6,0,-313,882,-39,-2,-3
R,15367,6585,905.4,53,-307,912,-1,-34,-14
R,15401,6623,907.4,204,-233,1069,9,-26,-5
R,15440,6632,909.8,98,-327,1010,12,-12,0
R,15481,6603,912.3,289,-48,953,8,35,0
R,15530,6670,915.2,71,-197,1113,99,-7,-1
R,15561,6666,917.1,139,-174,940,-18,39,23
R,15601,6676,919.6,165,-278,1100,-8,-1,5
R,15641,6681,922.0,-65,-345,1088,2,21,4
R,15680,6621,924.4,205,-297,862,-7,7,0
R,15720,6596,926.8,54,-250,994,-1,14,1
R,15760,6561,929.2,5,-397,947,85,-11,-1
R,15799,6555,931.5,206,-106,1040,-25,8,-8
R,15839,6611,933.9,84,-314,859,42,11,7
R,15890,6597,937.0,21,-272,976,16,23,12
R,15919,6588,938.7,95,-210,840,41,6,2
R,15959,6599,941.1,76,-251,989,-6,14,14
R,16000,6620,943.6,23,-198,855,26,-10,-1
R,16040,6602,946.0,47,-195,991,9,-19,0
R,16080,6613,948.4,70,-370,926,33,-22,-1
R,16120,6632,950.8,124,-217,1033,-21,0,0
R,16178,6634,954.3,116,-164,1126,19,8,8
R,16201,6567,955.7,50,-262,1035,-2,15,11
R,16241,6578,958.1,183,-199,1048,10,12,7
R,16281,6667,960.5,51,-284,992,6,-6,4
R,16321,6643,962.9,94,-249,1048,3,12,7
R,16361,6624,965.4,21,-267,1026,15,3,-1
R,16399,6610,967.6,132,-294,973,13,7,5
R,16440,6603,970.1,-3,-223,952,6,14,4
R,16480,6645,972.5,131,-168,1058,11,0,0
R,16520,6659,975.0,36,-334,966,1,10,8
R,16560,6612,977.4,88,-234,1014,1,7,0
R,16600,6645,979.8,126,-190,924,4,6,4
R,16640,6665,982.2,-35,-316,925,0,5,2
R,16680,6671,984.6,101,-263,938,9,9,2
R,16720,6695,987.1,31,-314,941,12,0,0
R,16760,6644,989.5,59,-185,929,9,10,1
R,16799,6631,991.9,14,-269,1049,14,7,1
R,16839,6606,994.3,89,-232,1015,19,0,-4
R,16890,6639,997.4,80,-177,1084,23,0,2
R,16919,6704,999.1,47,-155,973,2,0,-5
R,16960,6739,1001.6,55,-281,1006,0,1,2
R,17000,6652,1004.1,60,-232,1005,-1,12,0
R,17040,6564,1006.5,52,-239,1019,11,14,2
R,17080,6606,1008.9,10,-267,1002,-1,4,0
R,17119,6544,1011.2,50,-227,1059,4,1,-5
R,17159,6565,1013.6,10,-306,892,0,4,-4
R,17200,6543,1016.1,70,-201,964,4,4,-6
R,17239,6551,1018.4,46,-245,954,0,0,-6
R,17279,6618,1020.8,-63,-289,974,13,-4,-7
R,17320,6644,1023.3,64,-214,931,14,-4,-7
R,17367,6590,1026.1,68,-241,953,-9,-1,-1
R,17400,6629,1028.1,27,-186,965,10,-5,-5
R,17440,6645,1030.5,77,-245,964,-7,-4,-4
R,17480,6672,1032.9,15,-228,977,3,0,-4
R,17520,6657,1035.4,-20,-307,947,-13,-8,-3
R,17560,6604,1037.8,181,-264,916,1,-5,-10
R,17599,6560,1040.1,0,-276,996,11,-7,-3
R,17639,6546,1042.5,36,-194,978,5,0,-5
R,17680,6560,1045.0,39,-265,1008,5,-9,-8
R,17719,6575,1047.3,28,-287,970,9,-18,-6
R,17759,6566,1049.7,80,-253,937,-6,-1,0
R,17800,6601,1052.1,112,-159,1025,0,-5,-2
R,17839,6630,1054.5,39,-300,1044,0,3,6
R,17889,6600,1057.5,143,-279,853,-10,8,4
R,17920,6583,1059.4,153,-161,934,32,5,7
R,17960,6550,1061.8,-42,-315,999,-66,6,7
R,17999,6598,1064.1,155,-247,887,0,17,-1
R,18040,6608,1066.6,-46,-327,1006,8,-4,2
R,18080,6632,1069.0,53,-304,959,-5,0,0
R,18127,6606,1071.8,-7,-202,826,-43,-6,-4
R,18160,6621,1073.8,63,-270,999,18,-20,-7
R,18200,6603,1076.2,42,-407,1108,49,-15,0
R,18240,6552,1078.6,133,-229,945,25,-13,-3
R,18280,6600,1081.0,93,-135,1014,1,-11,4
R,18320,6602,1083.4,121,-279,1112,24,-15,0
R,18360,6570,1085.8,35,-113,857,-7,5,2
R,18400,6559,1088.2,61,-284,1029,-14,1,13
R,18440,6565,1090.6,80,-285,915,-28,-5,-5
R,18480,6598,1093.0,149,-176,1005,7,5,5
R,18521,6615,1095.5,42,-208,961,4,-6,0
R,18560,6630,1097.8,154,-302,1042,17,8,3
R,18600,6645,1100.3,72,-386,992,38,-2,2
R,18641,6640,1102.7,93,-174,936,21,21,5
R,18680,6623,1105.1,-17,-237,921,14,-2,2
R,18720,6597,1107.5,-13,-220,854,-7,4,-3
R,18776,6602,1110.9,45,-259,962,5,-3,-7
R,18800,6557,1112.3,131,-195,1114,10,-4,-4
R,18839,6567,1114.6,85,-270,960,-1,16,6
R,18889,6584,1117.6,34,-199,980,2,8,-2
R,18920,6545,1119.5,-3,-252,933,4,6,0
R,18960,6564,1121.9,58,-264,1066,-10,-3,-1
R,19000,6621,1124.3,80,-181,978,-2,-1,-3
R,19040,6615,1126.7,120,-246,1012,1,1,-2
R,19080,6600,1129.1,44,-271,946,-6,14,-2
R,19120,6600,1131.5,-4,-257,1001,8,7,-1
R,19160,6630,1133.9,100,-153,1020,26,-5,-2
R,19200,6618,1136.3,75,-260,979,-9,8,-2
R,19240,6625,1138.7,46,-231,997,12,8,-3
R,19279,6611,1141.1,47,-253,989,-10,14,-2
R,19319,6588,1143.5,70,-283,1023,4,-1,-5
R,19367,6570,1146.4,74,-260,941,-6,2,-2
R,19400,6544,1148.4,64,-250,971,4,7,-3
R,19440,6551,1150.7,25,-303,937,2,6,-1
R,19480,6558,1153.1,97,-219,992,4,9,-4
R,19520,6576,1155.5,35,-287,957,6,16,0
R,19560,6605,1157.9,72,-230,1005,8,2,-1
R,19600,6592,1160.3,10,-285,903,0,14,0
R,19639,6616,1162.7,67,-228,1006,11,0,-5
R,19679,6612,1165.1,61,-269,895,10,11,0
R,19720,6626,1167.6,79,-251,981,16,3,-2
R,19759,6606,1169.9,21,-231,952,12,6,0
R,19800,6591,1172.4,106,-160,1062,28,0,-2
R,19840,6565,1174.8,31,-214,868,7,6,-1
R,19890,6577,1177.8,20,-209,932,3,-9,-6
R,19920,6579,1179.6,132,-234,1024,2,-4,-1
R,19960,6554,1182.0,31,-283,971,5,-5,-4
R,20000,6562,1184.4,55,-187,933,5,-2,2
[dump] J60 t_ms=1061
[dump] J330 t_ms=5688 vcross_x100=6495 vtrap_x100=6426
[dump] J660 t_ms=11275 vcross_x100=6577 vtrap_x100=6518
[dump] FIN RUN #2 t60=1061 t330=5688 t660=11275 t1320=0
