[dump] === board=A46E9FDF948C fw=v7.9.00 -- 8 run(s) en flash ===
[dump] RUN #6 heure=15:05:56 src=SEUIL_GPS rollout_ms=0 unit=MICH_ dyn=8 rate_ms=40 gps=1 pre=15 imuf=2/7 ecu=HP statut=TERMINE
[dump] colonnes: R,elapsed_ms,kmh_x100,dist_ft,ax_mg,ay_mg,az_mg,gx_ds10,gy_ds10,gz_ds10
R,-587,13,0.0,64,-38,1005,6,-5,0
R,-560,19,0.0,65,-35,1003,6,-6,1
R,-519,27,0.0,64,-36,1005,6,-6,1
R,-480,17,0.0,68,-35,1004,5,-5,1
R,-440,8,0.0,68,-34,1004,5,-6,1
R,-400,4,0.0,71,-37,1005,5,-6,0
R,-360,12,0.0,74,-36,1006,6,-7,1
R,-319,25,0.0,73,-41,1005,4,-5,1
R,-280,10,0.0,71,-45,999,3,-3,0
R,-227,11,0.0,66,-62,1003,-1,-3,1
R,-201,7,0.0,67,-98,1014,-9,-1,2
R,-160,5,0.0,86,-159,1012,-22,8,-5
R,-116,28,0.0,61,-349,1047,-93,19,-26
R,-80,39,0.0,68,-393,1046,-19,-4,1
R,-40,84,0.0,68,-469,1037,-76,14,-4
R,60,205,0.1,50,-525,972,-168,21,223
R,81,313,0.1,47,-504,957,-215,22,280
R,122,415,0.3,-20,-781,954,-121,67,802
R,163,507,0.5,-44,-626,913,265,0,1173
R,203,586,0.7,0,-373,768,-338,119,812
R,243,689,0.9,31,-451,862,-389,95,452
R,281,841,1.2,-20,-322,527,-963,-36,-11
R,321,956,1.5,-55,-465,796,-691,598,-233
R,361,1072,1.8,-58,-671,1018,113,747,-687
R,401,1171,2.3,350,-1396,775,-509,589,-3003
R,443,1325,2.7,225,-1590,822,-1058,1120,-4774
R,486,1393,3.3,443,-1240,691,-259,637,-4441
R,524,1409,3.8,668,-1027,644,-602,421,-2240
R,567,1276,4.3,584,-732,612,107,261,-1588
R,602,1243,4.7,1702,-1158,727,683,-2,205
R,644,1211,5.1,804,-522,916,904,-19,-16
R,682,1039,5.5,757,-622,847,-255,-10,4
R,720,760,5.9,717,-656,745,31,1,6
R,771,805,6.2,717,-634,732,2,-7,8
R,799,849,6.4,693,-604,745,80,-3,9
R,840,1060,6.8,669,-584,754,304,-7,3
R,885,1187,7.2,733,-660,789,-188,-11,1
R,920,1364,7.6,661,-614,804,181,-1,2
R,960,1701,8.2,634,-573,764,38,-2,-6
R,1000,2247,8.9,603,-631,823,-10,3,-7
R,1040,2436,9.8,688,-671,779,18,-1,-36
R,1080,2547,10.7,693,-639,907,99,-4,-14
R,1119,2749,11.6,605,-610,812,-77,0,-6
R,1160,2857,12.7,733,-661,791,116,4,-18
R,1200,2913,13.7,651,-586,925,93,-10,0
R,1240,3000,14.8,676,-580,781,-21,-1,0
R,1279,3103,15.9,650,-524,950,82,3,-4
R,1319,3134,17.0,670,-524,797,-93,-1,0
R,1361,3222,18.2,813,-633,854,79,-15,-28
R,1400,3353,19.4,682,-487,931,57,-12,34
R,1440,3482,20.7,711,-537,764,-18,-48,-16
R,1479,3634,21.9,748,-507,923,182,-58,1
R,1520,3780,23.3,662,-531,806,-132,-51,52
R,1560,3873,24.7,740,-528,825,160,-52,3
R,1600,3928,26.1,719,-427,900,-26,-37,44
R,1640,4015,27.6,766,-559,817,18,-26,44
R,1680,4096,29.1,801,-377,900,28,-8,18
R,1720,4233,30.6,728,-515,790,-49,-16,62
R,1773,4337,32.6,694,-515,897,28,-16,35
R,1800,4433,33.7,782,-514,831,-43,-14,51
R,1840,4540,35.4,717,-490,879,75,0,23
R,1883,4626,37.2,753,-487,792,-41,7,38
R,1920,4735,38.7,674,-542,811,12,-15,31
R,1960,4801,40.5,671,-528,821,-21,-4,23
R,2010,4899,42.7,645,-537,785,-13,4,7
R,2041,4987,44.1,620,-598,845,17,0,3
R,2079,5129,45.8,644,-629,840,-31,4,5
R,2119,5267,47.7,604,-590,822,15,7,-8
R,2160,5378,49.7,627,-612,837,-20,14,-15
R,2200,5469,51.7,566,-603,824,30,-1,-1
R,2239,5523,53.6,608,-616,830,7,-7,-18
R,2279,5585,55.7,553,-566,816,30,-7,-3
R,2321,5653,57.8,595,-625,786,2,-9,-6
R,2360,5721,59.8,614,-549,848,77,-9,-16
R,2400,5813,61.9,581,-548,891,4,-21,-10
R,2440,5900,64.1,630,-506,914,71,-4,-15
R,2480,6022,66.2,606,-501,912,-17,-12,-11
R,2520,6106,68.5,608,-487,841,-4,-18,0
R,2567,6160,71.1,591,-459,878,25,-22,0
R,2601,6216,73.0,652,-467,872,0,-16,3
R,2659,6270,76.3,651,-452,868,-1,2,15
R,2680,6373,77.5,606,-436,889,30,7,22
R,2720,6468,79.9,643,-421,850,-22,19,17
R,2772,6576,82.9,595,-445,813,-1,19,24
R,2800,6649,84.6,616,-343,810,5,27,15
R,2841,6726,87.1,560,-495,842,16,9,42
R,2882,6789,89.7,516,-375,816,-13,15,0
R,2922,6819,92.1,543,-531,768,-28,13,35
R,2961,6874,94.6,476,-453,925,73,10,-12
R,3000,6963,97.0,528,-512,759,-132,15,7
R,3041,7043,99.6,419,-567,945,119,-1,-5
R,3081,7086,102.2,492,-526,799,-167,22,-27
R,3120,7144,104.7,412,-635,883,127,-11,12
R,3161,7224,107.4,490,-546,913,-85,21,-47
R,3201,7347,110.1,424,-612,913,49,-4,8
R,3240,7393,112.7,469,-599,898,-13,-2,-37
R,3278,7446,115.3,452,-572,968,71,0,-11
R,3320,7501,118.1,443,-607,851,-35,-13,-13
R,3360,7534,120.9,482,-495,935,82,-8,-34
R,3400,7647,123.6,447,-545,847,-48,-16,-8
R,3441,7719,126.5,502,-461,891,88,-11,-22
R,3480,7780,129.3,491,-490,879,-35,-16,-8
R,3520,7835,132.1,483,-445,845,57,-9,2
R,3561,7882,135.1,503,-449,877,-4,-13,-3
R,3600,7936,137.9,494,-428,881,17,-5,5
R,3640,8031,140.8,488,-386,880,4,-8,3
R,3681,8102,143.8,495,-457,882,-4,-15,1
R,3720,8122,146.7,505,-380,923,-6,-12,0
R,3772,8198,150.5,482,-416,903,-17,-3,4
R,3800,8236,152.6,533,-397,934,13,-5,0
R,3840,8307,155.6,474,-447,934,-20,-4,5
R,3882,8386,158.8,475,-423,931,7,2,15
R,3920,8438,161.8,516,-408,971,0,12,3
R,3960,8506,164.8,420,-483,928,-1,-8,11
R,4000,8554,168.0,501,-346,825,-55,-4,-15
R,4040,8589,171.1,447,-510,882,123,-11,29
R,4080,8654,174.2,543,-274,960,-45,12,-25
R,4120,8755,177.4,410,-439,895,8,17,33
R,4161,8806,180.7,503,-314,855,-32,13,-7
R,4199,8837,183.7,416,-404,761,-13,-17,46
R,4240,8924,187.0,452,-413,915,85,-4,-13
R,4280,8936,190.3,504,-256,804,-138,4,-17
R,4321,8971,193.7,366,-594,840,177,-7,82
R,4360,9009,196.8,427,-274,901,-34,22,-23
R,4400,9059,200.1,444,-604,838,71,-1,61
R,4440,9165,203.5,302,-384,823,-64,15,-41
R,4480,9207,206.8,414,-441,812,10,-11,68
R,4520,9268,210.2,261,-635,957,188,-7,-98
R,4567,9316,214.2,543,-280,949,2,12,-68
R,4609,9344,217.7,269,-557,891,-75,-18,81
R,4641,9403,220.5,487,-406,914,84,-15,-7
R,4681,9469,223.9,316,-570,1004,-18,-47,9
R,4720,9469,227.3,427,-380,1032,67,-8,-64
R,4774,9527,231.9,472,-454,965,-47,-21,21
R,4801,9654,234.3,396,-462,1001,74,-12,-26
R,4841,9683,237.8,418,-360,977,-32,-10,-9
R,4882,9720,241.5,367,-484,973,41,-12,15
R,4920,9731,244.8,432,-320,922,-49,-1,-35
R,4960,9788,248.4,360,-466,933,45,-29,49
R,5000,9780,251.9,418,-319,911,-35,-5,-57
R,5040,9850,255.5,383,-409,906,37,-21,37
R,5081,9902,259.2,406,-395,920,-36,-11,-25
R,5121,9989,262.8,427,-326,875,-6,8,-7
R,5161,10052,266.5,386,-431,893,-7,-6,21
R,5201,10079,270.2,405,-354,864,-22,15,-16
R,5258,10098,275.4,419,-323,839,-21,22,-29
R,5281,10124,277.5,369,-427,845,-17,12,-12
R,5321,10169,281.2,409,-325,860,37,9,6
R,5361,10253,284.9,314,-450,890,-3,-1,2
R,5401,10327,288.7,406,-343,876,38,8,-10
R,5441,10368,292.5,334,-446,910,2,-17,16
R,5481,10398,296.2,401,-341,894,19,12,-31
R,5521,10412,300.0,343,-406,1000,11,-6,25
R,5561,10475,303.8,386,-419,911,-30,15,5
R,5601,10525,307.7,345,-403,944,-6,-5,-7
R,5641,10576,311.5,392,-339,934,-1,13,7
R,5680,10617,315.3,318,-478,952,-14,-4,10
R,5720,10661,319.2,387,-364,885,21,5,-21
R,5774,10683,324.4,312,-435,929,11,-18,20
R,5801,10716,327.1,380,-381,839,-27,1,-30
R,5841,10746,331.0,330,-413,861,57,-11,18
R,5883,10791,335.1,306,-448,887,2,-9,-14
R,5920,10854,338.7,344,-371,845,23,-3,-1
R,5960,10931,342.7,264,-425,893,1,-18,-32
R,6000,10943,346.7,381,-348,865,-21,-12,-10
R,6041,10986,350.8,250,-528,943,62,-33,21
R,6080,11009,354.7,403,-320,944,-25,0,-95
R,6120,11034,358.7,318,-485,968,43,-17,75
R,6160,11127,362.8,358,-395,966,-19,17,-56
R,6200,11183,366.8,344,-383,906,25,3,28
R,6240,11232,370.9,320,-449,949,-1,11,-14
R,6281,11235,375.1,378,-337,860,5,13,-11
R,6320,11272,379.1,270,-417,878,13,-11,16
R,6360,11322,383.2,354,-334,875,7,9,-31
R,6400,11342,387.4,323,-387,882,7,-23,13
R,6440,11403,391.5,321,-358,855,-8,-3,-8
R,6480,11445,395.7,361,-357,880,5,-7,5
R,6521,11476,399.9,307,-391,856,-7,-6,-7
R,6564,11517,404.5,359,-329,884,26,-1,0
R,6601,11554,408.3,345,-423,974,29,-9,2
R,6641,11584,412.6,336,-296,880,-68,-10,-25
R,6681,11672,416.8,288,-366,933,91,-7,30
R,6720,11709,421.0,413,-405,1063,14,-2,0
R,6774,11713,426.7,347,-387,913,-7,-6,-10
R,6802,11750,429.7,281,-426,873,-5,-13,21
R,6841,11728,433.9,395,-358,974,71,-8,-22
R,6883,11786,438.4,349,-296,886,-16,-7,0
R,6921,11856,442.5,299,-365,931,26,3,2
R,6960,11906,446.7,398,-281,874,-10,-5,-7
R,7001,11961,451.2,289,-361,932,32,-24,10
R,7041,11987,455.5,380,-282,891,-38,-7,-15
R,7080,11977,459.8,345,-345,880,3,-11,22
R,7121,12035,464.3,385,-301,974,-9,-2,-2
R,7160,12101,468.6,351,-360,896,-39,-5,28
R,7208,12156,473.9,315,-314,974,-3,-8,-4
R,7241,12160,477.5,393,-387,1018,-9,-2,35
R,7281,12175,482.0,276,-353,947,-44,-17,-7
R,7321,12212,486.4,408,-333,896,41,-4,11
R,7361,12257,490.9,345,-456,1154,91,-25,2
R,7401,12316,495.3,276,-253,836,-75,-8,-22
R,7441,12331,499.8,347,-401,966,118,-12,30
R,7481,12362,504.3,382,-322,1064,-38,-3,-42
R,7522,12400,509.0,323,-273,833,-36,11,40
R,7561,12444,513.4,262,-354,967,43,-14,-24
R,7601,12490,517.9,443,-263,882,-28,-2,-8
R,7640,12487,522.4,227,-347,932,14,-31,21
R,7682,12529,527.1,366,-267,958,33,-11,-24
R,7721,12576,531.6,341,-357,939,-56,-29,36
R,7773,12618,537.6,276,-414,1046,41,-32,7
R,7800,12637,540.7,363,-342,964,-50,-17,3
R,7857,12666,547.3,315,-424,966,69,-10,64
R,7883,12709,550.3,367,-326,921,0,8,11
R,7920,12754,554.6,284,-347,862,19,11,-5
R,7961,12832,559.3,350,-208,807,16,19,-12
R,8000,12842,563.9,257,-327,814,16,0,29
R,8040,12872,568.6,342,-210,813,21,16,-36
R,8080,12875,573.3,277,-344,895,26,-22,52
R,8120,12907,578.0,325,-233,915,8,13,-38
R,8160,12963,582.7,330,-321,979,-14,-10,36
R,8201,13013,587.5,330,-342,984,-11,11,-4
R,8241,13017,592.3,356,-280,1049,-17,10,12
R,8281,13074,597.0,261,-388,969,-39,13,13
R,8321,13125,601.8,366,-250,1067,74,23,26
R,8360,13127,606.5,132,-445,889,-124,3,24
R,8400,13130,611.3,417,-339,1118,336,-32,69
R,8441,13122,616.2,65,-342,942,-220,6,-134
R,8481,13199,621.0,380,-354,967,40,-191,140
R,8520,13215,625.7,170,-369,1098,81,-16,-53
R,8561,13323,630.6,399,-240,798,-185,-23,-133
R,8600,13340,635.4,80,-484,957,237,-24,-20
R,8639,13345,640.1,265,-157,966,14,35,-88
R,8680,13349,645.1,325,-387,737,-169,-42,99
R,8720,13361,650.0,245,-358,1085,215,-49,-40
R,8773,13383,656.4,406,-222,852,-189,9,-53
R,8800,13487,659.7,172,-372,1013,166,-30,-28
R,8840,13520,664.6,406,-273,945,-32,9,1
R,8882,13516,669.8,233,-394,927,-1,-3,37
R,8920,13529,674.5,268,-314,984,47,6,-24
R,8960,13539,679.4,331,-318,964,7,4,17
R,9002,13575,684.6,243,-398,981,49,-13,13
R,9041,13612,689.5,336,-201,951,-27,13,-42
R,9081,13662,694.4,259,-376,962,0,-16,57
R,9120,13677,699.3,321,-203,928,15,2,-63
R,9160,13698,704.3,259,-318,898,-53,-13,55
R,9201,13760,709.4,284,-284,948,33,10,-32
R,9240,13764,714.3,389,-232,826,-62,-2,10
R,9280,13798,719.3,173,-301,964,79,-25,7
R,9321,13791,724.5,427,-285,864,-49,-13,-9
R,9361,13852,729.5,231,-279,1050,77,-30,7
R,9400,13913,734.4,366,-335,900,-98,-8,-14
R,9441,13937,739.7,306,-192,1085,78,19,33
R,9480,13938,744.6,333,-360,890,-169,11,6
R,9521,13977,749.8,317,-192,933,17,41,11
R,9561,14025,754.9,319,-298,909,-89,14,36
R,9600,14037,759.9,287,-272,899,25,14,-4
R,9640,14079,765.0,349,-203,833,-50,6,8
R,9682,14078,770.4,194,-313,931,50,-7,28
R,9721,14063,775.4,424,-196,862,-3,14,-49
R,9774,14115,782.2,364,-310,847,13,-19,42
R,9804,14168,786.1,207,-277,907,51,-11,-14
R,9841,14203,790.9,300,-292,858,-3,-18,24
R,9883,14239,796.3,278,-345,919,92,-26,-3
R,9920,14260,801.1,257,-226,951,-6,-8,-16
R,9963,14274,806.7,297,-387,957,51,-13,25
R,10000,14300,811.5,290,-257,1060,36,-3,-31
R,10041,14358,816.9,304,-324,983,-5,8,30
R,10080,14347,822.0,229,-337,1084,-18,7,-11
R,10120,14392,827.2,339,-295,1034,43,2,13
R,10160,14397,832.5,201,-362,1064,25,-25,8
R,10201,14417,837.9,316,-284,1147,70,-7,-29
R,10241,14484,843.1,228,-377,1032,-74,-35,41
R,10281,14504,848.4,350,-263,1076,119,2,-42
R,10321,14515,853.7,268,-290,1039,-110,-22,13
R,10360,14539,858.9,241,-223,909,100,7,-2
R,10400,14559,864.2,275,-306,947,-57,-25,2
R,10453,14600,871.2,211,-331,924,66,-34,9
R,10480,14614,874.8,249,-343,930,-7,-31,35
R,10520,14620,880.1,332,-247,885,4,-5,-56
R,10569,14611,886.7,358,-223,827,-11,17,-10
R,10600,14665,890.8,261,-257,837,4,24,-14
R,10641,14685,896.3,274,-238,734,-32,18,23
R,10681,14760,901.6,236,-265,792,14,24,0
R,10721,14784,907.0,278,-283,756,-47,18,1
R,10774,14781,914.2,247,-314,816,35,5,10
R,10801,14847,917.8,288,-273,807,-38,24,-4
R,10841,14902,923.2,215,-325,859,33,-4,17
R,10884,14870,929.1,251,-261,894,53,6,-12
R,10920,14852,933.9,218,-351,939,20,-1,7
R,10960,14914,939.4,263,-327,993,60,-4,-8
R,11000,14970,944.8,275,-259,968,-16,27,3
R,11041,15026,950.4,129,-460,1103,136,-34,35
R,11100,15034,958.5,127,-334,1165,234,-50,-94
R,11119,15002,961.1,74,-370,1266,252,-93,-75
R,11160,15030,966.7,521,-427,1038,-157,-27,70
R,11202,15084,972.5,10,-349,1285,149,-89,-5
R,11240,15102,977.7,535,-367,1100,-188,21,-56
R,11280,15112,983.2,122,-252,1109,75,-23,27
R,11320,15146,988.7,296,-288,928,-149,28,-26
R,11360,15193,994.3,252,-222,884,-12,13,11
R,11401,15237,999.9,189,-332,814,-40,-31,1
R,11440,15228,1005.4,263,-228,811,-21,-8,-33
R,11481,15234,1011.0,219,-342,846,-30,-38,35
R,11520,15192,1016.5,280,-263,862,40,-11,-40
R,11560,15233,1022.0,244,-302,835,-37,-10,12
R,11600,15287,1027.6,258,-311,811,12,-1,-4
R,11640,15362,1033.2,197,-282,907,17,11,0
R,11680,15401,1038.8,259,-362,818,-41,1,0
R,11721,15420,1044.5,197,-331,956,94,-9,2
R,11773,15461,1051.8,268,-258,944,60,19,-32
R,11801,15508,1055.8,167,-304,1016,36,6,9
R,11843,15492,1061.7,304,-337,951,5,21,-14
R,11883,15468,1067.4,173,-290,1015,53,-9,5
R,11921,15474,1072.7,200,-309,951,18,11,4
R,11961,15530,1078.4,271,-305,1039,5,2,-5
R,12000,15561,1083.9,226,-327,1006,20,-26,-1
R,12040,15579,1089.6,221,-258,1036,-6,-9,-2
R,12080,15566,1095.2,274,-397,1041,-29,-25,0
R,12120,15580,1100.9,241,-291,1006,17,-30,-7
R,12160,15629,1106.6,213,-331,970,16,-14,9
R,12201,15669,1112.5,287,-303,937,16,-12,-5
R,12240,15704,1118.0,223,-231,942,40,-5,-3
R,12280,15722,1123.8,173,-291,874,8,-10,11
R,12321,15703,1129.6,291,-172,968,8,-2,-23
R,12360,15718,1135.2,157,-376,848,-65,-23,47
R,12402,15758,1141.2,259,-243,1007,118,14,-50
R,12440,15754,1146.7,166,-241,1056,-17,-31,-11
R,12480,15763,1152.4,209,-467,852,72,-57,3
R,12519,15823,1158.1,221,-201,1200,152,36,-1
R,12560,15882,1164.0,242,-441,1016,-96,-18,-18
R,12600,15895,1169.8,268,-179,1213,140,41,-2
R,12640,15938,1175.6,319,-408,1083,-85,17,25
R,12681,15942,1181.5,181,-189,1045,-30,52,-25
R,12720,15905,1187.2,263,-395,1039,-27,-1,52
R,12773,15930,1194.9,153,-300,1013,8,5,-13
R,12801,15934,1198.9,271,-291,957,-14,-19,32
R,12840,15936,1204.6,165,-299,972,28,-24,0
R,12882,15976,1210.7,231,-191,941,-29,-28,-11
R,12920,16035,1216.3,243,-407,990,32,-51,36
R,12960,16033,1222.1,263,-137,965,-21,-22,-56
R,13000,16014,1227.9,208,-284,988,44,-33,49
R,13051,16021,1235.4,239,-227,977,-9,0,8
R,13080,16034,1239.6,227,-211,892,-16,-12,12
R,13120,16093,1245.5,240,-240,885,-8,26,19
R,13160,16164,1251.4,285,-177,834,-61,13,-13
R,13200,16157,1257.3,250,-170,832,0,2,18
R,13239,16167,1263.0,145,-255,871,-18,-8,12
R,13279,16155,1268.9,360,-223,919,65,8,-4
R,13320,16206,1274.9,104,-280,855,-60,-34,-16
R,13361,16229,1281.0,273,-142,898,47,40,-32
R,13400,16221,1286.8,160,-310,895,37,-12,-38
R,13440,16252,1292.7,334,-203,799,25,9,-3
R,13481,16257,1298.8,124,-165,750,-74,2,30
R,13519,16290,1304.4,262,-261,796,82,22,5
R,13560,16305,1310.5,227,-140,651,-139,23,-19
R,13600,16339,1316.4,152,-289,879,257,-35,41
R,13640,16349,1322.4,223,-192,863,-32,12,-30
[dump] J60 t_ms=2123
[dump] J330 t_ms=5582 vcross_x100=10746 vtrap_x100=10405
[dump] J660 t_ms=8551 vcross_x100=13496 vtrap_x100=13264
[dump] J1320 t_ms=13372 vcross_x100=16347 vtrap_x100=16238
[dump] FIN RUN #6 t60=2123 t330=5582 t660=8551 t1320=13372
