[dump] RUN #1 heure=19:01:12 src=SEUIL_GPS rollout_ms=0 unit=00002 dyn=4 rate_ms=40 gps=1 pre=15 imuf=2/7 ecu=HP statut=TERMINE
[dump] colonnes: R,elapsed_ms,kmh_x100,dist_ft,ax_mg,ay_mg,az_mg,gx_ds10,gy_ds10,gz_ds10
R,-614,40,0.0,45,39,1042,0,0,-2
R,-574,40,0.0,46,39,1041,0,0,-2
R,-533,40,0.0,46,39,1041,0,0,-2
R,-493,40,0.0,46,39,1042,0,0,-2
R,-453,40,0.0,46,39,1041,0,0,-2
R,-404,40,0.0,46,39,1041,0,0,-1
R,-363,40,0.0,45,40,1041,0,0,-2
R,-323,40,0.0,46,39,1042,0,0,-2
R,-282,40,0.0,46,39,1041,0,0,-2
R,-242,40,0.0,47,39,1040,0,0,-2
R,-202,40,0.0,45,38,1043,0,0,-1
R,-162,40,0.0,45,38,1041,0,0,-2
R,-122,40,0.0,47,39,1040,0,0,-2
R,-81,40,0.0,45,38,1040,0,0,-1
R,-41,40,0.0,46,40,1042,0,0,-2
R,51,386,0.1,45,39,1040,0,0,-2
R,91,553,0.3,46,39,1040,0,0,-2
R,131,719,0.5,47,38,1043,0,0,-2
R,171,885,0.8,47,38,1042,0,0,-2
R,211,1052,1.2,46,39,1040,0,0,-2
R,251,1218,1.6,46,39,1040,0,0,-2
R,291,1385,2.1,47,39,1043,0,0,-2
R,330,1551,2.6,46,38,1042,0,0,-2
R,371,1717,3.2,46,40,1040,0,0,-2
R,411,1884,3.9,46,39,1042,0,0,-2
R,451,2050,4.6,46,39,1042,0,0,-2
R,491,2210,5.3,46,39,1042,0,0,-2
R,531,2314,6.2,46,39,1041,0,0,-2
R,571,2418,7.0,47,39,1042,0,0,-1
R,611,2522,7.9,46,39,1041,0,0,-2
R,650,2626,8.9,47,38,1041,0,0,-2
R,691,2730,9.9,45,39,1039,0,0,-2
R,731,2834,10.9,46,39,1042,0,0,-2
R,771,2938,11.9,46,40,1042,0,0,-1
R,811,3042,13.0,46,39,1041,0,0,-2
R,851,3146,14.1,46,39,1040,0,0,-2
R,891,3250,15.3,46,38,1041,0,0,-2
R,931,3354,16.5,46,38,1042,0,0,-2
R,971,3458,17.7,46,39,1041,0,0,-2
R,1011,3531,19.0,46,39,1041,0,0,-2
R,1051,3583,20.3,46,39,1040,0,0,-2
R,1090,3635,21.6,46,39,1042,0,0,-2
R,1131,3687,23.0,46,40,1041,0,0,-2
R,1171,3739,24.3,46,38,1040,0,0,-2
R,1211,3791,25.7,46,39,1041,0,0,-1
R,1251,3843,27.1,46,38,1043,0,0,-2
R,1291,3895,28.5,47,39,1042,0,0,-2
R,1331,3947,29.9,46,39,1039,0,0,-2
R,1371,3999,31.4,46,39,1041,0,0,-2
R,1411,4051,32.8,46,40,1042,0,0,-2
R,1451,4103,34.3,46,39,1042,0,0,-2
R,1491,4155,35.8,45,40,1041,0,0,-2
R,1531,4207,37.4,46,40,1040,0,0,-2
R,1570,4259,38.9,47,40,1042,0,0,-2
R,1611,4311,40.5,46,38,1042,0,0,-2
R,1651,4363,42.0,45,39,1041,0,0,-1
R,1691,4415,43.6,46,39,1041,0,0,-2
R,1731,4467,45.3,46,40,1042,0,0,-1
R,1770,4519,46.9,46,39,1041,0,0,-1
R,1811,4571,48.6,46,39,1042,0,0,-2
R,1851,4623,50.2,46,39,1042,0,0,-2
R,1890,4675,51.9,46,39,1042,0,0,-2
R,1931,4727,53.6,47,39,1041,0,0,-1
R,1971,4779,55.4,45,39,1041,0,0,-2
R,2010,4859,57.1,46,39,1040,0,0,-2
R,2051,4958,58.9,46,39,1043,0,0,-2
R,2090,5057,60.7,47,39,1041,0,0,-1
R,2131,5155,62.6,46,40,1041,0,0,-2
R,2171,5254,64.5,46,39,1042,0,0,-2
R,2211,5353,66.4,46,38,1042,0,0,-2
R,2251,5451,68.4,45,38,1041,0,0,-1
R,2291,5550,70.4,46,39,1040,0,0,-1
R,2331,5649,72.5,46,39,1042,0,0,-2
R,2371,5747,74.5,46,39,1043,0,0,-2
R,2411,5846,76.6,46,38,1041,0,0,-2
R,2451,5945,78.8,45,39,1040,0,0,-2
R,2491,6043,81.0,46,39,1041,0,0,-2
R,2531,6142,83.2,46,40,1042,0,0,-2
R,2571,6241,85.5,46,39,1040,0,0,-2
R,2611,6339,87.8,45,38,1041,0,0,-2
R,2651,6438,90.1,44,39,1041,0,0,-1
R,2691,6537,92.4,46,39,1042,0,0,-2
R,2731,6635,94.8,47,38,1041,0,0,-2
R,2771,6734,97.3,46,40,1041,0,0,-1
R,2811,6833,99.8,47,39,1041,0,0,-2
R,2851,6931,102.3,45,39,1042,0,0,-2
R,2891,7030,104.8,46,39,1040,0,0,-2
R,2931,7129,107.4,47,38,1041,0,0,-1
R,2971,7227,110.0,46,38,1041,0,0,-2
R,3011,7326,112.7,46,39,1040,0,0,-2
R,3051,7425,115.3,46,39,1041,0,0,-2
R,3091,7523,118.1,45,39,1039,0,0,-2
R,3131,7622,120.8,46,39,1042,0,0,-2
R,3171,7721,123.6,45,39,1041,0,0,-1
R,3211,7819,126.5,46,39,1040,0,0,-1
R,3250,7918,129.3,46,39,1041,0,0,-1
R,3291,8017,132.2,46,39,1041,0,0,-2
R,3331,8115,135.2,47,39,1042,0,0,-2
R,3371,8214,138.2,47,40,1040,0,0,-2
R,3411,8313,141.2,46,39,1041,0,0,-2
R,3451,8411,144.2,46,39,1042,0,0,-1
R,3491,8504,147.3,45,39,1041,0,0,-2
R,3531,8549,150.4,46,38,1040,0,0,-2
R,3571,8594,153.5,46,39,1041,0,0,-1
R,3610,8639,156.6,47,40,1041,0,0,-2
R,3651,8684,159.8,47,38,1041,0,0,-2
R,3691,8729,163.0,47,38,1041,0,0,-2
R,3731,8774,166.2,47,39,1040,0,0,-2
R,3771,8819,169.4,46,39,1041,0,0,-2
R,3811,8864,172.6,46,39,1041,0,0,-2
R,3851,8909,175.9,46,40,1040,0,0,-2
R,3891,8953,179.1,46,39,1042,0,0,-2
R,3931,8998,182.4,46,39,1042,0,0,-2
R,3971,9043,185.7,46,40,1040,0,0,-2
R,4011,9088,189.0,46,40,1040,0,0,-2
R,4051,9133,192.3,46,39,1041,0,0,-2
R,4091,9178,195.6,46,38,1041,0,0,-2
R,4131,9223,199.0,46,38,1040,0,0,-1
R,4171,9268,202.4,46,39,1040,0,0,-2
R,4211,9313,205.8,45,39,1043,0,0,-1
R,4251,9358,209.2,45,39,1040,0,0,-2
R,4291,9402,212.6,46,39,1041,0,0,-1
R,4331,9447,216.0,46,40,1042,0,0,-2
R,4371,9492,219.5,46,40,1042,0,0,-2
R,4411,9537,222.9,45,39,1040,0,0,-2
R,4451,9582,226.4,46,39,1040,0,0,-2
R,4491,9627,229.9,46,38,1042,0,0,-2
R,4531,9672,233.4,46,39,1043,0,0,-2
R,4570,9717,236.9,46,39,1040,0,0,-2
R,4611,9762,240.5,46,38,1040,0,0,-1
R,4651,9807,244.1,46,39,1042,0,0,-2
R,4690,9851,247.6,47,39,1041,0,0,-1
R,4731,9896,251.3,46,38,1040,0,0,-1
R,4771,9941,254.9,45,39,1039,0,0,-1
R,4811,9986,258.5,46,39,1042,0,0,-2
R,4851,10031,262.2,46,39,1041,0,0,-1
R,4891,10076,265.8,46,39,1040,0,0,-2
R,4931,10121,269.5,46,40,1040,0,0,-2
R,4971,10166,273.2,46,39,1042,0,0,-2
R,5011,10211,276.9,47,39,1042,0,0,-2
R,5051,10256,280.7,46,39,1040,0,0,-2
R,5091,10300,284.4,46,40,1040,0,0,-2
R,5131,10345,288.2,47,39,1040,0,0,-2
R,5171,10390,291.9,46,39,1041,0,0,-2
R,5211,10435,295.7,47,39,1041,0,0,-2
R,5251,10480,299.5,46,38,1041,0,0,-2
R,5290,10525,303.3,46,40,1041,0,0,-1
R,5331,10570,307.2,46,40,1041,0,0,-2
R,5371,10615,311.1,46,39,1041,0,0,-1
R,5411,10660,315.0,47,39,1041,0,0,-2
R,5451,10704,318.9,46,40,1040,0,0,-1
R,5490,10739,322.7,46,39,1040,0,0,-2
R,5531,10774,326.7,46,39,1042,0,0,-2
R,5571,10810,330.6,46,39,1041,0,0,-2
R,5610,10845,334.5,46,39,1040,0,0,-1
R,5651,10880,338.5,46,39,1040,0,0,-2
R,5691,10916,342.5,47,39,1043,0,0,-2
R,5730,10951,346.4,46,39,1040,0,0,-2
R,5771,10986,350.5,46,39,1041,0,0,-2
R,5810,11022,354.4,47,39,1040,0,0,-2
R,5850,11057,358.4,46,40,1041,0,0,-2
R,5891,11092,362.6,46,39,1040,0,0,-2
R,5931,11128,366.6,46,38,1040,0,0,-1
R,5971,11163,370.7,46,39,1041,0,0,-2
R,6011,11198,374.7,46,38,1041,0,0,-1
R,6051,11234,378.8,46,39,1041,0,0,-2
R,6091,11269,382.9,46,38,1041,0,0,-2
R,6131,11304,387.1,46,38,1041,0,0,-2
R,6171,11340,391.2,47,38,1040,0,0,-2
R,6211,11375,395.3,46,39,1041,0,0,-2
R,6251,11411,399.5,46,39,1042,0,0,-2
R,6291,11446,403.6,46,39,1042,0,0,-2
R,6331,11481,407.8,46,40,1040,0,0,-1
R,6371,11517,412.0,46,38,1040,0,0,-2
R,6411,11552,416.2,46,39,1041,0,0,-2
R,6451,11587,420.4,46,39,1041,0,0,-2
R,6491,11623,424.7,46,39,1041,0,0,-2
R,6531,11658,428.9,46,39,1040,0,0,-2
R,6571,11693,433.2,46,39,1042,0,0,-2
R,6611,11729,437.4,47,39,1041,0,0,-2
R,6651,11764,441.7,45,38,1040,0,0,-2
R,6691,11799,446.0,45,40,1040,0,0,-2
R,6730,11835,450.2,45,39,1042,0,0,-2
R,6771,11870,454.6,46,39,1041,0,0,-2
R,6811,11905,459.0,45,39,1040,0,0,-2
R,6850,11941,463.2,45,39,1042,0,0,-1
R,6891,11976,467.7,46,39,1042,0,0,-2
R,6931,12011,472.0,46,39,1041,0,0,-2
R,6970,12047,476.3,45,39,1041,0,0,-2
R,7011,12082,480.8,46,39,1042,0,0,-2
R,7051,12117,485.2,45,38,1041,0,0,-2
R,7091,12153,489.7,45,39,1041,0,0,-2
R,7131,12188,494.1,45,39,1041,0,0,-2
R,7171,12224,498.6,45,39,1042,0,0,-2
R,7211,12259,503.0,45,39,1042,0,0,-2
R,7251,12294,507.5,47,38,1039,0,0,-2
R,7291,12330,512.0,46,39,1043,0,0,-1
R,7331,12365,516.5,46,39,1042,0,0,-2
R,7371,12400,521.0,45,39,1040,0,0,-2
R,7411,12436,525.5,45,39,1040,0,0,-2
R,7451,12471,530.1,46,39,1041,0,0,-2
R,7491,12506,534.6,46,38,1041,0,0,-2
R,7531,12542,539.2,46,39,1041,0,0,-1
R,7571,12577,543.8,46,38,1039,0,0,-1
R,7611,12612,548.3,46,38,1042,0,0,-1
R,7651,12648,552.9,46,40,1041,0,0,-1
R,7691,12683,557.6,47,40,1040,0,0,-2
R,7731,12718,562.2,46,39,1041,0,0,-2
R,7771,12754,566.8,47,39,1041,0,0,-2
R,7811,12789,571.5,46,39,1042,0,0,-2
R,7851,12824,576.2,45,39,1040,0,0,-2
R,7891,12860,580.8,47,39,1041,0,0,-2
R,7931,12895,585.5,46,39,1041,0,0,-2
R,7970,12931,590.1,47,38,1041,0,0,-2
R,8011,12966,595.0,46,39,1040,0,0,-2
R,8051,13001,599.7,46,39,1041,0,0,-2
R,8090,13037,604.3,46,39,1041,0,0,-2
R,8131,13072,609.2,47,39,1040,0,0,-1
R,8171,13107,614.0,46,39,1040,0,0,-2
R,8211,13143,618.8,46,40,1040,0,0,-1
R,8251,13178,623.6,46,39,1042,0,0,-2
R,8290,13213,628.2,46,40,1041,0,0,-2
R,8331,13249,633.2,46,39,1042,0,0,-2
R,8371,13284,638.0,46,40,1041,0,0,-2
R,8411,13319,642.9,47,39,1041,0,0,-2
R,8451,13355,647.7,46,39,1041,0,0,-1
R,8490,13380,652.5,46,38,1041,0,0,-2
R,8531,13403,657.5,46,39,1042,0,0,-1
R,8570,13426,662.3,46,39,1040,0,0,-2
R,8611,13449,667.3,46,39,1041,0,0,-1
R,8651,13472,672.2,45,39,1041,0,0,-2
R,8691,13495,677.1,46,39,1041,0,0,-2
R,8731,13519,682.0,46,39,1039,0,0,-2
R,8771,13542,687.0,46,39,1041,0,0,-2
R,8811,13565,691.9,46,39,1041,0,0,-1
R,8851,13588,696.9,45,39,1040,0,0,-2
R,8891,13611,701.8,46,39,1041,0,0,-2
R,8931,13634,706.8,46,39,1041,0,0,-2
R,8971,13657,711.7,46,39,1041,0,0,-1
R,9011,13680,716.7,46,39,1041,0,0,-2
R,9051,13704,721.7,46,39,1041,0,0,-2
R,9091,13727,726.7,46,40,1041,0,0,-2
R,9131,13750,731.7,47,39,1042,0,0,-2
R,9171,13773,736.7,46,39,1041,0,0,-1
R,9211,13796,741.8,46,39,1040,0,0,-2
R,9251,13819,746.8,45,40,1041,0,0,-2
R,9291,13842,751.8,47,38,1040,0,0,-2
R,9331,13866,756.9,45,38,1041,0,0,-2
R,9371,13889,762.0,46,39,1042,0,0,-2
R,9411,13912,767.0,45,38,1042,0,0,-2
R,9451,13935,772.1,46,39,1040,0,0,-2
R,9491,13958,777.2,46,39,1041,0,0,-1
R,9531,13981,782.3,46,39,1040,0,0,-2
R,9571,14004,787.4,46,38,1040,0,0,-2
R,9611,14028,792.5,46,38,1040,0,0,-2
R,9651,14051,797.6,47,39,1040,0,0,-2
R,9691,14074,802.7,45,39,1040,0,0,-2
R,9731,14097,807.9,46,39,1040,0,0,-2
R,9771,14120,813.0,45,39,1040,0,0,-2
R,9810,14143,818.0,45,39,1040,0,0,-2
R,9851,14166,823.3,46,39,1042,0,0,-2
R,9891,14190,828.5,46,39,1041,0,0,-2
R,9931,14213,833.7,47,38,1040,0,0,-1
R,9971,14236,838.9,46,39,1041,0,0,-2
R,10011,14259,844.0,46,38,1042,0,0,-2
R,10051,14282,849.2,46,39,1040,0,0,-2
R,10091,14305,854.5,46,39,1041,0,0,-2
R,10131,14328,859.7,46,39,1041,0,0,-2
R,10171,14352,864.9,46,38,1041,0,0,-2
R,10211,14375,870.1,45,39,1041,0,0,-1
R,10252,14398,875.5,46,39,1039,0,0,-1
R,10291,14422,880.6,46,39,1041,0,0,-2
R,10332,14445,886.0,46,39,1040,0,0,-2
R,10372,14468,891.3,47,39,1041,0,0,-2
R,10412,14491,896.6,46,38,1041,0,0,-2
R,10452,14514,901.9,46,39,1042,0,0,-2
R,10492,14537,907.2,46,39,1040,0,0,-2
R,10532,14560,912.5,46,39,1040,0,0,-2
R,10572,14584,917.8,46,39,1041,0,0,-1
R,10612,14607,923.1,46,39,1042,0,0,-2
R,10652,14630,928.4,46,39,1041,0,0,-2
R,10692,14653,933.8,47,39,1040,0,0,-2
R,10732,14676,939.1,46,38,1041,0,0,-2
R,10771,14699,944.3,47,39,1042,0,0,-2
R,10812,14722,949.8,45,39,1040,0,0,-1
R,10852,14746,955.2,46,39,1039,0,0,-2
R,10892,14769,960.6,46,39,1041,0,0,-2
R,10932,14792,966.0,46,40,1042,0,0,-2
R,10972,14815,971.4,45,39,1041,0,0,-2
R,11012,14838,976.8,45,39,1041,0,0,-2
R,11052,14861,982.2,46,39,1041,0,0,-1
R,11092,14884,987.6,46,39,1041,0,0,-1
R,11132,14908,993.0,46,39,1041,0,0,-1
R,11172,14931,998.5,47,39,1040,0,0,-1
R,11211,14954,1003.8,46,39,1040,0,0,-2
R,11252,14977,1009.4,46,38,1042,0,0,-2
R,11292,15000,1014.8,45,39,1040,0,0,-2
R,11332,15023,1020.3,46,38,1041,0,0,-2
R,11372,15046,1025.8,45,38,1042,0,0,-1
R,11411,15070,1031.1,46,38,1041,0,0,-1
R,11452,15093,1036.8,46,39,1040,0,0,-1
R,11492,15116,1042.3,46,39,1041,0,0,-1
R,11532,15139,1047.8,46,39,1040,0,0,-2
R,11572,15162,1053.3,46,39,1040,0,0,-2
R,11612,15185,1058.9,46,39,1041,0,0,-2
R,11652,15208,1064.4,46,38,1042,0,0,-2
R,11692,15231,1069.9,47,40,1041,0,0,-2
R,11731,15255,1075.4,45,39,1039,0,0,-1
R,11772,15278,1081.1,46,39,1043,0,0,-2
R,11812,15301,1086.6,46,39,1042,0,0,-2
R,11852,15324,1092.2,46,40,1039,0,0,-1
R,11892,15347,1097.8,46,39,1041,0,0,-2
R,11932,15370,1103.4,46,39,1041,0,0,-2
R,11972,15393,1109.0,46,39,1042,0,0,-2
R,12011,15417,1114.5,46,39,1041,0,0,-2
R,12052,15440,1120.3,46,38,1040,0,0,-2
R,12092,15463,1125.9,45,38,1042,0,0,-1
R,12132,15486,1131.5,46,38,1042,0,0,-2
R,12172,15509,1137.2,46,39,1040,0,0,-1
R,12212,15532,1142.8,47,39,1040,0,0,-2
R,12252,15555,1148.5,46,39,1041,0,0,-2
R,12292,15579,1154.2,46,38,1041,0,0,-2
R,12332,15602,1159.9,46,39,1040,0,0,-2
R,12372,15625,1165.5,47,39,1041,0,0,-1
R,12412,15648,1171.2,47,39,1041,0,0,-2
R,12451,15671,1176.8,46,39,1040,0,0,-2
R,12492,15694,1182.7,45,40,1042,0,0,-2
R,12532,15717,1188.4,45,39,1040,0,0,-1
R,12572,15741,1194.1,46,39,1041,0,0,-2
R,12612,15764,1199.9,46,39,1041,0,0,-2
R,12652,15787,1205.6,45,39,1041,0,0,-2
R,12692,15810,1211.4,46,39,1040,0,0,-2
R,12732,15833,1217.2,46,38,1040,0,0,-2
R,12772,15856,1222.9,46,40,1041,0,0,-2
R,12812,15879,1228.7,46,40,1041,0,0,-2
R,12852,15903,1234.5,46,39,1041,0,0,-2
R,12891,15926,1240.2,46,39,1039,0,0,-2
R,12932,15949,1246.1,46,38,1042,0,0,-2
R,12971,15972,1251.8,46,39,1042,0,0,-2
R,13012,15995,1257.8,46,38,1040,0,0,-2
R,13052,16018,1263.6,46,39,1041,0,0,-2
R,13092,16041,1269.4,46,39,1041,0,0,-2
R,13132,16065,1275.3,46,40,1042,0,0,-1
R,13172,16088,1281.2,46,38,1040,0,0,-2
R,13212,16111,1287.0,46,39,1040,0,0,-2
R,13252,16134,1292.9,45,39,1041,0,0,-2
R,13292,16157,1298.8,46,39,1042,0,0,-2
R,13332,16074,1304.7,46,39,1041,0,0,-2
R,13372,15975,1310.5,46,39,1041,0,0,-2
R,13412,15877,1316.3,46,40,1041,0,0,-2
R,13452,15778,1322.1,46,39,1042,0,0,-1
[dump] J60 t_ms=1905
[dump] J330 t_ms=5384 vcross_x100=10813 vtrap_x100=10450
[dump] J660 t_ms=8369 vcross_x100=13420 vtrap_x100=13191
[dump] J1320 t_ms=13254 vcross_x100=15796 vtrap_x100=16022
[dump] FIN RUN #1 t60=1905 t330=5384 t660=8369 t1320=13254
