[dump] RUN #1 heure=22:56:55 src=SEUIL_GPS rollout_ms=0 unit=ALLO9 dyn=4 rate_ms=40 gps=1 pre=15 imuf=2/7 ecu=HP statut=TERMINE
[dump] CAL cal=1 gxo_cdps=27 gyo_cdps=12 gzo_cdps=16 cal_tempC=43 run_tempC=27
[dump] colonnes: R,elapsed_ms,kmh_x100,dist_ft,ax_mg,ay_mg,az_mg,gx_ds10,gy_ds10,gz_ds10
R,-610,40,0.0,76,57,1017,2,1,1
R,-570,40,0.0,75,58,1016,2,0,1
R,-530,40,0.0,76,57,1017,2,1,1
R,-490,40,0.0,75,57,1017,2,1,1
R,-450,40,0.0,76,57,1016,2,0,1
R,-410,40,0.0,76,58,1017,2,1,1
R,-370,40,0.0,76,58,1017,2,1,1
R,-330,40,0.0,76,58,1017,2,0,1
R,-291,40,0.0,75,58,1017,1,0,1
R,-250,40,0.0,75,58,1017,2,0,1
R,-210,40,0.0,75,58,1017,2,0,1
R,-170,40,0.0,75,57,1016,2,1,1
R,-121,40,0.0,76,57,1016,3,1,1
R,-80,40,0.0,76,58,1016,2,1,1
R,-40,40,0.0,76,57,1016,2,1,1
R,159,811,0.7,76,58,1018,2,0,1
R,199,977,1.0,76,58,1018,3,1,1
R,239,1143,1.4,75,58,1017,2,0,1
R,279,1310,1.9,76,58,1016,2,1,1
R,319,1476,2.4,76,58,1016,3,1,1
R,359,1643,2.9,76,57,1016,2,1,1
R,399,1809,3.6,76,57,1016,2,1,1
R,439,1975,4.3,75,58,1016,2,1,1
R,479,2142,5.0,76,57,1015,2,1,1
R,526,2286,5.9,77,57,1015,2,1,1
R,565,2390,6.8,75,57,1016,2,1,1
R,606,2494,7.7,74,57,1015,2,1,1
R,646,2598,8.6,75,58,1015,2,1,1
R,686,2702,9.6,75,57,1015,2,1,1
R,726,2806,10.6,75,58,1015,2,1,1
R,766,2910,11.6,75,57,1015,2,1,1
R,806,3014,12.7,75,57,1014,2,1,1
R,846,3118,13.8,75,58,1015,2,1,1
R,886,3222,15.0,75,58,1014,2,1,1
R,926,3326,16.2,75,57,1015,2,1,1
R,966,3430,17.4,75,57,1014,2,1,1
R,1006,3517,18.7,75,57,1015,2,1,1
R,1046,3569,20.0,75,57,1015,2,1,1
R,1085,3621,21.2,75,57,1014,2,0,1
R,1126,3673,22.6,76,57,1013,2,1,1
R,1179,3742,24.4,75,58,1014,2,1,1
R,1219,3794,25.8,75,57,1014,2,1,1
R,1259,3846,27.2,75,58,1014,2,1,1
R,1299,3898,28.6,75,57,1014,2,1,1
R,1339,3950,30.0,76,57,1014,2,1,1
R,1379,4002,31.5,75,58,1014,2,1,1
R,1419,4055,32.9,75,58,1014,2,1,1
R,1460,4107,34.5,76,57,1013,2,1,1
R,1500,4159,36.0,75,57,1014,2,1,1
R,1540,4211,37.5,75,57,1014,2,1,1
R,1580,4263,39.0,76,58,1013,2,1,1
R,1620,4315,40.6,75,57,1013,2,1,1
R,1660,4367,42.2,76,57,1013,2,1,1
R,1699,4419,43.7,75,57,1014,2,1,1
R,1740,4471,45.4,76,58,1014,2,1,1
R,1780,4523,47.0,75,58,1014,2,1,1
R,1827,4584,49.0,76,59,1012,2,1,1
R,1866,4636,50.6,76,57,1014,2,1,1
R,1907,4688,52.4,76,58,1013,2,1,1
R,1947,4740,54.1,75,57,1014,2,1,1
R,1987,4792,55.8,75,58,1014,2,1,1
R,2027,4884,57.6,75,57,1014,2,1,1
R,2067,4983,59.4,75,57,1013,2,1,1
R,2107,5081,61.2,75,58,1013,2,1,1
R,2147,5180,63.1,75,58,1014,2,1,1
R,2187,5279,65.0,74,57,1013,2,1,1
R,2227,5377,66.9,74,57,1013,3,1,1
R,2267,5476,68.9,76,57,1013,2,1,1
R,2307,5575,70.9,76,58,1013,2,1,1
R,2347,5673,73.0,76,57,1014,2,1,1
R,2387,5772,75.1,76,57,1013,2,1,1
R,2427,5871,77.2,74,57,1013,3,1,1
R,2476,5991,79.8,76,58,1013,2,1,1
R,2516,6090,82.0,75,56,1013,2,1,1
R,2556,6189,84.3,75,57,1013,2,1,1
R,2596,6287,86.5,75,57,1013,2,1,1
R,2636,6386,88.9,75,57,1013,2,1,1
R,2676,6485,91.2,75,57,1013,2,1,1
R,2716,6583,93.6,75,57,1013,2,1,1
R,2756,6682,96.0,75,57,1013,2,1,1
R,2796,6781,98.5,75,57,1014,2,1,1
R,2836,6879,100.9,75,57,1013,2,1,1
R,2876,6978,103.5,76,57,1014,2,1,1
R,2916,7077,106.0,76,57,1014,2,1,1
R,2956,7175,108.6,76,58,1013,2,1,1
R,2996,7274,111.3,75,57,1013,2,1,1
R,3036,7373,113.9,76,57,1014,2,1,1
R,3076,7471,116.6,76,57,1013,2,1,1
R,3122,7585,119.8,76,57,1013,2,1,1
R,3162,7684,122.6,76,57,1013,3,1,1
R,3202,7782,125.4,76,57,1014,3,1,1
R,3242,7881,128.3,76,57,1014,2,1,1
R,3282,7980,131.1,75,57,1013,2,1,1
R,3322,8078,134.1,75,58,1013,2,1,1
R,3362,8177,137.0,75,58,1012,2,1,1
R,3402,8276,140.0,75,57,1013,2,1,1
R,3442,8374,143.1,75,58,1013,2,1,1
R,3482,8473,146.1,74,57,1013,2,1,1
R,3522,8533,149.2,74,58,1013,2,1,1
R,3561,8577,152.3,75,58,1013,2,1,1
R,3602,8622,155.5,75,58,1012,2,1,1
R,3642,8667,158.6,75,58,1013,2,1,1
R,3682,8712,161.8,75,57,1013,2,1,1
R,3722,8757,165.0,75,57,1013,2,1,1
R,3771,8812,168.9,76,57,1013,2,1,1
R,3811,8857,172.1,75,57,1013,2,1,1
R,3851,8902,175.4,74,57,1014,2,1,1
R,3891,8947,178.6,74,58,1013,2,1,1
R,3932,8994,182.0,76,57,1013,2,1,1
R,3973,9039,185.4,75,57,1014,2,1,1
R,4013,9084,188.7,76,57,1013,2,1,1
R,4053,9129,192.0,75,57,1013,3,1,1
R,4093,9173,195.3,75,57,1014,2,1,1
R,4133,9218,198.7,75,56,1014,2,1,1
R,4173,9263,202.0,75,57,1013,3,1,1
R,4212,9308,205.3,75,58,1013,2,1,1
R,4253,9353,208.8,76,58,1013,2,1,1
R,4293,9398,212.2,75,57,1013,2,1,1
R,4333,9443,215.7,76,57,1013,2,1,1
R,4373,9488,219.1,76,58,1013,2,1,1
R,4423,9544,223.5,76,58,1013,3,1,1
R,4463,9589,226.9,75,57,1013,2,1,1
R,4503,9634,230.4,75,57,1013,2,1,1
R,4543,9679,234.0,76,57,1013,2,1,1
R,4583,9723,237.5,76,58,1013,2,1,1
R,4623,9768,241.1,75,58,1014,2,1,1
R,4663,9813,244.6,76,57,1013,2,1,1
R,4703,9858,248.2,75,57,1013,2,1,1
R,4743,9903,251.8,76,57,1013,2,1,1
R,4783,9948,255.4,75,58,1014,2,1,1
R,4822,9993,259.0,75,58,1013,2,1,1
R,4862,10038,262.6,75,57,1013,2,1,1
R,4903,10083,266.4,76,58,1014,2,1,1
R,4943,10128,270.1,76,58,1013,2,1,1
R,4983,10172,273.8,75,58,1013,2,1,1
R,5023,10217,277.5,75,57,1013,2,1,1
R,5072,10272,282.1,74,57,1014,2,1,1
R,5112,10317,285.8,75,57,1013,2,1,1
R,5152,10362,289.6,75,57,1012,2,0,1
R,5192,10407,293.4,75,57,1014,2,1,1
R,5232,10452,297.2,76,56,1013,2,1,1
R,5272,10497,301.0,75,58,1014,2,1,1
R,5312,10542,304.8,76,56,1013,2,1,1
R,5352,10587,308.7,75,58,1014,2,1,1
R,5392,10632,312.5,75,59,1013,2,1,1
R,5432,10676,316.4,75,58,1013,2,1,1
R,5472,10717,320.3,75,58,1013,2,1,1
R,5512,10752,324.2,76,57,1013,2,1,1
R,5552,10787,328.2,76,58,1013,2,1,1
R,5592,10823,332.1,74,57,1013,2,1,1
R,5632,10858,336.1,75,57,1013,2,1,1
R,5672,10894,340.0,75,56,1013,2,1,1
R,5720,10937,344.8,75,58,1013,2,1,1
R,5761,10972,348.9,75,57,1013,2,1,1
R,5802,11008,353.0,75,57,1013,2,1,1
R,5842,11044,357.0,76,57,1012,2,1,1
R,5882,11079,361.0,75,57,1014,2,1,1
R,5922,11114,365.1,76,58,1013,2,1,1
R,5962,11150,369.1,76,57,1013,2,1,1
R,6002,11185,373.2,76,57,1013,2,1,1
R,6042,11221,377.3,75,58,1012,2,1,1
R,6082,11256,381.4,75,58,1013,2,1,1
R,6122,11291,385.5,76,58,1014,2,1,1
R,6162,11327,389.6,75,57,1012,2,1,1
R,6202,11362,393.8,76,58,1013,2,1,1
R,6242,11397,397.9,75,58,1013,2,1,1
R,6282,11433,402.1,75,57,1014,2,1,1
R,6322,11468,406.3,75,58,1013,2,1,1
R,6368,11509,411.1,75,58,1013,2,1,1
R,6408,11544,415.3,76,57,1013,2,1,1
R,6448,11579,419.5,76,58,1012,2,1,1
R,6488,11615,423.7,75,57,1013,2,1,1
R,6528,11650,428.0,76,57,1014,2,1,1
R,6568,11685,432.2,76,57,1013,2,1,1
R,6608,11721,436.5,75,58,1013,2,1,1
R,6648,11756,440.8,75,58,1013,2,0,1
R,6688,11791,445.0,75,58,1013,2,1,1
R,6728,11827,449.3,76,58,1013,2,1,1
R,6768,11862,453.7,75,58,1013,2,1,1
R,6808,11897,458.0,76,58,1012,2,1,1
R,6848,11933,462.3,75,58,1013,2,1,1
R,6888,11968,466.7,76,57,1012,2,1,1
R,6928,12003,471.1,76,56,1013,2,1,1
R,6968,12039,475.4,75,57,1013,2,1,1
R,7021,12087,481.3,75,57,1013,2,1,1
R,7062,12122,485.8,76,57,1013,2,1,1
R,7102,12157,490.2,76,57,1013,2,1,1
R,7142,12193,494.7,75,57,1012,2,1,1
R,7181,12228,499.0,75,57,1013,2,1,1
R,7222,12263,503.6,75,58,1013,2,1,1
R,7262,12299,508.1,75,57,1012,2,1,1
R,7301,12334,512.4,75,57,1013,2,1,1
R,7342,12369,517.0,75,57,1013,2,1,1
R,7382,12405,521.6,75,57,1013,2,1,1
R,7422,12440,526.1,76,58,1013,2,1,1
R,7462,12475,530.6,75,57,1013,2,1,1
R,7502,12511,535.2,75,57,1013,2,1,1
R,7542,12546,539.8,76,57,1013,2,1,1
R,7582,12581,544.3,74,58,1013,2,1,1
R,7622,12617,548.9,76,58,1013,2,1,1
R,7670,12659,554.5,75,58,1013,2,1,1
R,7710,12695,559.1,75,57,1013,2,1,1
R,7750,12730,563.7,76,57,1012,2,1,1
R,7790,12765,568.4,76,57,1013,2,1,1
R,7830,12801,573.0,76,57,1012,2,1,1
R,7870,12836,577.7,75,57,1013,2,1,1
R,7910,12871,582.4,75,57,1014,2,1,1
R,7950,12907,587.1,75,58,1013,2,1,1
R,7990,12942,591.8,75,57,1013,2,1,1
R,8030,12977,596.5,76,57,1013,2,1,1
R,8070,13013,601.2,76,57,1013,2,1,1
R,8110,13048,606.0,76,57,1012,2,1,1
R,8150,13083,610.8,75,57,1012,2,1,1
R,8190,13119,615.5,76,58,1013,2,1,1
R,8230,13154,620.3,75,58,1013,2,1,1
R,8270,13189,625.1,75,58,1013,2,0,1
R,8317,13232,630.8,75,57,1013,2,1,1
R,8358,13267,635.7,76,57,1013,2,1,1
R,8398,13303,640.6,75,57,1012,2,0,1
R,8438,13338,645.4,75,57,1013,2,1,1
R,8478,13369,650.3,75,56,1012,2,1,1
R,8518,13392,655.2,75,58,1013,2,1,1
R,8558,13415,660.1,75,58,1013,2,1,1
R,8598,13438,665.0,75,57,1012,3,1,1
R,8638,13461,669.9,75,57,1013,2,1,1
R,8678,13484,674.8,76,57,1013,2,1,1
R,8718,13508,679.7,75,58,1013,2,1,1
R,8758,13531,684.6,75,58,1013,2,0,1
R,8798,13554,689.6,75,58,1013,2,1,1
R,8837,13577,694.4,76,58,1013,2,1,1
R,8878,13600,699.5,76,58,1012,2,1,1
R,8918,13623,704.4,75,57,1013,2,1,1
R,8965,13650,710.3,75,58,1013,2,1,1
R,9005,13674,715.2,75,58,1013,2,1,1
R,9045,13697,720.2,75,58,1012,2,1,1
R,9085,13720,725.2,77,57,1013,2,1,1
R,9125,13743,730.2,75,58,1014,2,1,1
R,9165,13766,735.2,75,57,1014,2,1,1
R,9205,13789,740.3,74,57,1012,2,1,1
R,9245,13812,745.3,75,57,1013,2,1,1
R,9285,13836,750.3,76,58,1013,2,1,1
R,9325,13859,755.4,75,57,1012,2,1,1
R,9365,13882,760.4,75,57,1013,2,1,1
R,9405,13905,765.5,75,57,1013,2,1,1
R,9445,13928,770.6,75,58,1013,2,1,1
R,9485,13951,775.7,75,57,1013,2,1,1
R,9525,13974,780.8,75,57,1013,2,1,1
R,9565,13998,785.8,75,57,1013,2,1,1
R,9615,14027,792.2,74,57,1013,2,1,1
R,9656,14050,797.5,76,57,1012,2,1,1
R,9696,14073,802.6,75,57,1013,2,1,1
R,9735,14096,807.6,76,55,1012,2,1,1
R,9779,14121,813.3,76,57,1013,2,1,1
R,9819,14144,818.4,75,57,1013,2,1,1
R,9860,14168,823.7,76,57,1013,2,1,1
R,9900,14191,828.9,76,57,1013,2,1,1
R,9940,14214,834.1,75,57,1013,2,1,1
R,9980,14238,839.2,75,57,1012,2,1,1
R,10020,14261,844.4,76,58,1012,2,1,1
R,10059,14284,849.5,75,58,1013,2,1,1
R,10100,14307,854.9,76,57,1012,2,1,1
R,10140,14330,860.1,76,57,1013,2,1,1
R,10179,14353,865.2,75,56,1013,3,1,1
R,10220,14376,870.5,75,58,1013,2,1,1
R,10267,14404,876.7,76,57,1012,2,1,1
R,10307,14427,882.0,75,58,1012,2,1,1
R,10347,14450,887.2,76,57,1013,2,1,1
R,10387,14473,892.5,76,57,1013,2,1,1
R,10427,14496,897.8,75,58,1013,2,1,1
R,10467,14519,903.1,75,57,1012,2,1,1
R,10507,14542,908.4,75,57,1013,2,1,1
R,10547,14566,913.7,75,57,1013,2,1,1
R,10587,14589,919.0,75,57,1013,2,1,1
R,10627,14612,924.3,75,57,1012,2,1,1
R,10667,14635,929.6,76,57,1013,2,1,1
R,10707,14658,935.0,75,57,1012,2,1,1
R,10747,14681,940.3,76,57,1013,2,1,1
R,10787,14704,945.7,76,57,1014,2,1,1
R,10827,14728,951.0,75,58,1013,2,1,1
R,10867,14751,956.4,76,58,1014,2,1,1
R,10916,14780,963.0,75,57,1013,2,1,1
R,10957,14803,968.5,75,57,1013,2,1,1
R,10997,14826,973.9,75,58,1013,2,0,1
R,11037,14849,979.3,75,58,1013,2,1,1
R,11077,14872,984.8,76,58,1013,2,1,1
R,11117,14895,990.2,75,57,1013,2,1,1
R,11157,14919,995.6,76,58,1015,1,0,1
R,11197,14942,1001.1,76,58,1012,2,1,1
R,11237,14965,1006.5,76,57,1013,3,1,1
R,11277,14988,1012.0,76,57,1013,2,1,1
R,11317,15011,1017.4,75,57,1014,2,1,1
R,11357,15034,1022.9,75,57,1013,2,1,1
R,11397,15057,1028.4,75,57,1013,2,1,1
R,11437,15080,1033.9,75,57,1014,3,1,1
R,11477,15104,1039.4,76,57,1012,2,1,1
R,11517,15127,1044.9,75,56,1014,2,1,1
R,11565,15155,1051.5,76,58,1013,3,1,1
R,11606,15178,1057.2,76,58,1013,2,1,1
R,11646,15201,1062.7,75,57,1013,2,1,1
R,11686,15225,1068.3,76,57,1013,2,1,1
R,11726,15248,1073.8,75,57,1013,3,1,1
R,11766,15271,1079.4,76,56,1014,2,0,1
R,11806,15294,1085.0,76,56,1013,1,1,1
R,11846,15317,1090.5,76,57,1013,3,1,1
R,11886,15340,1096.1,75,58,1012,2,1,1
R,11926,15363,1101.7,75,57,1013,2,0,1
R,11966,15387,1107.3,75,57,1013,2,1,1
R,12006,15410,1112.9,75,58,1013,2,1,1
R,12046,15433,1118.6,75,58,1012,2,1,1
R,12086,15456,1124.2,74,57,1012,2,0,1
R,12126,15479,1129.8,75,57,1012,2,1,1
R,12166,15502,1135.5,75,57,1013,2,1,1
R,12211,15528,1141.8,75,57,1013,2,1,1
R,12251,15551,1147.5,76,57,1013,2,1,1
R,12291,15575,1153.2,76,57,1013,2,1,1
R,12331,15598,1158.9,74,58,1013,2,1,1
R,12371,15621,1164.6,75,57,1013,2,1,1
R,12411,15644,1170.3,75,57,1013,2,1,1
R,12451,15667,1176.0,75,57,1014,2,1,1
R,12491,15690,1181.7,75,57,1013,2,1,1
R,12531,15713,1187.4,75,58,1012,3,1,1
R,12571,15737,1193.1,75,57,1012,2,1,1
R,12611,15760,1198.9,76,57,1013,2,1,1
R,12651,15783,1204.6,76,57,1013,2,1,1
R,12691,15806,1210.4,75,57,1012,2,1,1
R,12731,15829,1216.1,75,57,1013,3,1,1
R,12771,15852,1221.9,75,57,1013,2,1,1
R,12811,15875,1227.7,76,57,1013,2,1,1
R,12864,15906,1235.4,76,58,1012,2,1,1
R,12904,15929,1241.2,75,58,1012,2,0,1
R,12944,15952,1247.0,76,57,1012,2,1,1
R,12984,15975,1252.8,76,57,1014,3,1,1
R,13024,15999,1258.6,76,58,1013,2,1,1
R,13064,16022,1264.5,76,58,1011,2,1,1
R,13104,16045,1270.3,75,58,1011,3,1,1
R,13144,16068,1276.2,75,57,1014,2,1,1
R,13184,16091,1282.0,75,58,1013,2,0,1
R,13224,16114,1287.9,76,57,1012,2,1,1
R,13264,16137,1293.8,75,57,1012,2,0,1
R,13304,16158,1299.7,74,57,1013,2,1,1
R,13344,16059,1305.5,75,56,1012,2,1,2
R,13384,15961,1311.4,75,57,1013,3,1,1
R,13424,15862,1317.2,75,57,1013,2,1,1
R,13464,15764,1322.9,74,57,1013,2,1,1
[dump] J60 t_ms=1906
[dump] J330 t_ms=5385 vcross_x100=10813 vtrap_x100=10450
[dump] J660 t_ms=8370 vcross_x100=13419 vtrap_x100=13191
[dump] J1320 t_ms=13255 vcross_x100=15797 vtrap_x100=16022
[dump] FIN RUN #1 t60=1906 t330=5385 t660=8370 t1320=13255
