[dump] RUN #1 heure=22:57:45 src=SEUIL_GPS rollout_ms=0 unit=ALLO9 dyn=4 rate_ms=40 gps=1 pre=10 imuf=2/7 ecu=HP statut=TERMINE
[dump] CAL cal=1 gxo_cdps=28 gyo_cdps=12 gzo_cdps=16 cal_tempC=43 run_tempC=27
[dump] colonnes: R,elapsed_ms,kmh_x100,dist_ft,ax_mg,ay_mg,az_mg,gx_ds10,gy_ds10,gz_ds10
R,-1468,40,0.0,75,58,1013,2,1,1
R,-1321,40,0.0,75,59,1013,2,1,1
R,-1158,40,0.0,75,58,1012,2,0,1
R,-1018,40,0.0,75,58,1014,2,1,1
R,-875,40,0.0,75,58,1013,2,1,1
R,-736,40,0.0,75,59,1013,2,1,1
R,-592,40,0.0,75,59,1013,2,1,1
R,-426,40,0.0,75,58,1014,2,1,1
R,-283,40,0.0,75,58,1013,2,1,1
R,-143,40,0.0,75,59,1013,2,1,1
R,156,1293,1.4,75,58,1013,2,1,1
R,210,1514,2.1,74,58,1013,3,1,1
R,250,1680,2.6,74,59,1014,2,1,1
R,290,1846,3.3,74,59,1013,2,1,1
R,330,2013,4.0,76,58,1012,2,1,1
R,370,2179,4.8,75,58,1013,3,1,1
R,411,2296,5.6,74,59,1013,2,1,1
R,452,2400,6.5,75,58,1013,2,1,1
R,492,2504,7.4,74,58,1013,2,1,1
R,532,2608,8.3,75,58,1013,2,1,1
R,572,2712,9.3,74,59,1013,2,1,1
R,612,2816,10.3,74,58,1013,2,1,1
R,652,2920,11.3,74,58,1013,2,1,1
R,692,3024,12.4,75,58,1014,2,1,1
R,732,3128,13.5,75,58,1013,2,1,1
R,772,3232,14.7,75,58,1013,2,1,1
R,812,3336,15.9,75,58,1013,2,1,1
R,856,3453,17.2,75,59,1013,2,1,1
R,897,3529,18.5,75,58,1013,2,1,1
R,937,3581,19.8,75,58,1013,2,1,1
R,977,3633,21.2,75,58,1013,2,1,2
R,1017,3685,22.5,75,58,1013,2,1,2
R,1057,3737,23.8,75,59,1013,2,1,1
R,1097,3789,25.2,75,57,1013,2,1,1
R,1137,3841,26.6,75,58,1013,2,1,1
R,1177,3893,28.0,74,59,1013,2,1,1
R,1217,3945,29.4,75,58,1014,2,1,1
R,1256,3997,30.9,74,59,1013,2,1,1
R,1297,4049,32.4,75,58,1013,2,1,1
R,1337,4101,33.8,75,59,1014,2,1,1
R,1378,4154,35.4,75,58,1013,2,1,1
R,1418,4206,36.9,75,58,1013,2,1,1
R,1458,4258,38.5,75,58,1013,2,1,1
R,1506,4320,40.3,75,58,1013,2,1,1
R,1546,4372,41.9,74,59,1013,2,1,1
R,1586,4424,43.5,75,59,1013,2,1,1
R,1626,4476,45.1,75,59,1013,2,1,1
R,1666,4528,46.8,74,59,1013,2,1,1
R,1706,4580,48.4,75,59,1013,2,1,1
R,1746,4632,50.1,75,58,1013,2,1,1
R,1786,4684,51.8,75,58,1013,2,1,1
R,1826,4736,53.5,74,58,1013,2,0,1
R,1866,4788,55.3,74,58,1013,2,1,1
R,1906,4876,57.0,75,59,1012,2,1,1
R,1946,4975,58.8,74,59,1012,2,1,1
R,1986,5074,60.7,75,58,1013,2,1,1
R,2026,5172,62.5,75,58,1014,3,1,1
R,2066,5271,64.4,75,58,1014,2,1,1
R,2106,5370,66.4,76,58,1012,2,1,1
R,2159,5501,69.0,75,59,1012,2,1,1
R,2199,5599,71.0,74,58,1013,2,1,1
R,2239,5698,73.1,75,58,1013,3,1,1
R,2279,5797,75.2,76,58,1013,2,1,1
R,2319,5895,77.3,75,59,1013,2,1,1
R,2359,5994,79.5,74,58,1013,3,1,1
R,2399,6093,81.7,75,57,1013,2,1,1
R,2439,6191,83.9,75,57,1014,2,1,1
R,2479,6290,86.2,74,58,1013,2,0,1
R,2519,6389,88.5,74,59,1012,2,1,1
R,2559,6487,90.8,75,59,1013,2,1,1
R,2599,6586,93.2,74,59,1013,2,0,1
R,2639,6685,95.6,75,57,1012,2,1,1
R,2679,6783,98.1,75,58,1012,2,1,1
R,2719,6882,100.6,74,58,1013,2,1,1
R,2759,6981,103.1,75,59,1013,3,1,1
R,2808,7101,106.3,74,59,1013,2,1,1
R,2848,7200,108.9,74,58,1013,2,1,1
R,2888,7299,111.5,74,59,1013,2,1,1
R,2928,7397,114.2,74,59,1013,2,1,1
R,2968,7496,116.9,76,58,1013,2,1,1
R,3008,7595,119.7,74,58,1014,3,1,1
R,3048,7693,122.4,74,58,1013,2,0,1
R,3088,7792,125.3,74,58,1013,2,1,1
R,3128,7891,128.1,75,57,1013,3,1,1
R,3168,7989,131.0,75,58,1013,2,1,1
R,3208,8088,134.0,75,58,1014,2,1,1
R,3248,8187,136.9,75,59,1012,2,1,1
R,3288,8285,139.9,75,58,1012,2,1,1
R,3328,8384,143.0,75,59,1014,3,1,1
R,3368,8483,146.0,75,59,1014,2,1,1
R,3408,8537,149.1,75,58,1014,2,1,1
R,3454,8589,152.7,75,58,1014,2,1,1
R,3494,8634,155.9,73,59,1013,3,1,1
R,3534,8678,159.0,75,58,1013,2,1,1
R,3574,8723,162.2,75,58,1013,2,1,1
R,3614,8768,165.4,75,58,1013,2,1,1
R,3654,8813,168.6,75,59,1013,2,1,1
R,3694,8858,171.8,74,58,1013,2,1,1
R,3734,8903,175.0,75,58,1013,2,1,1
R,3774,8948,178.3,75,57,1013,2,1,1
R,3814,8993,181.6,75,58,1013,2,1,1
R,3854,9038,184.9,75,58,1013,2,1,1
R,3894,9083,188.2,75,58,1013,2,1,1
R,3934,9127,191.5,75,59,1013,2,1,1
R,3974,9172,194.8,75,58,1013,2,1,1
R,4014,9217,198.2,75,58,1013,2,1,1
R,4054,9262,201.5,74,58,1013,2,1,1
R,4104,9318,205.8,76,59,1013,2,1,1
R,4144,9363,209.2,75,57,1013,2,1,1
R,4184,9408,212.6,75,58,1013,3,1,1
R,4224,9453,216.0,75,58,1013,2,1,1
R,4264,9498,219.5,75,58,1013,2,1,1
R,4304,9543,223.0,75,58,1013,2,1,1
R,4344,9588,226.4,75,58,1013,2,1,1
R,4384,9633,229.9,74,58,1013,2,1,1
R,4424,9677,233.5,74,57,1013,2,1,1
R,4464,9722,237.0,74,57,1013,2,1,1
R,4504,9767,240.5,74,58,1013,2,1,1
R,4544,9812,244.1,74,58,1013,2,1,1
R,4584,9857,247.7,75,59,1014,2,1,1
R,4624,9902,251.3,75,58,1013,2,1,1
R,4664,9947,254.9,75,59,1013,2,1,1
R,4704,9992,258.6,75,58,1012,2,1,2
R,4757,10052,263.4,75,59,1012,2,1,1
R,4798,10097,267.2,75,59,1013,2,1,1
R,4838,10142,270.9,76,58,1013,2,1,1
R,4877,10187,274.5,75,58,1013,2,1,1
R,4918,10232,278.3,76,58,1013,2,1,1
R,4958,10277,282.0,75,58,1013,2,1,1
R,4998,10322,285.8,75,59,1013,2,1,1
R,5038,10367,289.5,76,58,1012,2,1,1
R,5078,10412,293.3,75,58,1013,2,1,1
R,5118,10456,297.1,75,58,1013,2,1,1
R,5158,10501,301.0,75,58,1013,2,1,1
R,5198,10546,304.8,74,58,1014,2,1,1
R,5238,10591,308.6,75,58,1013,2,1,1
R,5278,10636,312.5,75,58,1013,2,1,1
R,5318,10681,316.4,75,58,1014,2,1,1
R,5358,10720,320.3,75,58,1013,2,1,1
R,5406,10763,325.0,75,58,1014,2,1,1
R,5446,10798,328.9,75,58,1014,3,1,1
R,5486,10833,332.9,76,58,1013,2,1,2
R,5526,10869,336.8,74,59,1013,2,1,1
R,5566,10904,340.8,75,57,1013,2,1,1
R,5606,10939,344.8,75,57,1013,2,1,1
R,5646,10975,348.8,75,58,1013,2,1,1
R,5686,11010,352.8,76,59,1013,2,1,1
R,5726,11046,356.8,75,59,1013,2,1,1
R,5766,11081,360.8,74,59,1013,2,1,1
R,5806,11116,364.9,74,58,1013,2,1,1
R,5846,11152,368.9,75,58,1014,2,1,1
R,5886,11187,373.0,75,59,1012,1,0,1
R,5926,11222,377.1,75,57,1013,2,1,1
R,5966,11258,381.2,75,58,1013,3,2,1
R,6006,11293,385.3,75,58,1013,1,0,1
R,6053,11335,390.1,75,58,1013,1,0,1
R,6094,11371,394.4,74,58,1013,2,1,1
R,6134,11406,398.5,75,58,1014,3,1,1
R,6173,11441,402.6,75,57,1013,2,1,1
R,6214,11477,406.9,75,59,1012,1,0,1
R,6254,11512,411.1,74,59,1013,3,1,1
R,6294,11547,415.3,75,59,1013,3,1,1
R,6334,11583,419.5,75,58,1013,2,0,1
R,6374,11618,423.7,74,58,1013,2,1,1
R,6414,11654,428.0,76,58,1012,3,1,1
R,6454,11689,432.2,75,58,1013,2,1,1
R,6494,11724,436.5,75,58,1013,2,1,1
R,6534,11760,440.8,74,57,1014,2,1,1
R,6574,11795,445.1,75,58,1012,3,1,1
R,6614,11830,449.4,75,59,1013,2,1,1
R,6654,11866,453.7,74,58,1013,2,1,1
R,6702,11908,458.9,75,58,1013,2,1,1
R,6742,11943,463.2,76,58,1013,3,1,1
R,6782,11979,467.6,76,59,1013,2,1,1
R,6821,12014,471.8,75,58,1013,2,1,1
R,6862,12049,476.3,75,58,1014,2,1,1
R,6902,12085,480.7,75,58,1014,2,1,1
R,6942,12120,485.2,74,58,1013,2,1,1
R,6982,12155,489.6,74,58,1013,2,1,1
R,7022,12191,494.0,75,58,1014,2,1,1
R,7062,12226,498.5,75,57,1013,2,1,1
R,7102,12262,502.9,74,58,1012,2,1,1
R,7142,12297,507.4,74,59,1012,2,1,1
R,7182,12332,511.9,75,58,1013,3,1,1
R,7222,12368,516.4,75,58,1013,2,1,1
R,7262,12403,520.9,75,58,1012,2,1,1
R,7302,12438,525.4,75,58,1013,3,1,2
R,7351,12482,531.0,76,58,1013,2,1,1
R,7391,12517,535.6,75,59,1013,3,1,1
R,7431,12552,540.1,75,58,1013,2,1,1
R,7471,12588,544.7,75,59,1012,2,1,1
R,7511,12623,549.3,75,58,1013,2,1,1
R,7551,12658,553.9,75,58,1013,2,1,1
R,7591,12695,558.5,75,59,1011,2,1,1
R,7632,12730,563.3,75,58,1013,2,1,1
R,7672,12765,567.9,75,58,1013,2,1,1
R,7712,12801,572.6,76,58,1013,2,1,1
R,7752,12836,577.3,76,58,1013,2,1,1
R,7792,12871,582.0,75,58,1013,2,1,1
R,7832,12907,586.7,75,58,1012,3,1,1
R,7872,12942,591.4,75,58,1013,2,1,1
R,7912,12977,596.1,74,58,1012,2,1,1
R,7952,13013,600.8,75,59,1013,2,1,1
R,8004,13059,607.0,74,57,1013,2,1,1
R,8044,13094,611.8,75,58,1013,2,1,1
R,8084,13129,616.5,75,57,1012,2,1,1
R,8124,13165,621.3,74,58,1013,2,1,1
R,8164,13200,626.1,75,58,1013,2,1,1
R,8204,13235,631.0,75,57,1013,2,1,1
R,8244,13271,635.8,75,58,1013,2,1,1
R,8284,13306,640.6,74,58,1013,2,0,1
R,8324,13341,645.5,75,59,1013,2,1,1
R,8364,13371,650.4,74,58,1013,2,1,1
R,8404,13394,655.2,75,58,1013,2,1,1
R,8444,13417,660.1,75,58,1013,2,1,1
R,8484,13440,665.0,75,59,1013,2,1,1
R,8524,13464,669.9,74,59,1013,2,1,1
R,8564,13487,674.8,76,58,1013,2,1,1
R,8604,13510,679.8,75,58,1013,2,1,1
R,8653,13538,685.8,75,58,1013,2,1,1
R,8693,13561,690.7,75,59,1013,2,1,1
R,8733,13584,695.7,74,58,1013,2,1,1
R,8773,13608,700.6,74,59,1012,2,1,1
R,8813,13631,705.6,75,58,1013,2,1,2
R,8853,13654,710.6,74,58,1013,2,1,1
R,8893,13677,715.6,74,58,1013,2,1,1
R,8933,13700,720.6,75,59,1013,2,1,1
R,8973,13723,725.6,75,59,1013,2,1,1
R,9013,13746,730.6,75,58,1012,2,1,1
R,9053,13770,735.6,74,58,1012,2,1,1
R,9093,13793,740.6,74,58,1013,2,1,1
R,9133,13816,745.6,75,59,1012,2,1,1
R,9173,13839,750.7,75,58,1012,2,1,1
R,9213,13862,755.7,74,59,1012,3,1,1
R,9253,13885,760.8,75,58,1013,2,1,1
R,9299,13912,766.6,75,58,1012,2,1,1
R,9340,13936,771.8,74,58,1013,2,1,1
R,9381,13959,777.0,75,59,1013,2,1,1
R,9421,13982,782.1,74,59,1013,2,1,1
R,9461,14006,787.2,74,59,1012,2,1,1
R,9501,14029,792.3,75,58,1012,2,1,1
R,9541,14052,797.4,75,58,1013,2,1,1
R,9581,14075,802.6,75,59,1013,3,1,1
R,9621,14098,807.7,75,58,1013,2,1,1
R,9661,14121,812.8,75,58,1013,2,1,1
R,9701,14144,818.0,75,59,1013,2,1,1
R,9741,14168,823.2,75,58,1013,2,1,1
R,9781,14191,828.3,75,58,1014,2,1,1
R,9821,14214,833.5,75,58,1013,2,1,1
R,9860,14237,838.6,75,58,1013,2,1,1
R,9901,14260,843.9,75,58,1013,3,1,1
R,9948,14288,850.0,75,58,1013,2,1,1
R,9989,14311,855.3,75,58,1013,3,1,1
R,10029,14334,860.6,75,57,1013,3,1,1
R,10069,14357,865.8,75,58,1013,2,1,1
R,10109,14380,871.0,75,58,1013,2,1,1
R,10149,14404,876.3,75,58,1013,2,1,1
R,10188,14427,881.4,75,58,1013,2,1,1
R,10229,14450,886.8,75,58,1013,2,1,1
R,10269,14473,892.1,74,58,1012,2,1,1
R,10309,14496,897.3,76,58,1012,2,0,1
R,10349,14519,902.6,75,58,1013,2,1,1
R,10389,14542,907.9,74,58,1013,2,1,1
R,10429,14566,913.2,75,58,1012,2,1,1
R,10469,14589,918.6,75,59,1013,2,0,1
R,10509,14612,923.9,75,58,1012,2,1,1
R,10549,14635,929.2,75,58,1014,2,1,1
R,10601,14666,936.2,75,58,1013,2,1,1
R,10642,14689,941.6,75,59,1013,2,1,1
R,10682,14712,947.0,75,58,1012,2,1,1
R,10722,14735,952.4,75,58,1013,2,1,1
R,10762,14758,957.7,75,58,1012,2,1,1
R,10802,14781,963.1,74,58,1013,2,1,1
R,10842,14805,968.5,75,58,1012,2,0,1
R,10882,14828,973.9,75,59,1012,2,1,2
R,10922,14851,979.3,74,59,1014,3,1,1
R,10962,14874,984.7,75,59,1013,2,1,1
R,11002,14897,990.2,75,59,1013,2,1,1
R,11042,14920,995.6,75,58,1012,2,1,1
R,11082,14943,1001.0,75,58,1013,2,1,1
R,11122,14967,1006.5,74,58,1013,2,1,1
R,11162,14990,1012.0,76,58,1013,2,1,1
R,11202,15013,1017.4,75,58,1013,3,1,1
R,11250,15041,1024.0,76,58,1013,2,1,1
R,11291,15064,1029.6,75,59,1013,2,1,1
R,11331,15087,1035.1,75,58,1013,2,1,1
R,11371,15111,1040.6,75,58,1013,2,1,1
R,11411,15134,1046.1,76,58,1013,2,1,1
R,11452,15157,1051.8,75,59,1013,2,1,1
R,11492,15181,1057.3,75,58,1013,2,1,1
R,11532,15204,1062.9,74,58,1012,2,1,1
R,11572,15227,1068.4,76,59,1013,2,1,1
R,11612,15250,1074.0,75,58,1013,2,1,1
R,11652,15273,1079.5,75,58,1012,2,1,1
R,11692,15296,1085.1,75,59,1013,2,1,1
R,11732,15319,1090.7,76,58,1013,2,1,1
R,11771,15343,1096.1,75,57,1013,2,1,1
R,11812,15366,1101.9,75,58,1013,2,1,1
R,11852,15389,1107.5,74,58,1012,2,1,1
R,11896,15414,1113.6,76,58,1013,2,1,2
R,11936,15437,1119.3,75,58,1013,2,1,1
R,11976,15461,1124.9,75,58,1013,2,1,1
R,12016,15484,1130.5,75,58,1013,2,1,1
R,12056,15507,1136.2,75,58,1013,2,1,1
R,12096,15530,1141.8,74,58,1012,2,1,1
R,12136,15553,1147.5,76,58,1013,2,1,1
R,12176,15576,1153.2,75,58,1013,2,1,1
R,12216,15599,1158.9,75,59,1013,2,1,1
R,12256,15623,1164.6,75,59,1012,2,1,1
R,12296,15646,1170.3,74,58,1013,2,1,1
R,12336,15669,1176.0,74,58,1013,2,1,1
R,12376,15692,1181.7,75,59,1013,2,1,1
R,12416,15715,1187.4,75,59,1013,3,1,1
R,12456,15738,1193.1,74,58,1013,2,1,1
R,12496,15761,1198.9,75,58,1012,2,1,1
R,12547,15791,1206.2,75,58,1013,2,1,1
R,12588,15815,1212.1,75,57,1013,2,1,1
R,12628,15838,1217.9,74,58,1013,2,1,1
R,12668,15861,1223.7,76,59,1013,2,1,1
R,12708,15884,1229.5,73,58,1013,2,1,1
R,12747,15907,1235.1,74,59,1014,2,1,1
R,12788,15930,1241.1,75,58,1013,2,1,1
R,12828,15953,1246.9,75,58,1013,2,1,1
R,12868,15977,1252.7,75,58,1013,2,1,1
R,12907,16000,1258.4,76,58,1013,2,1,1
R,12948,16023,1264.3,74,58,1013,2,1,1
R,12987,16046,1270.0,75,59,1013,2,1,1
R,13027,16069,1275.9,75,59,1013,2,1,1
R,13068,16092,1281.9,75,58,1013,2,1,1
R,13108,16115,1287.8,75,59,1013,2,1,1
R,13148,16139,1293.7,75,59,1013,2,1,1
R,13198,16128,1301.0,75,59,1013,2,1,1
R,13238,16030,1306.9,76,59,1013,2,1,1
R,13278,15931,1312.7,75,58,1013,2,1,1
R,13318,15833,1318.5,75,58,1013,2,1,1
R,13358,15734,1324.2,75,58,1013,2,1,1
[dump] J60 t_ms=1880
[dump] J330 t_ms=5354 vcross_x100=10816 vtrap_x100=10450
[dump] J660 t_ms=8338 vcross_x100=13421 vtrap_x100=13215
[dump] J1320 t_ms=13222 vcross_x100=15790 vtrap_x100=16058
[dump] FIN RUN #1 t60=1880 t330=5354 t660=8338 t1320=13222
