[dump] RUN #1 heure=23:22:52 src=SEUIL_GPS rollout_ms=0 unit=ALLO9 dyn=4 rate_ms=40 gps=1 pre=6 imuf=err ecu=HP statut=TERMINE
[dump] CAL cal=1 gxo_cdps=19 gyo_cdps=-30 gzo_cdps=6 cal_tempC=43 run_tempC=0
[dump] colonnes: R,elapsed_ms,kmh_x100,dist_ft,ax_mg,ay_mg,az_mg,gx_ds10,gy_ds10,gz_ds10
R,-1441,40,0.0,0,0,0,0,0,0
R,-1207,40,0.0,0,0,0,0,0,0
R,-954,40,0.0,0,0,0,0,0,0
R,-721,40,0.0,0,0,0,0,0,0
R,-487,40,0.0,0,0,0,0,0,0
R,-234,40,0.0,0,0,0,0,0,0
R,238,1934,3.1,0,0,0,0,0,0
R,278,2100,3.9,0,0,0,0,0,0
R,318,2242,4.6,0,0,0,0,0,0
R,358,2346,5.5,0,0,0,0,0,0
R,399,2452,6.4,0,0,0,0,0,0
R,439,2556,7.3,0,0,0,0,0,0
R,479,2660,8.2,0,0,0,0,0,0
R,519,2764,9.2,0,0,0,0,0,0
R,559,2868,10.3,0,0,0,0,0,0
R,599,2972,11.3,0,0,0,0,0,0
R,639,3076,12.4,0,0,0,0,0,0
R,679,3180,13.6,0,0,0,0,0,0
R,719,3284,14.7,0,0,0,0,0,0
R,759,3388,16.0,0,0,0,0,0,0
R,799,3492,17.2,0,0,0,0,0,0
R,839,3548,18.5,0,0,0,0,0,0
R,879,3600,19.8,0,0,0,0,0,0
R,919,3652,21.1,0,0,0,0,0,0
R,959,3704,22.5,0,0,0,0,0,0
R,999,3756,23.8,0,0,0,0,0,0
R,1046,3817,25.4,0,0,0,0,0,0
R,1086,3869,26.8,0,0,0,0,0,0
R,1126,3921,28.3,0,0,0,0,0,0
R,1166,3973,29.7,0,0,0,0,0,0
R,1206,4025,31.2,0,0,0,0,0,0
R,1246,4077,32.6,0,0,0,0,0,0
R,1286,4129,34.1,0,0,0,0,0,0
R,1326,4181,35.6,0,0,0,0,0,0
R,1366,4233,37.2,0,0,0,0,0,0
R,1406,4285,38.7,0,0,0,0,0,0
R,1446,4337,40.3,0,0,0,0,0,0
R,1486,4389,41.9,0,0,0,0,0,0
R,1526,4441,43.5,0,0,0,0,0,0
R,1566,4493,45.1,0,0,0,0,0,0
R,1606,4545,46.8,0,0,0,0,0,0
R,1646,4597,48.4,0,0,0,0,0,0
R,1699,4666,50.7,0,0,0,0,0,0
R,1739,4718,52.4,0,0,0,0,0,0
R,1779,4770,54.1,0,0,0,0,0,0
R,1819,4842,55.9,0,0,0,0,0,0
R,1859,4941,57.7,0,0,0,0,0,0
R,1899,5039,59.5,0,0,0,0,0,0
R,1939,5138,61.3,0,0,0,0,0,0
R,1979,5237,63.2,0,0,0,0,0,0
R,2019,5335,65.2,0,0,0,0,0,0
R,2059,5434,67.1,0,0,0,0,0,0
R,2098,5533,69.1,0,0,0,0,0,0
R,2139,5631,71.2,0,0,0,0,0,0
R,2179,5730,73.2,0,0,0,0,0,0
R,2219,5829,75.3,0,0,0,0,0,0
R,2259,5927,77.5,0,0,0,0,0,0
R,2299,6026,79.6,0,0,0,0,0,0
R,2350,6152,82.5,0,0,0,0,0,0
R,2390,6250,84.7,0,0,0,0,0,0
R,2430,6349,87.0,0,0,0,0,0,0
R,2470,6448,89.4,0,0,0,0,0,0
R,2510,6546,91.7,0,0,0,0,0,0
R,2550,6645,94.1,0,0,0,0,0,0
R,2590,6744,96.6,0,0,0,0,0,0
R,2630,6842,99.1,0,0,0,0,0,0
R,2670,6941,101.6,0,0,0,0,0,0
R,2710,7040,104.1,0,0,0,0,0,0
R,2750,7138,106.7,0,0,0,0,0,0
R,2790,7237,109.3,0,0,0,0,0,0
R,2830,7336,112.0,0,0,0,0,0,0
R,2870,7434,114.7,0,0,0,0,0,0
R,2910,7533,117.4,0,0,0,0,0,0
R,2950,7632,120.2,0,0,0,0,0,0
R,2996,7745,123.4,0,0,0,0,0,0
R,3036,7844,126.2,0,0,0,0,0,0
R,3076,7943,129.1,0,0,0,0,0,0
R,3116,8041,132.0,0,0,0,0,0,0
R,3155,8140,134.9,0,0,0,0,0,0
R,3196,8239,138.0,0,0,0,0,0,0
R,3235,8337,140.9,0,0,0,0,0,0
R,3276,8436,144.0,0,0,0,0,0,0
R,3316,8516,147.1,0,0,0,0,0,0
R,3356,8561,150.2,0,0,0,0,0,0
R,3396,8606,153.4,0,0,0,0,0,0
R,3436,8650,156.5,0,0,0,0,0,0
R,3476,8695,159.7,0,0,0,0,0,0
R,3516,8740,162.8,0,0,0,0,0,0
R,3556,8785,166.0,0,0,0,0,0,0
R,3596,8830,169.3,0,0,0,0,0,0
R,3642,8882,173.0,0,0,0,0,0,0
R,3682,8927,176.2,0,0,0,0,0,0
R,3722,8971,179.5,0,0,0,0,0,0
R,3762,9016,182.8,0,0,0,0,0,0
R,3802,9061,186.0,0,0,0,0,0,0
R,3842,9106,189.4,0,0,0,0,0,0
R,3882,9151,192.7,0,0,0,0,0,0
R,3922,9196,196.0,0,0,0,0,0,0
R,3962,9241,199.4,0,0,0,0,0,0
R,4002,9286,202.8,0,0,0,0,0,0
R,4042,9331,206.2,0,0,0,0,0,0
R,4081,9376,209.5,0,0,0,0,0,0
R,4121,9420,212.9,0,0,0,0,0,0
R,4162,9465,216.4,0,0,0,0,0,0
R,4202,9510,219.9,0,0,0,0,0,0
R,4242,9555,223.4,0,0,0,0,0,0
R,4291,9610,227.7,0,0,0,0,0,0
R,4331,9655,231.2,0,0,0,0,0,0
R,4371,9700,234.7,0,0,0,0,0,0
R,4411,9745,238.2,0,0,0,0,0,0
R,4450,9790,241.7,0,0,0,0,0,0
R,4491,9835,245.4,0,0,0,0,0,0
R,4531,9879,249.0,0,0,0,0,0,0
R,4571,9924,252.6,0,0,0,0,0,0
R,4610,9969,256.1,0,0,0,0,0,0
R,4651,10014,259.8,0,0,0,0,0,0
R,4691,10059,263.5,0,0,0,0,0,0
R,4731,10104,267.2,0,0,0,0,0,0
R,4771,10149,270.9,0,0,0,0,0,0
R,4811,10194,274.6,0,0,0,0,0,0
R,4851,10239,278.3,0,0,0,0,0,0
R,4891,10284,282.0,0,0,0,0,0,0
R,4943,10342,286.9,0,0,0,0,0,0
R,4982,10387,290.6,0,0,0,0,0,0
R,5023,10432,294.5,0,0,0,0,0,0
R,5063,10477,298.3,0,0,0,0,0,0
R,5103,10522,302.1,0,0,0,0,0,0
R,5143,10566,306.0,0,0,0,0,0,0
R,5183,10611,309.8,0,0,0,0,0,0
R,5223,10656,313.7,0,0,0,0,0,0
R,5263,10701,317.6,0,0,0,0,0,0
R,5303,10736,321.5,0,0,0,0,0,0
R,5343,10772,325.4,0,0,0,0,0,0
R,5383,10807,329.4,0,0,0,0,0,0
R,5423,10842,333.3,0,0,0,0,0,0
R,5463,10878,337.3,0,0,0,0,0,0
R,5503,10913,341.3,0,0,0,0,0,0
R,5542,10948,345.1,0,0,0,0,0,0
R,5592,10992,350.1,0,0,0,0,0,0
R,5632,11027,354.2,0,0,0,0,0,0
R,5672,11062,358.2,0,0,0,0,0,0
R,5712,11098,362.2,0,0,0,0,0,0
R,5752,11133,366.3,0,0,0,0,0,0
R,5792,11168,370.3,0,0,0,0,0,0
R,5832,11204,374.4,0,0,0,0,0,0
R,5872,11239,378.5,0,0,0,0,0,0
R,5912,11274,382.6,0,0,0,0,0,0
R,5952,11310,386.7,0,0,0,0,0,0
R,5992,11345,390.9,0,0,0,0,0,0
R,6032,11380,395.0,0,0,0,0,0,0
R,6072,11416,399.1,0,0,0,0,0,0
R,6112,11451,403.3,0,0,0,0,0,0
R,6151,11487,407.4,0,0,0,0,0,0
R,6192,11522,411.7,0,0,0,0,0,0
R,6239,11563,416.6,0,0,0,0,0,0
R,6279,11599,420.9,0,0,0,0,0,0
R,6319,11634,425.1,0,0,0,0,0,0
R,6359,11669,429.3,0,0,0,0,0,0
R,6399,11705,433.6,0,0,0,0,0,0
R,6439,11740,437.9,0,0,0,0,0,0
R,6479,11775,442.2,0,0,0,0,0,0
R,6519,11811,446.5,0,0,0,0,0,0
R,6559,11846,450.8,0,0,0,0,0,0
R,6599,11882,455.1,0,0,0,0,0,0
R,6639,11917,459.4,0,0,0,0,0,0
R,6679,11952,463.8,0,0,0,0,0,0
R,6719,11988,468.1,0,0,0,0,0,0
R,6758,12023,472.4,0,0,0,0,0,0
R,6799,12058,476.9,0,0,0,0,0,0
R,6839,12094,481.3,0,0,0,0,0,0
R,6887,12136,486.6,0,0,0,0,0,0
R,6927,12171,491.0,0,0,0,0,0,0
R,6967,12207,495.5,0,0,0,0,0,0
R,7007,12242,499.9,0,0,0,0,0,0
R,7047,12277,504.4,0,0,0,0,0,0
R,7087,12313,508.9,0,0,0,0,0,0
R,7127,12348,513.4,0,0,0,0,0,0
R,7167,12383,517.9,0,0,0,0,0,0
R,7207,12419,522.4,0,0,0,0,0,0
R,7247,12454,527.0,0,0,0,0,0,0
R,7287,12490,531.5,0,0,0,0,0,0
R,7327,12525,536.1,0,0,0,0,0,0
R,7367,12560,540.6,0,0,0,0,0,0
R,7407,12596,545.2,0,0,0,0,0,0
R,7447,12631,549.8,0,0,0,0,0,0
R,7487,12666,554.4,0,0,0,0,0,0
R,7540,12713,560.6,0,0,0,0,0,0
R,7580,12748,565.2,0,0,0,0,0,0
R,7620,12784,569.8,0,0,0,0,0,0
R,7660,12819,574.5,0,0,0,0,0,0
R,7700,12855,579.2,0,0,0,0,0,0
R,7740,12890,583.9,0,0,0,0,0,0
R,7780,12925,588.6,0,0,0,0,0,0
R,7820,12961,593.3,0,0,0,0,0,0
R,7860,12996,598.0,0,0,0,0,0,0
R,7900,13031,602.8,0,0,0,0,0,0
R,7940,13067,607.5,0,0,0,0,0,0
R,7980,13102,612.3,0,0,0,0,0,0
R,8020,13137,617.1,0,0,0,0,0,0
R,8060,13173,621.9,0,0,0,0,0,0
R,8100,13208,626.7,0,0,0,0,0,0
R,8140,13243,631.5,0,0,0,0,0,0
R,8185,13283,637.0,0,0,0,0,0,0
R,8225,13318,641.8,0,0,0,0,0,0
R,8265,13354,646.7,0,0,0,0,0,0
R,8305,13379,651.5,0,0,0,0,0,0
R,8345,13402,656.4,0,0,0,0,0,0
R,8385,13425,661.3,0,0,0,0,0,0
R,8425,13449,666.2,0,0,0,0,0,0
R,8465,13472,671.1,0,0,0,0,0,0
R,8505,13495,676.0,0,0,0,0,0,0
R,8545,13518,681.0,0,0,0,0,0,0
R,8585,13541,685.9,0,0,0,0,0,0
R,8625,13564,690.8,0,0,0,0,0,0
R,8665,13587,695.8,0,0,0,0,0,0
R,8705,13610,700.7,0,0,0,0,0,0
R,8745,13634,705.7,0,0,0,0,0,0
R,8785,13657,710.7,0,0,0,0,0,0
R,8837,13687,717.2,0,0,0,0,0,0
R,8877,13710,722.1,0,0,0,0,0,0
R,8917,13733,727.1,0,0,0,0,0,0
R,8957,13756,732.2,0,0,0,0,0,0
R,8997,13779,737.2,0,0,0,0,0,0
R,9037,13803,742.2,0,0,0,0,0,0
R,9077,13826,747.2,0,0,0,0,0,0
R,9117,13849,752.3,0,0,0,0,0,0
R,9157,13872,757.3,0,0,0,0,0,0
R,9197,13895,762.4,0,0,0,0,0,0
R,9237,13918,767.5,0,0,0,0,0,0
R,9277,13941,772.5,0,0,0,0,0,0
R,9317,13965,777.6,0,0,0,0,0,0
R,9357,13988,782.7,0,0,0,0,0,0
R,9397,14011,787.8,0,0,0,0,0,0
R,9437,14034,792.9,0,0,0,0,0,0
R,9483,14061,798.8,0,0,0,0,0,0
R,9523,14084,804.0,0,0,0,0,0,0
R,9563,14107,809.1,0,0,0,0,0,0
R,9603,14130,814.2,0,0,0,0,0,0
R,9643,14153,819.4,0,0,0,0,0,0
R,9683,14176,824.6,0,0,0,0,0,0
R,9723,14199,829.7,0,0,0,0,0,0
R,9763,14223,834.9,0,0,0,0,0,0
R,9803,14246,840.1,0,0,0,0,0,0
R,9843,14269,845.3,0,0,0,0,0,0
R,9883,14292,850.5,0,0,0,0,0,0
R,9923,14315,855.7,0,0,0,0,0,0
R,9963,14338,860.9,0,0,0,0,0,0
R,10003,14361,866.2,0,0,0,0,0,0
R,10043,14385,871.4,0,0,0,0,0,0
R,10083,14408,876.7,0,0,0,0,0,0
R,10132,14436,883.1,0,0,0,0,0,0
R,10172,14459,888.4,0,0,0,0,0,0
R,10212,14482,893.6,0,0,0,0,0,0
R,10252,14505,898.9,0,0,0,0,0,0
R,10292,14529,904.2,0,0,0,0,0,0
R,10332,14552,909.5,0,0,0,0,0,0
R,10372,14575,914.8,0,0,0,0,0,0
R,10412,14598,920.1,0,0,0,0,0,0
R,10452,14621,925.5,0,0,0,0,0,0
R,10492,14644,930.8,0,0,0,0,0,0
R,10532,14667,936.2,0,0,0,0,0,0
R,10572,14691,941.5,0,0,0,0,0,0
R,10612,14714,946.9,0,0,0,0,0,0
R,10652,14737,952.2,0,0,0,0,0,0
R,10692,14760,957.6,0,0,0,0,0,0
R,10732,14783,963.0,0,0,0,0,0,0
R,10784,14813,970.0,0,0,0,0,0,0
R,10824,14836,975.4,0,0,0,0,0,0
R,10864,14860,980.8,0,0,0,0,0,0
R,10904,14883,986.2,0,0,0,0,0,0
R,10944,14906,991.7,0,0,0,0,0,0
R,10984,14929,997.1,0,0,0,0,0,0
R,11024,14952,1002.6,0,0,0,0,0,0
R,11064,14975,1008.0,0,0,0,0,0,0
R,11104,14998,1013.5,0,0,0,0,0,0
R,11144,15021,1018.9,0,0,0,0,0,0
R,11184,15045,1024.4,0,0,0,0,0,0
R,11224,15068,1029.9,0,0,0,0,0,0
R,11264,15091,1035.4,0,0,0,0,0,0
R,11303,15114,1040.8,0,0,0,0,0,0
R,11344,15137,1046.4,0,0,0,0,0,0
R,11384,15160,1052.0,0,0,0,0,0,0
R,11433,15189,1058.7,0,0,0,0,0,0
R,11473,15212,1064.3,0,0,0,0,0,0
R,11513,15235,1069.8,0,0,0,0,0,0
R,11553,15258,1075.4,0,0,0,0,0,0
R,11593,15281,1080.9,0,0,0,0,0,0
R,11633,15304,1086.5,0,0,0,0,0,0
R,11673,15328,1092.1,0,0,0,0,0,0
R,11713,15351,1097.7,0,0,0,0,0,0
R,11753,15374,1103.3,0,0,0,0,0,0
R,11792,15397,1108.8,0,0,0,0,0,0
R,11833,15420,1114.5,0,0,0,0,0,0
R,11873,15443,1120.1,0,0,0,0,0,0
R,11913,15466,1125.8,0,0,0,0,0,0
R,11953,15490,1131.4,0,0,0,0,0,0
R,11993,15513,1137.1,0,0,0,0,0,0
R,12033,15536,1142.7,0,0,0,0,0,0
R,12079,15562,1149.3,0,0,0,0,0,0
R,12119,15586,1154.9,0,0,0,0,0,0
R,12159,15609,1160.6,0,0,0,0,0,0
R,12199,15632,1166.3,0,0,0,0,0,0
R,12239,15655,1172.0,0,0,0,0,0,0
R,12279,15678,1177.7,0,0,0,0,0,0
R,12319,15701,1183.4,0,0,0,0,0,0
R,12359,15724,1189.2,0,0,0,0,0,0
R,12399,15748,1194.9,0,0,0,0,0,0
R,12439,15771,1200.7,0,0,0,0,0,0
R,12479,15794,1206.4,0,0,0,0,0,0
R,12519,15817,1212.2,0,0,0,0,0,0
R,12559,15840,1217.9,0,0,0,0,0,0
R,12599,15863,1223.7,0,0,0,0,0,0
R,12639,15886,1229.5,0,0,0,0,0,0
R,12679,15910,1235.3,0,0,0,0,0,0
R,12728,15938,1242.4,0,0,0,0,0,0
R,12768,15961,1248.2,0,0,0,0,0,0
R,12808,15984,1254.0,0,0,0,0,0,0
R,12848,16007,1259.9,0,0,0,0,0,0
R,12888,16030,1265.7,0,0,0,0,0,0
R,12928,16054,1271.6,0,0,0,0,0,0
R,12968,16077,1277.4,0,0,0,0,0,0
R,13008,16100,1283.3,0,0,0,0,0,0
R,13048,16123,1289.2,0,0,0,0,0,0
R,13088,16146,1295.0,0,0,0,0,0,0
R,13128,16121,1300.9,0,0,0,0,0,0
R,13168,16022,1306.8,0,0,0,0,0,0
R,13208,15924,1312.6,0,0,0,0,0,0
R,13248,15825,1318.4,0,0,0,0,0,0
R,13288,15727,1324.1,0,0,0,0,0,0
[dump] J60 t_ms=1856
[dump] J330 t_ms=5323 vcross_x100=10821 vtrap_x100=10465
[dump] J660 t_ms=8306 vcross_x100=13424 vtrap_x100=13215
[dump] J1320 t_ms=13190 vcross_x100=15780 vtrap_x100=16058
[dump] FIN RUN #1 t60=1856 t330=5323 t660=8306 t1320=13190
