[dump] RUN #1 heure=07:10:45 src=SEUIL_GPS rollout_ms=0 unit=ALLO9 dyn=4 rate_ms=40 gps=1 pre=10 imuf=2/7 ecu=HP statut=TERMINE
[dump] CAL cal=1 gxo_cdps=21 gyo_cdps=-8 gzo_cdps=6 cal_tempC=43 run_tempC=25
[dump] colonnes: R,elapsed_ms,kmh_x100,dist_ft,ax_mg,ay_mg,az_mg,gx_ds10,gy_ds10,gz_ds10
R,-1371,40,0.0,-2,-43,1018,0,-1,0
R,-1235,40,0.0,-3,-43,1019,1,0,0
R,-1085,40,0.0,-3,-43,1018,2,0,0
R,-953,40,0.0,-3,-43,1019,1,0,0
R,-818,40,0.0,-3,-43,1019,1,0,0
R,-686,40,0.0,-3,-43,1018,2,0,0
R,-552,40,0.0,-3,-43,1019,2,0,0
R,-398,40,0.0,-1,-43,1019,2,0,0
R,-267,40,0.0,-2,-43,1018,2,0,0
R,-132,40,0.0,-2,-42,1018,0,-1,0
R,148,802,0.7,-3,-43,1018,2,0,0
R,189,969,1.0,-2,-43,1018,2,0,0
R,239,1181,1.5,-3,-43,1019,1,-1,0
R,280,1347,2.0,-2,-43,1018,1,-1,0
R,320,1514,2.5,-2,-42,1018,1,0,0
R,360,1680,3.1,-3,-43,1018,2,0,0
R,400,1846,3.7,-2,-43,1019,1,0,0
R,440,2013,4.4,-3,-43,1019,2,0,0
R,480,2179,5.2,-2,-42,1018,2,0,0
R,520,2291,6.0,-3,-44,1018,1,0,0
R,560,2395,6.8,-3,-43,1018,1,0,0
R,600,2499,7.7,-2,-44,1018,1,0,0
R,640,2603,8.7,-3,-42,1019,1,0,0
R,680,2707,9.6,-2,-42,1019,1,0,0
R,720,2811,10.6,-3,-43,1019,2,0,0
R,761,2918,11.7,-3,-42,1019,2,0,0
R,801,3022,12.8,-2,-43,1018,2,0,0
R,840,3126,13.9,-2,-43,1019,3,0,0
R,888,3250,15.3,-1,-42,1019,3,0,0
R,929,3354,16.5,-3,-44,1018,2,0,0
R,969,3458,17.8,-3,-43,1019,2,0,0
R,1009,3531,19.0,-3,-43,1018,1,0,0
R,1049,3583,20.3,-2,-43,1019,0,-1,0
R,1089,3635,21.6,-3,-44,1018,1,0,0
R,1129,3687,23.0,-3,-43,1019,1,0,0
R,1169,3739,24.3,-3,-44,1018,1,0,0
R,1209,3791,25.7,-2,-43,1019,1,0,0
R,1249,3843,27.1,-3,-43,1019,2,0,0
R,1289,3895,28.5,-2,-43,1019,2,0,0
R,1329,3947,29.9,-2,-43,1018,2,0,0
R,1369,3999,31.4,-2,-43,1019,2,0,0
R,1409,4051,32.8,-2,-43,1018,1,0,0
R,1449,4103,34.3,-2,-43,1018,1,0,0
R,1489,4155,35.8,-2,-43,1018,2,0,0
R,1540,4223,37.8,-2,-43,1019,2,0,0
R,1581,4275,39.4,-3,-43,1018,2,0,0
R,1621,4327,40.9,-2,-44,1019,3,0,0
R,1660,4379,42.5,-3,-43,1019,4,0,0
R,1701,4431,44.1,-2,-42,1018,0,-2,0
R,1741,4483,45.8,-3,-42,1018,0,-1,0
R,1781,4535,47.4,-2,-43,1019,1,-1,0
R,1821,4587,49.1,-3,-43,1017,0,-2,0
R,1861,4639,50.7,-3,-44,1018,0,-1,0
R,1901,4691,52.4,-2,-42,1019,3,0,0
R,1941,4743,54.2,-2,-43,1017,3,0,0
R,1981,4795,55.9,-1,-43,1018,0,-1,0
R,2021,4889,57.7,-3,-43,1018,2,0,0
R,2061,4987,59.5,-3,-42,1018,4,0,0
R,2101,5086,61.3,-3,-43,1017,2,0,0
R,2141,5185,63.2,-3,-43,1018,0,-1,0
R,2189,5306,65.5,-1,-43,1018,0,-1,0
R,2230,5404,67.5,-2,-43,1019,0,-1,0
R,2270,5503,69.5,-2,-44,1019,1,0,0
R,2310,5602,71.5,-3,-43,1018,2,0,0
R,2350,5700,73.5,-3,-43,1018,1,0,0
R,2390,5799,75.6,-2,-43,1018,1,0,0
R,2430,5898,77.8,-2,-43,1018,3,0,0
R,2470,5996,79.9,-4,-43,1018,3,0,0
R,2510,6095,82.1,-3,-43,1018,0,-1,0
R,2550,6194,84.4,-2,-43,1018,2,0,0
R,2590,6292,86.7,-1,-43,1017,1,0,0
R,2630,6391,89.0,-2,-43,1019,0,-1,0
R,2670,6490,91.3,-3,-43,1019,1,0,0
R,2710,6588,93.7,-2,-44,1019,2,0,0
R,2750,6687,96.1,-2,-43,1019,2,0,0
R,2790,6786,98.6,-2,-43,1019,2,0,0
R,2836,6902,101.4,-1,-43,1018,3,0,0
R,2877,7000,104.0,-2,-43,1018,2,0,0
R,2917,7099,106.6,-2,-43,1018,2,0,0
R,2957,7198,109.2,-3,-42,1018,1,0,0
R,2997,7296,111.9,-3,-42,1018,0,-1,0
R,3037,7395,114.5,-3,-42,1018,0,-1,0
R,3077,7494,117.3,-2,-44,1018,2,0,0
R,3117,7592,120.0,-3,-43,1018,1,0,0
R,3157,7691,122.8,-2,-43,1018,1,0,0
R,3197,7790,125.6,-2,-43,1019,2,0,0
R,3237,7888,128.5,-3,-43,1019,3,0,0
R,3276,7987,131.3,-3,-42,1018,2,0,0
R,3317,8086,134.3,-3,-43,1018,1,0,0
R,3357,8184,137.3,-3,-43,1018,2,0,0
R,3397,8283,140.3,-3,-42,1018,1,0,0
R,3437,8382,143.3,-2,-43,1018,1,0,0
R,3484,8500,146.9,-2,-43,1019,1,-1,0
R,3525,8545,150.1,-2,-43,1018,1,-1,0
R,3565,8590,153.2,-2,-43,1018,2,0,0
R,3605,8635,156.4,-2,-43,1018,2,0,0
R,3645,8680,159.5,-3,-43,1018,2,0,0
R,3685,8724,162.7,-2,-43,1018,1,0,0
R,3725,8769,165.9,-2,-43,1018,2,0,0
R,3765,8814,169.1,-2,-44,1018,1,0,0
R,3805,8859,172.3,-2,-44,1018,1,0,0
R,3845,8904,175.5,-3,-43,1018,0,-1,0
R,3885,8949,178.8,-2,-43,1018,1,0,0
R,3925,8994,182.1,-3,-43,1018,3,0,0
R,3965,9039,185.4,-3,-43,1019,2,0,0
R,4005,9084,188.7,-2,-43,1018,2,0,0
R,4045,9129,192.0,-2,-42,1018,3,0,0
R,4085,9173,195.3,-3,-43,1017,2,0,0
R,4137,9233,199.7,-2,-43,1019,0,-1,0
R,4178,9278,203.1,-3,-44,1020,1,-1,0
R,4218,9323,206.5,-2,-43,1019,2,0,0
R,4257,9368,209.8,-3,-42,1018,1,0,0
R,4298,9413,213.4,-2,-43,1020,2,0,0
R,4338,9457,216.8,-3,-42,1019,3,0,0
R,4378,9502,220.2,-4,-44,1019,3,0,0
R,4418,9547,223.7,-3,-43,1019,2,0,0
R,4459,9593,227.3,-3,-43,1019,2,0,0
R,4499,9638,230.8,-3,-43,1018,1,0,0
R,4539,9683,234.3,-2,-43,1018,1,0,0
R,4579,9728,237.9,-2,-43,1018,1,0,0
R,4619,9773,241.4,-2,-44,1019,0,-1,0
R,4659,9818,245.0,-2,-44,1019,0,-1,0
R,4699,9863,248.6,-2,-43,1018,3,0,0
R,4739,9908,252.2,-3,-43,1018,3,0,0
R,4784,9959,256.3,-2,-43,1019,2,0,0
R,4825,10004,260.0,-2,-43,1019,3,0,0
R,4865,10049,263.6,-3,-41,1018,2,0,0
R,4905,10094,267.3,-3,-43,1018,1,-1,0
R,4945,10139,271.0,-2,-42,1019,1,-1,0
R,4984,10184,274.6,-3,-43,1019,1,0,0
R,5025,10229,278.4,-3,-43,1019,1,0,0
R,5065,10273,282.2,-3,-43,1018,2,0,0
R,5105,10318,285.9,-2,-44,1019,2,0,0
R,5145,10363,289.7,-2,-44,1018,2,0,0
R,5185,10408,293.5,-2,-43,1018,2,0,0
R,5225,10453,297.3,-2,-43,1018,2,0,0
R,5264,10498,301.0,-2,-43,1019,2,0,0
R,5305,10543,304.9,-3,-42,1017,1,0,0
R,5345,10588,308.8,-2,-44,1018,0,-2,0
R,5385,10633,312.6,-2,-43,1019,2,0,0
R,5434,10689,317.4,-2,-43,1019,1,0,0
R,5475,10727,321.4,-2,-43,1019,2,0,0
R,5515,10762,325.3,-2,-43,1018,3,0,0
R,5554,10797,329.2,-3,-44,1019,3,0,0
R,5595,10833,333.2,-3,-42,1018,2,0,0
R,5635,10868,337.1,-2,-42,1018,2,0,0
R,5675,10903,341.1,-3,-42,1018,1,-1,0
R,5715,10939,345.1,-2,-43,1018,0,-1,0
R,5755,10974,349.1,-2,-43,1018,0,-1,0
R,5795,11009,353.1,-2,-43,1018,0,-1,0
R,5835,11045,357.1,-2,-43,1019,0,-2,0
R,5875,11080,361.1,-2,-43,1019,1,0,0
R,5915,11115,365.2,-3,-43,1019,3,0,0
R,5955,11151,369.3,-2,-43,1018,2,0,0
R,5995,11186,373.3,-3,-44,1019,2,0,0
R,6035,11221,377.4,-2,-43,1019,4,1,0
R,6080,11262,382.0,-3,-43,1018,2,0,0
R,6121,11297,386.2,-3,-43,1018,0,0,0
R,6160,11333,390.3,-2,-42,1019,1,0,0
R,6201,11368,394.5,-3,-43,1018,1,0,0
R,6241,11403,398.6,-2,-43,1018,0,-1,0
R,6281,11439,402.8,-2,-42,1019,1,0,0
R,6321,11474,407.0,-2,-43,1018,4,0,0
R,6361,11509,411.2,-2,-43,1019,2,0,0
R,6401,11545,415.4,-2,-42,1019,2,0,0
R,6441,11580,419.6,-3,-41,1018,3,0,0
R,6480,11616,423.7,-3,-44,1018,1,0,0
R,6521,11651,428.1,-3,-43,1019,0,0,0
R,6561,11686,432.3,-3,-43,1018,1,0,0
R,6601,11722,436.6,-2,-44,1019,0,-1,0
R,6641,11757,440.9,-2,-43,1018,0,-1,0
R,6681,11792,445.2,-2,-43,1019,2,0,0
R,6729,11836,450.3,-3,-43,1019,3,0,0
R,6770,11871,454.8,-3,-42,1018,2,0,0
R,6810,11906,459.1,-1,-44,1018,3,0,0
R,6850,11942,463.4,-3,-44,1019,3,0,0
R,6889,11977,467.7,-3,-44,1018,1,0,0
R,6930,12012,472.2,-3,-43,1018,1,0,0
R,6970,12048,476.5,-4,-44,1018,1,0,0
R,7010,12083,480.9,-2,-43,1018,1,0,0
R,7049,12118,485.2,-2,-43,1019,1,-1,0
R,7090,12154,489.8,-2,-43,1018,1,0,0
R,7130,12189,494.2,-2,-43,1019,2,0,0
R,7170,12224,498.7,-3,-43,1019,2,0,0
R,7210,12260,503.1,-3,-43,1018,3,0,0
R,7250,12295,507.6,-3,-43,1018,2,0,0
R,7290,12330,512.1,-3,-42,1019,1,0,0
R,7330,12366,516.6,-2,-44,1019,1,0,0
R,7381,12412,522.4,-2,-43,1018,1,-1,0
R,7422,12447,527.0,-3,-44,1019,0,-1,0
R,7462,12482,531.5,-3,-44,1018,1,0,1
R,7501,12518,536.0,-3,-42,1018,1,0,0
R,7542,12553,540.7,-3,-43,1019,2,0,0
R,7582,12589,545.3,-3,-43,1019,3,0,0
R,7622,12624,549.8,-2,-43,1018,3,0,0
R,7662,12659,554.5,-3,-44,1018,2,0,0
R,7702,12695,559.1,-2,-43,1018,2,0,0
R,7742,12730,563.7,-3,-43,1018,0,-1,0
R,7782,12765,568.4,-3,-43,1019,0,-1,0
R,7822,12801,573.0,-2,-44,1018,1,0,0
R,7861,12836,577.6,-3,-44,1018,1,0,1
R,7902,12871,582.4,-2,-43,1018,1,0,0
R,7942,12907,587.1,-2,-44,1019,2,0,0
R,7982,12942,591.8,-2,-42,1019,3,0,0
R,8030,12985,597.5,-3,-43,1019,3,0,0
R,8071,13021,602.3,-2,-42,1019,3,0,0
R,8111,13056,607.1,-2,-43,1018,2,0,0
R,8151,13091,611.8,-3,-43,1019,1,-1,0
R,8190,13127,616.5,-2,-43,1019,0,-1,0
R,8231,13162,621.4,-3,-43,1019,1,-1,0
R,8271,13197,626.2,-3,-44,1019,0,-1,0
R,8311,13233,631.0,-3,-43,1019,2,0,0
R,8351,13268,635.9,-3,-43,1018,5,1,0
R,8391,13303,640.7,-3,-43,1019,4,0,0
R,8431,13339,645.6,-2,-43,1019,1,0,0
R,8471,13369,650.4,-3,-43,1019,3,0,0
R,8511,13392,655.3,-4,-43,1019,0,-1,0
R,8551,13416,660.2,-3,-43,1018,-1,-2,1
R,8591,13439,665.1,-3,-43,1019,0,-1,0
R,8631,13462,670.0,-3,-45,1018,4,1,0
R,8677,13489,675.6,-3,-43,1018,5,0,0
R,8718,13512,680.7,-3,-45,1018,4,0,0
R,8758,13535,685.6,-2,-43,1019,5,1,0
R,8798,13558,690.6,-2,-43,1019,5,1,0
R,8838,13582,695.5,-3,-42,1018,3,0,0
R,8878,13605,700.5,-3,-43,1017,3,0,0
R,8918,13628,705.4,-3,-42,1017,0,-1,0
R,8958,13651,710.4,-4,-43,1018,-1,-2,0
R,8998,13674,715.4,-2,-43,1019,1,0,0
R,9038,13697,720.4,-3,-43,1019,0,-1,0
R,9078,13720,725.4,-3,-44,1019,0,-1,0
R,9118,13744,730.4,-2,-43,1020,2,0,0
R,9158,13767,735.4,-2,-43,1019,4,0,0
R,9198,13790,740.4,-3,-43,1019,2,0,0
R,9238,13813,745.4,-3,-43,1019,3,0,0
R,9278,13836,750.5,-2,-43,1018,3,0,0
R,9326,13864,756.5,-3,-42,1018,1,0,0
R,9367,13888,761.7,-3,-43,1019,0,-1,0
R,9407,13911,766.8,-3,-43,1019,0,-1,0
R,9447,13934,771.9,-2,-43,1018,1,-1,0
R,9487,13957,776.9,-2,-43,1019,1,0,0
R,9527,13980,782.0,-4,-43,1019,3,0,0
R,9567,14003,787.1,-3,-43,1018,2,0,0
R,9607,14026,792.2,-2,-44,1019,3,0,0
R,9647,14050,797.4,-3,-43,1018,3,0,0
R,9687,14073,802.5,-3,-42,1018,2,0,0
R,9727,14096,807.6,-3,-44,1018,0,-1,0
R,9767,14119,812.8,-2,-43,1019,0,-1,0
R,9807,14142,817.9,-3,-43,1019,1,-1,0
R,9847,14165,823.1,-2,-44,1020,0,-1,0
R,9887,14188,828.2,-3,-44,1019,1,0,0
R,9927,14212,833.4,-2,-44,1019,2,0,0
R,9978,14242,840.0,-3,-44,1019,3,0,0
R,10019,14265,845.4,-2,-43,1018,4,0,0
R,10059,14288,850.6,-3,-44,1018,4,0,0
R,10099,14311,855.8,-2,-43,1018,2,0,0
R,10139,14334,861.0,-3,-42,1019,1,0,0
R,10179,14357,866.2,-3,-43,1018,1,-1,0
R,10219,14380,871.5,-2,-44,1019,0,-1,0
R,10259,14404,876.7,-2,-43,1018,0,-1,0
R,10299,14427,882.0,-3,-43,1019,1,0,0
R,10339,14450,887.2,-2,-43,1018,1,0,0
R,10379,14473,892.5,-2,-43,1019,2,0,0
R,10419,14496,897.8,-2,-44,1019,3,0,0
R,10458,14519,902.9,-2,-43,1019,3,0,0
R,10499,14542,908.4,-3,-44,1018,2,0,0
R,10539,14566,913.7,-2,-43,1019,2,0,0
R,10579,14589,919.0,-2,-43,1019,1,0,0
R,10626,14617,925.2,-3,-43,1019,0,-1,0
R,10667,14640,930.7,-3,-43,1018,0,-1,0
R,10707,14663,936.0,-2,-44,1018,1,0,0
R,10747,14686,941.4,-2,-43,1018,2,0,0
R,10787,14709,946.7,-3,-44,1019,2,0,0
R,10827,14732,952.1,-2,-42,1018,3,0,0
R,10867,14755,957.5,-3,-43,1018,3,0,0
R,10906,14779,962.7,-2,-44,1019,2,0,1
R,10947,14802,968.3,-2,-43,1019,2,0,0
R,10987,14825,973.7,-3,-44,1019,1,0,0
R,11027,14848,979.1,-2,-43,1018,0,-1,0
R,11067,14871,984.5,-2,-44,1018,0,-1,0
R,11107,14894,989.9,-2,-44,1018,1,0,0
R,11147,14917,995.3,-1,-43,1019,1,-1,0
R,11187,14940,1000.8,-2,-44,1019,2,0,0
R,11227,14964,1006.2,-2,-43,1019,3,0,0
R,11274,14991,1012.7,-3,-43,1019,3,0,0
R,11315,15015,1018.3,-3,-43,1018,3,0,0
R,11355,15038,1023.7,-3,-43,1018,2,0,0
R,11395,15061,1029.2,-3,-43,1018,1,0,0
R,11435,15084,1034.7,-3,-43,1018,1,0,0
R,11475,15107,1040.2,-2,-42,1018,1,0,0
R,11515,15130,1045.7,-3,-43,1018,1,0,0
R,11555,15153,1051.3,-3,-43,1018,1,0,0
R,11595,15177,1056.8,-3,-43,1018,2,0,0
R,11635,15200,1062.3,-3,-43,1018,2,0,0
R,11675,15223,1067.9,-3,-44,1018,2,0,0
R,11715,15246,1073.4,-3,-43,1018,2,0,0
R,11755,15269,1079.0,-3,-44,1019,2,0,0
R,11795,15292,1084.6,-3,-43,1019,1,0,0
R,11835,15315,1090.1,-3,-43,1018,1,0,0
R,11875,15339,1095.7,-2,-42,1017,1,0,0
R,11921,15366,1102.2,-3,-43,1018,1,0,0
R,11962,15389,1107.9,-2,-44,1018,1,0,0
R,12002,15412,1113.5,-2,-43,1019,2,0,0
R,12042,15435,1119.1,-2,-44,1018,2,0,0
R,12082,15458,1124.8,-2,-43,1018,2,0,0
R,12122,15481,1130.4,-3,-43,1018,3,0,0
R,12162,15505,1136.1,-3,-44,1018,2,0,0
R,12202,15528,1141.7,-3,-43,1018,2,0,0
R,12242,15551,1147.4,-4,-43,1018,2,0,0
R,12282,15574,1153.0,-3,-44,1019,1,0,0
R,12322,15597,1158.7,-2,-43,1019,0,-1,0
R,12362,15620,1164.4,-2,-43,1018,1,-1,0
R,12402,15643,1170.1,-3,-43,1018,1,0,0
R,12442,15667,1175.8,-3,-43,1018,2,0,0
R,12482,15690,1181.5,-3,-43,1019,2,0,0
R,12522,15713,1187.3,-3,-43,1018,2,0,0
R,12570,15741,1194.1,-2,-43,1017,2,0,0
R,12611,15764,1200.0,-3,-43,1018,2,0,0
R,12651,15787,1205.8,-2,-43,1018,1,0,0
R,12691,15811,1211.5,-3,-43,1018,1,-1,0
R,12731,15834,1217.3,-3,-44,1018,0,-1,0
R,12771,15857,1223.1,-1,-44,1018,0,-1,0
R,12811,15880,1228.9,-2,-43,1019,2,0,0
R,12851,15903,1234.7,-2,-43,1018,3,0,0
R,12891,15926,1240.5,-3,-43,1018,3,0,0
R,12931,15949,1246.3,-4,-43,1019,3,0,0
R,12971,15973,1252.1,-4,-43,1017,1,0,0
R,13011,15996,1257.9,-2,-43,1018,-1,-3,0
R,13051,16019,1263.8,-3,-43,1017,0,-2,0
R,13091,16042,1269.6,-3,-42,1017,0,-1,0
R,13131,16065,1275.4,-3,-42,1017,0,-1,0
R,13171,16088,1281.3,-3,-43,1019,2,0,0
R,13222,16118,1288.8,-2,-44,1019,2,0,0
R,13263,16141,1294.8,-2,-45,1020,1,0,0
R,13303,16140,1300.7,-2,-43,1019,4,0,0
R,13343,16042,1306.6,-2,-43,1018,1,0,0
R,13383,15943,1312.4,-2,-43,1019,0,-1,0
R,13423,15845,1318.2,-2,-44,1019,1,0,0
R,13463,15746,1324.0,-2,-44,1018,0,-1,0
[dump] J60 t_ms=1905
[dump] J330 t_ms=5384 vcross_x100=10813 vtrap_x100=10450
[dump] J660 t_ms=8369 vcross_x100=13420 vtrap_x100=13191
[dump] J1320 t_ms=13253 vcross_x100=15797 vtrap_x100=16058
[dump] FIN RUN #1 t60=1905 t330=5384 t660=8369 t1320=13253
