[dump] RUN #1 heure=19:07:00 src=SEUIL_GPS rollout_ms=0 unit=ALLO2 dyn=8 rate_ms=40 gps=1 pre=8 imuf=2/7 ecu=HP statut=TERMINE
[dump] CAL cal=0 gxo_cdps=0 gyo_cdps=0 gzo_cdps=0 cal_tempC=0 run_tempC=27
[dump] colonnes: R,elapsed_ms,kmh_x100,dist_ft,ax_mg,ay_mg,az_mg,gx_ds10,gy_ds10,gz_ds10
R,-1351,40,0.0,29,-46,1046,-3,-6,-5
R,-1183,40,0.0,29,-46,1046,-3,-6,-5
R,-1014,40,0.0,30,-46,1046,-4,-7,-5
R,-846,40,0.0,29,-47,1046,-3,-6,-5
R,-676,40,0.0,30,-46,1047,-3,-6,-5
R,-507,40,0.0,29,-46,1047,-3,-6,-5
R,-341,40,0.0,29,-46,1046,-3,-6,-5
R,-172,40,0.0,29,-46,1046,-4,-6,-5
R,180,1252,1.4,30,-46,1046,-3,-6,-5
R,221,1418,1.9,29,-47,1046,-3,-6,-6
R,260,1584,2.5,29,-46,1046,-4,-7,-5
R,301,1751,3.1,31,-46,1046,-3,-6,-5
R,341,1917,3.8,30,-47,1046,-3,-6,-5
R,380,2084,4.5,30,-46,1046,-3,-6,-5
R,420,2231,5.3,30,-47,1046,-3,-6,-5
R,461,2335,6.1,29,-46,1046,-4,-6,-5
R,501,2439,7.0,29,-47,1046,-4,-7,-5
R,541,2543,7.9,29,-46,1046,-3,-6,-5
R,581,2647,8.8,29,-46,1046,-3,-6,-5
R,621,2751,9.8,30,-46,1046,-4,-6,-6
R,661,2855,10.8,29,-45,1045,-3,-6,-6
R,701,2959,11.9,30,-45,1046,-3,-6,-5
R,741,3063,13.0,29,-45,1046,-3,-6,-5
R,781,3167,14.1,30,-46,1045,-3,-6,-5
R,821,3271,15.3,30,-46,1046,-3,-6,-5
R,861,3375,16.5,30,-46,1045,-3,-6,-5
R,901,3479,17.8,29,-46,1045,-3,-6,-5
R,941,3542,19.1,30,-45,1046,-3,-6,-5
R,981,3594,20.4,29,-46,1047,-3,-6,-5
R,1020,3646,21.6,29,-45,1046,-3,-7,-6
R,1061,3698,23.0,30,-46,1046,-3,-6,-5
R,1100,3750,24.3,30,-46,1045,-3,-6,-5
R,1141,3802,25.7,29,-46,1046,-3,-7,-5
R,1181,3854,27.1,29,-46,1046,-3,-6,-5
R,1221,3906,28.6,30,-46,1045,-3,-6,-5
R,1261,3958,30.0,30,-47,1046,-3,-6,-5
R,1301,4010,31.4,29,-47,1046,-3,-6,-5
R,1340,4062,32.9,31,-47,1046,-3,-6,-5
R,1381,4114,34.4,29,-46,1045,-3,-6,-5
R,1421,4166,35.9,29,-46,1045,-3,-6,-5
R,1461,4218,37.4,30,-46,1046,-3,-6,-5
R,1501,4270,39.0,28,-46,1045,-3,-6,-5
R,1541,4322,40.6,30,-47,1046,-3,-6,-5
R,1581,4374,42.1,30,-45,1044,-1,-6,-5
R,1621,4426,43.7,30,-46,1045,-3,-6,-5
R,1661,4478,45.4,28,-45,1044,-5,-6,-5
R,1700,4530,47.0,30,-47,1045,-2,-6,-5
R,1741,4582,48.7,30,-46,1046,-3,-6,-5
R,1781,4634,50.4,29,-47,1046,-3,-6,-5
R,1821,4686,52.0,30,-46,1045,-2,-6,-5
R,1861,4738,53.8,29,-45,1046,-2,-6,-5
R,1901,4790,55.5,29,-46,1045,-2,-6,-5
R,1941,4879,57.3,29,-46,1045,-3,-6,-5
R,1981,4978,59.1,29,-46,1045,-4,-7,-5
R,2021,5076,60.9,29,-46,1046,-4,-6,-5
R,2061,5175,62.8,29,-46,1045,-3,-6,-5
R,2101,5274,64.7,30,-46,1045,-3,-6,-5
R,2141,5372,66.6,31,-46,1045,-4,-6,-5
R,2181,5471,68.6,30,-47,1046,-3,-6,-5
R,2221,5570,70.6,29,-46,1045,-3,-6,-5
R,2261,5668,72.6,29,-46,1045,-4,-6,-5
R,2300,5767,74.7,29,-46,1045,-3,-6,-5
R,2341,5866,76.9,30,-46,1045,-4,-7,-5
R,2381,5964,79.0,29,-45,1046,-3,-6,-5
R,2421,6063,81.2,30,-46,1045,-3,-7,-5
R,2461,6162,83.4,30,-47,1046,-4,-6,-5
R,2501,6260,85.7,30,-47,1045,-3,-6,-5
R,2541,6359,88.0,30,-46,1045,-3,-6,-5
R,2581,6458,90.3,30,-45,1045,-3,-7,-6
R,2621,6556,92.7,29,-46,1045,-4,-7,-5
R,2661,6655,95.1,29,-46,1044,-4,-6,-5
R,2701,6754,97.6,29,-47,1045,-5,-7,-5
R,2741,6852,100.0,29,-46,1046,-4,-6,-5
R,2781,6951,102.5,30,-47,1045,-4,-6,-5
R,2821,7050,105.1,30,-47,1046,-3,-6,-5
R,2861,7148,107.7,29,-45,1045,-3,-6,-5
R,2901,7247,110.3,30,-47,1045,-3,-6,-5
R,2941,7346,113.0,30,-46,1045,-3,-6,-5
R,2981,7444,115.7,30,-47,1045,-4,-7,-5
R,3021,7543,118.4,29,-46,1046,-4,-6,-5
R,3060,7642,121.1,30,-46,1045,-3,-6,-5
R,3100,7740,123.9,30,-47,1046,-3,-7,-5
R,3141,7839,126.8,29,-46,1045,-3,-6,-5
R,3181,7938,129.7,30,-46,1045,-3,-6,-6
R,3221,8036,132.6,29,-47,1045,-4,-6,-5
R,3261,8135,135.5,31,-46,1046,-4,-6,-5
R,3300,8234,138.5,30,-48,1045,-3,-6,-5
R,3341,8332,141.6,30,-47,1045,-3,-7,-5
R,3381,8431,144.6,30,-46,1046,-4,-6,-5
R,3421,8513,147.7,30,-47,1046,-3,-6,-5
R,3461,8558,150.8,29,-46,1045,-3,-6,-5
R,3500,8603,153.9,30,-47,1044,-3,-6,-5
R,3541,8648,157.1,29,-47,1045,-3,-6,-5
R,3581,8693,160.2,30,-47,1046,-3,-6,-5
R,3621,8738,163.4,29,-46,1046,-4,-6,-5
R,3661,8783,166.6,29,-45,1046,-3,-6,-5
R,3701,8828,169.8,29,-47,1045,-4,-6,-5
R,3741,8873,173.0,30,-47,1045,-3,-6,-5
R,3781,8918,176.3,29,-47,1046,-3,-6,-5
R,3821,8962,179.5,30,-46,1045,-3,-6,-5
R,3861,9007,182.8,29,-47,1046,-4,-6,-5
R,3901,9052,186.1,29,-46,1045,-3,-6,-5
R,3941,9097,189.4,29,-46,1046,-4,-6,-5
R,3981,9142,192.7,30,-46,1045,-4,-6,-6
R,4021,9187,196.1,29,-47,1045,-3,-6,-5
R,4061,9232,199.4,29,-46,1045,-3,-6,-5
R,4100,9277,202.7,29,-46,1045,-3,-6,-5
R,4141,9322,206.2,29,-46,1046,-4,-6,-5
R,4181,9367,209.6,29,-48,1045,-3,-6,-5
R,4221,9411,213.0,30,-47,1046,-4,-6,-5
R,4261,9456,216.5,29,-46,1045,-3,-6,-5
R,4300,9501,219.8,30,-47,1045,-3,-7,-5
R,4341,9546,223.4,30,-47,1045,-3,-6,-5
R,4381,9591,226.9,30,-47,1046,-3,-6,-5
R,4421,9636,230.4,29,-46,1046,-3,-6,-5
R,4461,9681,233.9,29,-46,1045,-3,-6,-5
R,4500,9726,237.4,30,-46,1045,-4,-6,-5
R,4541,9771,241.0,29,-46,1045,-3,-6,-5
R,4581,9816,244.6,30,-47,1045,-3,-7,-5
R,4621,9860,248.2,30,-46,1045,-3,-6,-5
R,4661,9905,251.8,30,-46,1045,-3,-6,-5
R,4700,9950,255.3,30,-47,1046,-3,-6,-5
R,4741,9995,259.0,29,-46,1045,-3,-7,-5
R,4781,10040,262.7,29,-46,1046,-3,-6,-5
R,4821,10085,266.3,29,-46,1045,-3,-6,-5
R,4861,10130,270.0,30,-46,1046,-3,-7,-5
R,4901,10175,273.7,29,-47,1045,-4,-6,-6
R,4941,10220,277.4,29,-46,1044,-3,-6,-5
R,4981,10264,281.2,29,-47,1045,-4,-6,-5
R,5021,10309,284.9,30,-46,1045,-3,-6,-6
R,5061,10354,288.7,30,-46,1046,-3,-7,-5
R,5100,10399,292.4,30,-47,1045,-3,-6,-6
R,5141,10444,296.3,30,-46,1046,-3,-7,-5
R,5181,10489,300.1,30,-47,1045,-3,-6,-5
R,5221,10534,303.9,30,-47,1045,-3,-6,-5
R,5261,10579,307.8,29,-46,1045,-3,-6,-5
R,5300,10624,311.5,29,-47,1044,-3,-6,-5
R,5341,10669,315.5,30,-46,1045,-3,-6,-5
R,5381,10711,319.4,29,-46,1045,-3,-6,-5
R,5421,10746,323.3,30,-46,1045,-4,-6,-6
R,5461,10781,327.3,30,-46,1046,-3,-6,-5
R,5500,10817,331.1,29,-46,1045,-3,-7,-5
R,5541,10852,335.1,30,-46,1045,-4,-6,-5
R,5581,10887,339.1,30,-46,1045,-3,-7,-5
R,5621,10923,343.1,30,-46,1045,-3,-6,-5
R,5661,10958,347.1,29,-47,1045,-3,-6,-5
R,5700,10993,351.0,30,-46,1045,-3,-7,-5
R,5741,11029,355.1,30,-46,1045,-4,-6,-5
R,5781,11064,359.1,30,-46,1045,-3,-6,-5
R,5821,11099,363.1,29,-47,1046,-4,-6,-6
R,5861,11135,367.2,30,-46,1046,-3,-6,-5
R,5901,11170,371.3,29,-46,1045,-3,-6,-5
R,5941,11205,375.3,30,-47,1045,-3,-6,-5
R,5981,11241,379.4,30,-46,1044,-3,-7,-6
R,6021,11276,383.5,29,-46,1045,-3,-7,-5
R,6061,11312,387.7,30,-46,1044,-3,-6,-5
R,6101,11347,391.8,29,-46,1045,-3,-6,-5
R,6141,11382,395.9,30,-46,1045,-3,-6,-5
R,6181,11418,400.1,28,-46,1046,-3,-6,-5
R,6221,11453,404.3,29,-46,1045,-3,-7,-5
R,6261,11488,408.4,30,-46,1045,-3,-6,-5
R,6300,11524,412.5,29,-46,1045,-3,-7,-5
R,6341,11559,416.8,30,-46,1045,-3,-6,-5
R,6381,11594,421.1,29,-47,1045,-3,-6,-5
R,6421,11630,425.3,29,-46,1045,-3,-6,-5
R,6461,11665,429.5,30,-47,1046,-3,-6,-5
R,6500,11700,433.7,29,-47,1045,-3,-6,-5
R,6541,11736,438.1,31,-47,1045,-3,-6,-5
R,6581,11771,442.3,29,-45,1045,-3,-6,-5
R,6621,11806,446.6,29,-46,1044,-3,-6,-5
R,6661,11842,451.0,30,-47,1047,-3,-6,-5
R,6700,11877,455.2,29,-46,1045,-3,-6,-5
R,6741,11912,459.6,28,-46,1045,-3,-6,-5
R,6781,11948,464.0,30,-46,1045,-3,-7,-5
R,6821,11983,468.3,30,-46,1045,-3,-6,-5
R,6861,12019,472.7,29,-47,1045,-3,-6,-5
R,6901,12054,477.1,30,-46,1045,-3,-6,-5
R,6941,12089,481.5,29,-47,1045,-3,-7,-6
R,6981,12125,485.9,30,-46,1045,-3,-6,-5
R,7021,12160,490.3,30,-46,1045,-3,-6,-5
R,7061,12195,494.8,30,-47,1045,-3,-6,-5
R,7100,12231,499.1,30,-46,1045,-3,-7,-5
R,7141,12266,503.7,29,-46,1046,-3,-6,-5
R,7181,12301,508.2,29,-46,1046,-3,-7,-5
R,7221,12337,512.7,29,-47,1045,-3,-6,-5
R,7261,12372,517.2,29,-46,1045,-3,-7,-5
R,7301,12407,521.7,30,-46,1046,-3,-6,-5
R,7341,12443,526.2,29,-47,1046,-3,-6,-5
R,7381,12478,530.7,28,-46,1046,-3,-6,-5
R,7421,12513,535.3,29,-46,1045,-3,-6,-5
R,7461,12549,539.9,29,-46,1045,-3,-7,-5
R,7500,12584,544.3,29,-46,1045,-3,-6,-5
R,7541,12619,549.0,29,-46,1045,-3,-6,-5
R,7581,12655,553.7,30,-46,1045,-3,-7,-5
R,7621,12690,558.3,29,-47,1045,-4,-6,-5
R,7661,12725,562.9,29,-46,1045,-3,-6,-5
R,7700,12761,567.4,29,-46,1045,-4,-6,-5
R,7741,12796,572.2,30,-47,1045,-3,-6,-5
R,7781,12832,576.9,30,-46,1046,-4,-6,-5
R,7821,12867,581.6,30,-47,1045,-3,-6,-5
R,7861,12902,586.3,29,-46,1045,-3,-6,-5
R,7901,12938,591.0,31,-45,1046,-3,-7,-5
R,7941,12973,595.7,30,-45,1045,-3,-6,-5
R,7981,13008,600.4,29,-46,1045,-3,-6,-6
R,8021,13044,605.2,30,-46,1045,-3,-6,-5
R,8061,13079,609.9,29,-46,1046,-3,-7,-5
R,8100,13114,614.6,29,-47,1044,-3,-7,-5
R,8141,13150,619.5,30,-45,1045,-3,-6,-5
R,8181,13185,624.3,29,-46,1045,-4,-7,-5
R,8221,13220,629.1,29,-46,1046,-3,-6,-5
R,8261,13256,633.9,29,-47,1045,-4,-6,-6
R,8301,13291,638.8,30,-46,1045,-3,-7,-5
R,8341,13326,643.6,29,-47,1045,-3,-7,-5
R,8381,13361,648.5,29,-47,1045,-3,-6,-5
R,8421,13384,653.4,29,-46,1045,-3,-6,-6
R,8461,13407,658.2,30,-46,1045,-3,-6,-5
R,8500,13431,663.0,29,-46,1046,-4,-7,-5
R,8541,13454,668.0,29,-46,1046,-3,-6,-5
R,8581,13477,673.0,29,-46,1045,-3,-6,-5
R,8621,13500,677.9,29,-47,1045,-3,-6,-5
R,8661,13523,682.8,29,-46,1044,-3,-6,-6
R,8701,13546,687.7,29,-46,1045,-3,-6,-5
R,8741,13569,692.7,29,-46,1045,-3,-7,-5
R,8781,13593,697.6,29,-47,1046,-3,-6,-5
R,8821,13616,702.6,29,-47,1045,-3,-6,-5
R,8861,13639,707.5,30,-47,1046,-3,-6,-5
R,8901,13662,712.5,29,-46,1045,-3,-6,-5
R,8941,13685,717.5,29,-46,1045,-4,-6,-5
R,8981,13708,722.5,29,-46,1046,-3,-7,-5
R,9021,13731,727.5,29,-46,1045,-3,-6,-5
R,9061,13755,732.5,30,-47,1045,-3,-6,-5
R,9100,13778,737.4,30,-47,1045,-4,-6,-5
R,9141,13801,742.6,29,-46,1045,-3,-7,-5
R,9181,13824,747.6,29,-46,1045,-3,-6,-6
R,9221,13847,752.6,29,-46,1045,-3,-6,-5
R,9261,13870,757.7,29,-47,1045,-3,-6,-5
R,9300,13893,762.6,28,-45,1045,-3,-7,-5
R,9341,13917,767.8,30,-47,1046,-3,-6,-5
R,9381,13940,772.9,30,-46,1045,-3,-6,-5
R,9421,13963,778.0,30,-47,1045,-3,-6,-5
R,9461,13986,783.1,30,-46,1045,-3,-6,-5
R,9501,14009,788.2,30,-46,1045,-3,-7,-5
R,9541,14032,793.3,29,-47,1046,-3,-6,-5
R,9581,14055,798.4,29,-47,1045,-3,-6,-5
R,9621,14079,803.5,29,-46,1045,-3,-6,-5
R,9661,14102,808.7,30,-45,1045,-4,-6,-5
R,9700,14125,813.7,30,-46,1044,-4,-6,-6
R,9741,14148,819.0,30,-45,1045,-3,-7,-5
R,9781,14171,824.1,30,-46,1045,-3,-7,-5
R,9821,14194,829.3,29,-47,1045,-3,-6,-5
R,9861,14217,834.5,30,-46,1045,-3,-6,-5
R,9900,14240,839.5,29,-46,1045,-3,-6,-5
R,9941,14264,844.9,30,-46,1045,-3,-6,-5
R,9981,14287,850.1,30,-46,1045,-3,-6,-5
R,10021,14310,855.3,30,-46,1045,-4,-6,-5
R,10061,14333,860.5,29,-46,1045,-4,-6,-5
R,10100,14356,865.6,29,-46,1045,-3,-6,-5
R,10141,14379,871.0,30,-47,1045,-3,-6,-5
R,10181,14402,876.2,29,-46,1045,-3,-6,-6
R,10221,14426,881.5,29,-46,1045,-3,-6,-5
R,10261,14449,886.7,30,-46,1046,-4,-6,-5
R,10300,14472,891.9,28,-47,1046,-3,-6,-5
R,10341,14495,897.3,29,-47,1044,-3,-6,-5
R,10381,14518,902.6,30,-46,1045,-3,-6,-5
R,10421,14541,907.9,29,-46,1045,-3,-6,-5
R,10461,14564,913.2,29,-46,1046,-3,-6,-5
R,10500,14588,918.4,29,-47,1045,-4,-6,-5
R,10541,14611,923.8,30,-48,1045,-3,-6,-6
R,10581,14634,929.1,29,-46,1045,-3,-6,-5
R,10621,14657,934.5,29,-46,1045,-3,-6,-5
R,10661,14680,939.8,29,-46,1045,-3,-6,-5
R,10701,14703,945.2,30,-46,1045,-3,-6,-5
R,10741,14726,950.5,29,-46,1045,-3,-6,-5
R,10781,14750,955.9,29,-46,1045,-3,-7,-5
R,10821,14773,961.3,29,-48,1045,-3,-6,-5
R,10861,14796,966.7,29,-47,1045,-3,-6,-5
R,10901,14819,972.1,29,-47,1045,-3,-6,-5
R,10940,14842,977.4,29,-46,1045,-3,-6,-5
R,10981,14865,982.9,29,-46,1045,-3,-6,-5
R,11021,14888,988.3,29,-47,1045,-3,-6,-5
R,11061,14912,993.8,29,-46,1045,-3,-6,-5
R,11100,14935,999.1,30,-46,1045,-3,-6,-5
R,11141,14958,1004.6,29,-46,1045,-3,-7,-5
R,11181,14981,1010.1,30,-45,1045,-3,-6,-5
R,11221,15004,1015.6,30,-46,1046,-3,-6,-6
R,11261,15027,1021.0,30,-46,1045,-4,-7,-5
R,11301,15050,1026.5,29,-46,1045,-4,-6,-5
R,11341,15074,1032.0,29,-46,1045,-3,-6,-5
R,11381,15097,1037.5,30,-46,1045,-3,-6,-5
R,11421,15120,1043.0,29,-46,1045,-3,-6,-5
R,11461,15143,1048.5,30,-47,1045,-4,-6,-5
R,11500,15166,1053.9,30,-46,1045,-4,-6,-5
R,11541,15189,1059.6,29,-46,1045,-3,-6,-5
R,11581,15212,1065.1,29,-46,1045,-3,-7,-5
R,11621,15236,1070.7,30,-47,1045,-3,-7,-5
R,11661,15259,1076.2,30,-47,1046,-3,-6,-5
R,11700,15282,1081.7,28,-46,1044,-3,-6,-5
R,11741,15305,1087.4,29,-46,1044,-3,-6,-5
R,11781,15328,1093.0,29,-46,1046,-3,-6,-5
R,11821,15351,1098.6,30,-46,1045,-3,-6,-5
R,11861,15374,1104.2,29,-46,1045,-3,-6,-5
R,11901,15398,1109.8,29,-46,1045,-3,-6,-5
R,11941,15421,1115.4,29,-46,1046,-3,-6,-5
R,11981,15444,1121.0,29,-46,1046,-4,-6,-5
R,12021,15467,1126.7,30,-47,1045,-4,-6,-5
R,12061,15490,1132.3,29,-46,1045,-3,-6,-5
R,12100,15513,1137.8,29,-46,1045,-4,-6,-5
R,12141,15536,1143.6,30,-46,1045,-4,-7,-6
R,12181,15560,1149.3,29,-46,1045,-3,-6,-5
R,12221,15583,1154.9,30,-47,1046,-4,-6,-5
R,12261,15606,1160.6,29,-46,1045,-3,-6,-5
R,12301,15629,1166.3,30,-46,1046,-3,-6,-5
R,12341,15652,1172.0,30,-47,1045,-3,-6,-5
R,12380,15675,1177.6,30,-46,1045,-4,-7,-5
R,12421,15698,1183.5,30,-46,1044,-3,-6,-5
R,12461,15721,1189.2,30,-46,1045,-4,-6,-5
R,12501,15745,1194.9,30,-47,1046,-3,-6,-6
R,12541,15768,1200.7,28,-46,1045,-3,-6,-5
R,12581,15791,1206.4,30,-46,1045,-3,-6,-5
R,12621,15814,1212.2,30,-46,1045,-3,-6,-5
R,12661,15837,1217.9,29,-46,1046,-3,-6,-5
R,12700,15860,1223.6,30,-47,1045,-3,-7,-5
R,12741,15883,1229.5,29,-46,1045,-3,-6,-6
R,12781,15907,1235.3,30,-46,1045,-3,-7,-5
R,12821,15930,1241.1,29,-46,1045,-4,-6,-5
R,12861,15953,1246.9,29,-47,1045,-3,-6,-5
R,12901,15976,1252.7,29,-47,1045,-3,-6,-5
R,12941,15999,1258.6,30,-47,1045,-3,-6,-5
R,12981,16022,1264.4,29,-46,1045,-3,-6,-5
R,13021,16045,1270.2,30,-46,1045,-3,-6,-5
R,13061,16069,1276.1,29,-47,1045,-3,-6,-5
R,13101,16092,1282.0,30,-47,1045,-4,-7,-5
R,13141,16115,1287.8,30,-46,1046,-3,-7,-5
R,13181,16138,1293.7,29,-46,1045,-3,-6,-5
R,13221,16155,1299.6,29,-45,1044,-3,-7,-5
R,13261,16057,1305.5,30,-46,1045,-3,-6,-5
R,13300,15958,1311.2,31,-46,1045,-3,-6,-5
R,13341,15860,1317.1,30,-46,1045,-3,-7,-5
R,13381,15761,1322.9,30,-46,1045,-3,-6,-5
[dump] J60 t_ms=1898
[dump] J330 t_ms=5374 vcross_x100=10816 vtrap_x100=10450
[dump] J660 t_ms=8358 vcross_x100=13421 vtrap_x100=13215
[dump] J1320 t_ms=13243 vcross_x100=15793 vtrap_x100=16058
[dump] FIN RUN #1 t60=1898 t330=5374 t660=8358 t1320=13243
