[dump] RUN #1 heure=19:00:52 src=SEUIL_GPS rollout_ms=0 unit=ALLO2 dyn=4 rate_ms=40 gps=1 pre=11 imuf=2/7 ecu=HP statut=TERMINE
[dump] colonnes: R,elapsed_ms,kmh_x100,dist_ft,ax_mg,ay_mg,az_mg,gx_ds10,gy_ds10,gz_ds10
R,-1494,40,0.0,9,-27,1061,0,0,-1
R,-1354,40,0.0,9,-27,1061,0,0,-2
R,-1230,40,0.0,11,-27,1061,0,0,-1
R,-1076,40,0.0,9,-27,1061,0,0,-2
R,-951,40,0.0,10,-27,1060,0,0,-1
R,-813,40,0.0,9,-27,1060,0,0,-2
R,-688,40,0.0,9,-27,1060,0,0,-1
R,-548,40,0.0,9,-28,1060,0,0,-1
R,-423,40,0.0,10,-27,1061,0,0,-1
R,-285,40,0.0,9,-26,1060,0,0,-1
R,-152,40,0.0,9,-28,1061,0,0,-1
R,138,964,0.8,9,-26,1061,0,0,-1
R,180,1131,1.2,9,-26,1061,0,0,-1
R,220,1297,1.7,9,-26,1061,0,0,-1
R,259,1464,2.2,9,-27,1061,0,0,-1
R,300,1630,2.8,9,-27,1060,0,0,-1
R,347,1834,3.5,9,-27,1061,0,0,-2
R,389,2000,4.2,10,-27,1060,0,0,-2
R,428,2167,5.0,9,-27,1061,0,0,-1
R,469,2283,5.8,9,-27,1061,0,0,-1
R,508,2387,6.6,10,-26,1060,0,0,-2
R,549,2491,7.5,10,-27,1060,0,0,-2
R,589,2595,8.5,10,-27,1061,0,0,-1
R,629,2699,9.4,10,-27,1061,0,0,-2
R,669,2803,10.4,9,-27,1061,0,0,-1
R,709,2907,11.5,10,-27,1061,0,0,-2
R,749,3011,12.6,10,-26,1060,0,0,-2
R,789,3115,13.7,10,-27,1060,0,0,-1
R,829,3219,14.8,10,-27,1061,0,0,-2
R,869,3323,16.0,10,-27,1060,0,0,-1
R,909,3427,17.3,9,-27,1061,0,0,-1
R,949,3516,18.5,10,-26,1060,0,0,-1
R,989,3568,19.8,10,-27,1061,0,0,-1
R,1028,3620,21.1,9,-28,1060,0,0,-1
R,1069,3672,22.5,10,-27,1060,0,0,-1
R,1109,3724,23.8,10,-28,1060,0,0,-1
R,1149,3776,25.2,9,-27,1061,0,0,-1
R,1189,3828,26.6,10,-27,1060,0,0,-1
R,1228,3880,27.9,10,-27,1061,0,0,-1
R,1269,3932,29.4,10,-27,1060,0,0,-1
R,1309,3984,30.8,9,-27,1061,0,0,-1
R,1349,4036,32.3,10,-27,1060,0,0,-1
R,1389,4088,33.8,10,-26,1060,0,0,-2
R,1429,4140,35.3,9,-27,1060,0,0,-1
R,1469,4192,36.8,9,-27,1060,0,0,-1
R,1508,4244,38.3,9,-27,1060,0,0,-1
R,1549,4296,39.9,9,-27,1060,0,0,-2
R,1589,4348,41.5,9,-27,1061,0,0,-1
R,1629,4400,43.1,9,-26,1061,0,0,-2
R,1669,4452,44.7,10,-27,1061,0,0,-1
R,1709,4504,46.3,9,-27,1061,0,0,-1
R,1749,4556,48.0,10,-26,1060,0,0,-2
R,1789,4608,49.6,10,-27,1060,0,0,-1
R,1829,4660,51.3,9,-26,1061,0,0,-1
R,1868,4712,53.0,8,-27,1060,0,0,-1
R,1909,4764,54.7,10,-28,1060,0,0,-1
R,1949,4830,56.5,9,-27,1061,0,0,-1
R,1989,4928,58.3,10,-27,1060,0,0,-1
R,2029,5027,60.1,10,-27,1060,0,0,-1
R,2069,5126,61.9,9,-27,1060,0,0,-1
R,2108,5224,63.8,10,-28,1060,0,0,-1
R,2149,5323,65.7,10,-28,1060,0,0,-1
R,2189,5422,67.7,10,-28,1060,0,0,-1
R,2228,5520,69.7,10,-28,1060,0,0,-2
R,2269,5619,71.7,9,-28,1061,0,0,-1
R,2309,5718,73.8,10,-27,1059,0,0,-1
R,2349,5816,75.9,10,-27,1060,0,0,-2
R,2389,5915,78.0,10,-28,1060,0,0,-2
R,2429,6014,80.2,10,-27,1061,0,0,-1
R,2469,6112,82.4,9,-27,1060,0,0,-1
R,2509,6211,84.7,9,-28,1060,0,0,-1
R,2549,6310,87.0,9,-27,1060,0,0,-1
R,2589,6408,89.3,9,-26,1060,0,0,-2
R,2629,6507,91.6,10,-27,1061,0,0,-1
R,2669,6606,94.0,9,-27,1061,0,0,-1
R,2708,6704,96.4,9,-27,1060,0,0,-1
R,2749,6803,98.9,9,-27,1060,0,0,-1
R,2789,6902,101.4,9,-27,1060,0,0,-2
R,2829,7000,103.9,11,-28,1059,0,0,-1
R,2869,7099,106.5,10,-27,1060,0,0,-1
R,2909,7198,109.1,10,-26,1059,0,0,-2
R,2949,7296,111.8,10,-27,1060,0,0,-1
R,2989,7395,114.4,10,-27,1060,0,0,-1
R,3029,7494,117.1,10,-28,1060,0,0,-1
R,3069,7592,119.9,10,-27,1060,0,0,-1
R,3109,7691,122.7,9,-27,1060,0,0,-2
R,3149,7790,125.5,9,-27,1060,0,0,-1
R,3189,7888,128.4,9,-27,1060,0,0,-1
R,3229,7987,131.3,9,-27,1060,0,0,-1
R,3269,8086,134.2,9,-27,1060,0,0,-1
R,3309,8184,137.1,10,-26,1059,0,0,-1
R,3349,8283,140.1,10,-27,1060,0,0,-1
R,3389,8382,143.2,10,-26,1060,0,0,-1
R,3428,8480,146.2,9,-26,1060,0,0,-1
R,3469,8536,149.4,10,-27,1060,0,0,-1
R,3509,8581,152.5,10,-27,1060,0,0,-2
R,3549,8626,155.6,10,-27,1060,0,0,-2
R,3588,8671,158.7,10,-26,1059,0,0,-2
R,3629,8716,161.9,10,-28,1060,0,0,-2
R,3669,8760,165.1,10,-27,1059,0,0,-1
R,3709,8805,168.3,10,-27,1060,0,0,-1
R,3749,8850,171.5,10,-27,1060,0,0,-1
R,3789,8895,174.8,10,-27,1060,0,0,-1
R,3829,8940,178.0,10,-27,1060,0,0,-1
R,3869,8985,181.3,10,-27,1059,0,0,-1
R,3909,9030,184.6,10,-26,1059,0,0,-2
R,3949,9075,187.9,10,-27,1059,0,0,-1
R,3989,9120,191.2,10,-27,1060,0,0,-2
R,4028,9164,194.4,10,-26,1061,0,0,-1
R,4069,9209,197.9,10,-27,1060,0,0,-1
R,4109,9254,201.2,11,-27,1059,0,0,-2
R,4149,9299,204.6,10,-27,1060,0,0,-1
R,4188,9344,207.9,10,-26,1060,0,0,-1
R,4229,9389,211.4,10,-26,1060,0,0,-1
R,4269,9434,214.9,9,-27,1060,0,0,-1
R,4309,9479,218.3,9,-27,1059,0,0,-1
R,4349,9524,221.8,10,-26,1059,0,0,-1
R,4389,9569,225.3,10,-27,1060,0,0,-1
R,4429,9613,228.8,10,-26,1059,0,0,-1
R,4469,9658,232.3,9,-28,1060,0,0,-1
R,4508,9703,235.7,10,-28,1060,0,0,-1
R,4549,9748,239.3,9,-28,1059,0,0,-1
R,4589,9793,242.9,10,-26,1059,0,0,-1
R,4629,9838,246.5,10,-27,1060,0,0,-1
R,4668,9883,250.0,10,-27,1060,0,0,-2
R,4708,9928,253.6,10,-27,1060,0,0,-1
R,4749,9973,257.3,10,-28,1060,0,0,-1
R,4789,10018,261.0,10,-27,1060,0,0,-1
R,4828,10062,264.5,11,-26,1060,0,0,-2
R,4869,10107,268.3,10,-26,1060,0,0,-1
R,4909,10152,272.0,10,-27,1059,0,0,-1
R,4949,10197,275.7,11,-26,1060,0,0,-1
R,4989,10242,279.4,10,-26,1059,0,0,-2
R,5029,10287,283.2,10,-27,1060,0,0,-1
R,5069,10332,286.9,9,-27,1060,0,0,-2
R,5109,10377,290.7,11,-27,1060,0,0,-2
R,5149,10422,294.5,8,-27,1060,0,0,-1
R,5189,10467,298.3,9,-28,1060,0,0,-1
R,5228,10511,302.0,10,-26,1060,0,0,-1
R,5268,10556,305.9,9,-26,1060,0,0,-1
R,5309,10601,309.8,9,-27,1060,0,0,-1
R,5349,10646,313.7,10,-27,1059,0,0,-1
R,5389,10691,317.6,10,-27,1059,0,0,-1
R,5429,10728,321.5,9,-26,1060,0,0,-1
R,5469,10764,325.4,10,-27,1060,0,0,-1
R,5509,10799,329.3,9,-26,1060,0,0,-1
R,5549,10834,333.3,10,-27,1060,0,0,-1
R,5589,10870,337.2,9,-27,1060,0,0,-1
R,5629,10905,341.2,11,-27,1060,0,0,-1
R,5669,10940,345.2,10,-26,1059,0,0,-1
R,5709,10976,349.2,10,-27,1060,0,0,-1
R,5749,11011,353.2,10,-26,1059,0,0,-1
R,5789,11046,357.2,10,-27,1060,0,0,-1
R,5828,11082,361.1,9,-27,1060,0,0,-1
R,5868,11117,365.2,9,-26,1060,0,0,-1
R,5909,11152,369.3,9,-26,1060,0,0,-1
R,5949,11188,373.4,9,-26,1060,0,0,-1
R,5989,11223,377.5,9,-27,1059,0,0,-1
R,6029,11259,381.6,9,-27,1060,0,0,-2
R,6069,11294,385.7,9,-26,1060,0,0,-1
R,6109,11329,389.8,10,-27,1060,0,0,-1
R,6149,11365,394.0,11,-26,1061,0,0,-1
R,6189,11400,398.1,10,-27,1060,0,0,-1
R,6229,11435,402.3,10,-28,1060,0,0,-1
R,6269,11471,406.5,10,-27,1059,0,0,-1
R,6309,11506,410.6,11,-27,1060,0,0,-1
R,6349,11541,414.8,9,-27,1060,0,0,-1
R,6389,11577,419.1,10,-27,1060,0,0,-1
R,6428,11612,423.2,10,-27,1059,0,0,-1
R,6469,11647,427.5,10,-27,1060,0,0,-1
R,6508,11683,431.7,10,-27,1060,0,0,-1
R,6549,11718,436.0,9,-27,1060,0,0,-1
R,6588,11753,440.2,10,-26,1059,0,0,-1
R,6628,11789,444.5,10,-26,1059,0,0,-1
R,6669,11824,448.9,10,-26,1060,0,0,-1
R,6709,11859,453.2,10,-26,1060,0,0,-1
R,6749,11895,457.6,9,-27,1060,0,0,-1
R,6789,11930,461.9,10,-26,1060,0,0,-2
R,6829,11965,466.3,10,-26,1060,0,0,-1
R,6869,12001,470.6,10,-27,1060,0,0,-1
R,6909,12036,475.0,10,-27,1060,0,0,-1
R,6949,12072,479.4,10,-26,1060,0,0,-1
R,6989,12107,483.8,10,-27,1060,0,0,-1
R,7029,12142,488.2,9,-27,1061,0,0,-1
R,7069,12178,492.7,10,-26,1060,0,0,-1
R,7108,12213,497.0,10,-27,1060,0,0,-1
R,7149,12248,501.6,10,-28,1060,0,0,-1
R,7189,12284,506.0,10,-27,1059,0,0,-1
R,7229,12319,510.5,9,-27,1059,0,0,-1
R,7269,12354,515.0,9,-27,1060,0,0,-1
R,7309,12390,519.5,10,-27,1060,0,0,-1
R,7349,12425,524.1,10,-27,1060,0,0,-1
R,7389,12460,528.6,10,-27,1060,0,0,-2
R,7429,12496,533.1,10,-26,1060,0,0,-1
R,7469,12531,537.7,10,-26,1059,0,0,-1
R,7508,12566,542.2,10,-28,1059,0,0,-1
R,7549,12602,546.9,10,-27,1059,0,0,-1
R,7588,12637,551.3,9,-26,1059,0,0,-1
R,7629,12672,556.1,9,-27,1059,0,0,-1
R,7669,12708,560.7,9,-26,1059,0,0,-1
R,7708,12743,565.2,9,-26,1059,0,0,-2
R,7749,12779,570.0,9,-26,1060,0,0,-2
R,7789,12814,574.7,9,-28,1060,0,0,-1
R,7829,12849,579.3,9,-27,1060,0,0,-1
R,7869,12885,584.0,11,-27,1059,0,0,-1
R,7909,12920,588.7,10,-27,1060,0,0,-2
R,7949,12955,593.4,9,-27,1059,0,0,-1
R,7989,12991,598.2,9,-27,1060,0,0,-1
R,8029,13026,602.9,10,-27,1059,0,0,-1
R,8069,13061,607.7,10,-26,1060,0,0,-1
R,8109,13097,612.4,11,-27,1060,0,0,-2
R,8149,13132,617.2,10,-28,1059,0,0,-1
R,8188,13167,621.9,10,-27,1059,0,0,-1
R,8229,13203,626.8,10,-27,1060,0,0,-1
R,8269,13238,631.6,10,-27,1060,0,0,-1
R,8309,13273,636.5,10,-28,1060,0,0,-1
R,8349,13309,641.3,9,-26,1059,0,0,-1
R,8388,13344,646.1,10,-26,1059,0,0,-1
R,8428,13373,650.9,10,-27,1060,0,0,-2
R,8469,13396,655.9,10,-27,1059,0,0,-1
R,8509,13419,660.8,10,-27,1059,0,0,-1
R,8549,13442,665.7,10,-28,1060,0,0,-1
R,8589,13465,670.6,10,-27,1059,0,0,-2
R,8629,13488,675.5,10,-27,1060,0,0,-1
R,8669,13512,680.4,10,-27,1060,0,0,-1
R,8709,13535,685.4,9,-27,1060,0,0,-1
R,8749,13558,690.3,9,-27,1060,0,0,-1
R,8789,13581,695.3,10,-27,1060,0,0,-2
R,8828,13604,700.1,11,-27,1060,0,0,-1
R,8869,13627,705.2,9,-26,1059,0,0,-1
R,8909,13650,710.1,10,-27,1059,0,0,-2
R,8949,13674,715.1,9,-27,1060,0,0,-1
R,8988,13697,720.0,10,-27,1059,0,0,-2
R,9029,13720,725.1,10,-26,1061,0,0,-1
R,9069,13743,730.1,10,-26,1059,0,0,-1
R,9109,13766,735.1,11,-28,1060,0,0,-2
R,9149,13789,740.2,10,-26,1060,0,0,-1
R,9189,13812,745.2,9,-27,1059,0,0,-2
R,9229,13836,750.2,9,-28,1060,0,0,-1
R,9269,13859,755.3,10,-27,1059,0,0,-1
R,9309,13882,760.3,10,-27,1060,0,0,-1
R,9349,13905,765.4,10,-27,1060,0,0,-1
R,9389,13928,770.5,10,-26,1060,0,0,-2
R,9429,13951,775.6,10,-27,1059,0,0,-1
R,9469,13974,780.6,11,-27,1060,0,0,-1
R,9509,13998,785.7,10,-26,1060,0,0,-2
R,9549,14021,790.8,10,-27,1060,0,0,-1
R,9588,14044,795.8,10,-28,1060,0,0,-1
R,9628,14067,801.0,10,-27,1059,0,0,-1
R,9669,14090,806.2,10,-26,1060,0,0,-1
R,9708,14113,811.2,11,-27,1060,0,0,-1
R,9749,14136,816.5,10,-28,1059,0,0,-1
R,9789,14160,821.7,10,-28,1060,0,0,-1
R,9828,14183,826.7,9,-26,1060,0,0,-1
R,9869,14206,832.0,10,-26,1060,0,0,-2
R,9909,14229,837.2,9,-27,1059,0,0,-1
R,9947,14252,842.1,10,-27,1060,0,0,-1
R,9989,14275,847.6,10,-27,1059,0,0,-2
R,10029,14298,852.8,9,-27,1059,0,0,-1
R,10069,14321,858.0,9,-27,1059,0,0,-1
R,10108,14345,863.1,10,-27,1059,0,0,-1
R,10149,14368,868.5,10,-27,1059,0,0,-1
R,10189,14391,873.7,10,-26,1059,0,0,-1
R,10228,14414,878.8,10,-27,1060,0,0,-2
R,10269,14437,884.2,10,-27,1059,0,0,-1
R,10309,14460,889.5,10,-27,1059,0,0,-1
R,10349,14483,894.8,9,-27,1060,0,0,-2
R,10389,14507,900.0,9,-27,1060,0,0,-1
R,10429,14530,905.3,9,-27,1060,0,0,-2
R,10469,14553,910.6,10,-27,1060,0,0,-1
R,10509,14576,915.9,10,-27,1060,0,0,-1
R,10547,14599,921.0,10,-27,1059,0,0,-1
R,10589,14622,926.6,10,-27,1060,0,0,-1
R,10629,14645,931.9,9,-28,1060,0,0,-1
R,10669,14669,937.3,9,-27,1060,0,0,-1
R,10708,14692,942.5,10,-28,1060,0,0,-2
R,10749,14715,948.0,11,-27,1060,0,0,-1
R,10788,14738,953.2,10,-27,1060,0,0,-1
R,10828,14761,958.6,10,-27,1060,0,0,-1
R,10868,14784,964.0,9,-27,1060,0,0,-1
R,10909,14807,969.5,9,-28,1059,0,0,-2
R,10949,14831,974.9,10,-26,1059,0,0,-1
R,10989,14854,980.3,11,-27,1060,0,0,-1
R,11029,14877,985.7,10,-26,1059,0,0,-1
R,11069,14900,991.2,10,-27,1059,0,0,-2
R,11109,14923,996.6,10,-26,1060,0,0,-2
R,11147,14946,1001.8,10,-26,1059,0,0,-1
R,11188,14969,1007.4,10,-26,1060,0,0,-1
R,11228,14993,1012.8,11,-27,1059,0,0,-1
R,11269,15016,1018.4,10,-28,1059,0,0,-1
R,11309,15039,1023.9,10,-27,1060,0,0,-1
R,11347,15062,1029.1,9,-27,1060,0,0,-1
R,11389,15085,1034.9,10,-26,1060,0,0,-2
R,11429,15108,1040.4,11,-27,1060,0,0,-1
R,11469,15131,1045.9,10,-26,1060,0,0,-1
R,11509,15155,1051.4,10,-27,1060,0,0,-1
R,11549,15178,1056.9,10,-28,1061,0,0,-1
R,11589,15201,1062.5,9,-27,1060,0,0,-1
R,11629,15224,1068.0,10,-27,1060,0,0,-1
R,11669,15247,1073.6,10,-27,1059,0,0,-1
R,11709,15270,1079.1,10,-27,1060,0,0,-1
R,11747,15293,1084.4,10,-27,1060,0,0,-1
R,11789,15317,1090.3,10,-26,1060,0,0,-1
R,11829,15340,1095.9,10,-27,1060,0,0,-2
R,11869,15363,1101.5,10,-26,1059,0,0,-1
R,11909,15386,1107.1,9,-26,1059,0,0,-2
R,11949,15409,1112.7,10,-27,1060,0,0,-2
R,11989,15432,1118.3,10,-27,1060,0,0,-2
R,12029,15455,1124.0,10,-27,1060,0,0,-1
R,12069,15479,1129.6,11,-27,1060,0,0,-1
R,12109,15502,1135.2,10,-27,1059,0,0,-1
R,12149,15525,1140.9,10,-27,1060,0,0,-1
R,12189,15548,1146.6,9,-27,1060,0,0,-1
R,12229,15571,1152.2,10,-27,1060,0,0,-1
R,12269,15594,1157.9,10,-27,1061,0,0,-1
R,12309,15617,1163.6,10,-27,1060,0,0,-1
R,12347,15640,1169.0,10,-27,1060,0,0,-1
R,12389,15664,1175.0,10,-26,1060,0,0,-2
R,12429,15687,1180.7,10,-27,1060,0,0,-1
R,12469,15710,1186.4,10,-27,1060,0,0,-2
R,12509,15733,1192.2,9,-27,1059,0,0,-1
R,12549,15756,1197.9,9,-27,1061,0,0,-1
R,12589,15779,1203.7,9,-28,1060,0,0,-2
R,12629,15802,1209.4,10,-26,1060,0,0,-2
R,12669,15826,1215.2,9,-27,1060,0,0,-1
R,12709,15849,1220.9,10,-27,1060,0,0,-2
R,12749,15872,1226.7,10,-27,1060,0,0,-1
R,12789,15895,1232.5,10,-27,1060,0,0,-1
R,12829,15918,1238.3,11,-27,1059,0,0,-1
R,12869,15941,1244.1,9,-27,1060,0,0,-2
R,12909,15964,1249.9,10,-28,1060,0,0,-2
R,12947,15988,1255.5,10,-27,1059,0,0,-2
R,12989,16011,1261.6,10,-27,1060,0,0,-1
R,13029,16034,1267.4,10,-27,1060,0,0,-1
R,13069,16057,1273.3,10,-27,1061,0,0,-1
R,13109,16080,1279.1,10,-27,1060,0,0,-1
R,13149,16103,1285.0,9,-27,1060,0,0,-1
R,13189,16126,1290.9,10,-27,1060,0,0,-1
R,13229,16150,1296.8,10,-27,1060,0,0,-1
R,13269,16106,1302.6,10,-27,1059,0,0,-1
R,13309,16007,1308.5,10,-26,1060,0,0,-2
R,13349,15909,1314.3,9,-26,1060,0,0,-2
R,13389,15810,1320.1,9,-26,1060,0,0,-1
R,13428,15712,1325.7,11,-26,1061,0,0,-1
[dump] J60 t_ms=1895
[dump] J330 t_ms=5372 vcross_x100=10814 vtrap_x100=10450
[dump] J660 t_ms=8357 vcross_x100=13420 vtrap_x100=13191
[dump] J1320 t_ms=13241 vcross_x100=15794 vtrap_x100=16058
[dump] FIN RUN #1 t60=1895 t330=5372 t660=8357 t1320=13241
