[dump] RUN #1 heure=19:00:18 src=SEUIL_GPS rollout_ms=0 unit=ALLO2 dyn=4 rate_ms=40 gps=1 pre=13 imuf=2/7 ecu=HP statut=TERMINE
[dump] colonnes: R,elapsed_ms,kmh_x100,dist_ft,ax_mg,ay_mg,az_mg,gx_ds10,gy_ds10,gz_ds10
R,-1418,40,0.0,9,-26,1058,0,0,-1
R,-1307,40,0.0,9,-27,1059,0,0,-1
R,-1204,40,0.0,8,-27,1059,0,0,-2
R,-1090,40,0.0,9,-27,1059,0,0,-1
R,-989,40,0.0,9,-26,1058,0,0,-1
R,-875,40,0.0,9,-26,1059,0,0,-2
R,-773,40,0.0,8,-27,1059,0,0,-1
R,-661,40,0.0,9,-27,1059,0,0,-1
R,-558,40,0.0,9,-27,1059,0,0,-1
R,-432,40,0.0,9,-27,1059,0,0,-1
R,-330,40,0.0,10,-26,1059,0,0,-1
R,-216,40,0.0,9,-27,1059,0,0,-1
R,-115,40,0.0,9,-27,1059,0,0,-1
R,117,940,0.7,10,-27,1060,0,0,-2
R,159,1106,1.1,9,-27,1059,0,0,-1
R,199,1272,1.6,9,-27,1059,0,0,-1
R,239,1439,2.1,9,-26,1059,0,0,-2
R,279,1605,2.6,10,-27,1059,0,0,-1
R,326,1809,3.3,9,-27,1059,0,0,-1
R,368,1975,4.1,9,-26,1058,-1,0,-1
R,408,2142,4.8,9,-27,1059,0,0,-1
R,454,2283,5.7,10,-27,1059,0,0,-1
R,494,2387,6.6,10,-26,1060,0,0,-2
R,533,2491,7.5,9,-26,1059,0,0,-1
R,573,2595,8.4,10,-28,1059,0,0,-2
R,614,2699,9.4,10,-27,1059,0,0,-1
R,654,2803,10.4,8,-27,1059,0,0,-1
R,693,2907,11.4,10,-27,1059,0,0,-1
R,734,3011,12.5,9,-27,1059,0,0,-2
R,774,3115,13.6,9,-27,1059,0,0,-1
R,814,3219,14.8,9,-26,1059,0,0,-1
R,854,3323,16.0,9,-27,1059,0,0,-2
R,893,3427,17.2,10,-27,1059,0,0,-1
R,934,3516,18.5,9,-27,1060,0,0,-1
R,974,3568,19.8,9,-26,1057,0,0,-1
R,1014,3620,21.1,9,-27,1059,0,0,-1
R,1054,3672,22.4,10,-26,1058,0,0,-2
R,1094,3724,23.7,8,-26,1058,0,0,-1
R,1134,3776,25.1,9,-27,1058,0,0,-1
R,1174,3828,26.5,10,-27,1059,0,0,-1
R,1213,3880,27.9,10,-27,1059,0,0,-2
R,1254,3932,29.3,9,-27,1059,0,0,-1
R,1293,3984,30.7,8,-27,1059,0,0,-1
R,1334,4036,32.2,10,-27,1058,0,0,-1
R,1374,4088,33.7,9,-27,1058,0,0,-1
R,1414,4140,35.2,9,-28,1059,0,0,-1
R,1454,4192,36.7,10,-27,1058,0,0,-1
R,1494,4244,38.3,9,-27,1059,0,0,-1
R,1534,4296,39.8,9,-26,1059,0,0,-1
R,1574,4348,41.4,9,-27,1059,0,0,-1
R,1614,4400,43.0,9,-26,1059,0,0,-1
R,1654,4452,44.6,9,-27,1058,0,0,-1
R,1693,4504,46.2,10,-27,1058,0,0,-1
R,1734,4556,47.9,9,-27,1058,0,0,-1
R,1774,4608,49.6,9,-28,1058,0,0,-1
R,1814,4660,51.3,9,-27,1058,0,0,-2
R,1854,4712,53.0,8,-27,1059,0,0,-1
R,1893,4764,54.6,9,-27,1058,0,0,-1
R,1934,4830,56.4,9,-26,1058,0,0,-1
R,1974,4928,58.2,9,-26,1058,0,0,-1
R,2014,5027,60.0,10,-28,1059,0,0,-2
R,2054,5126,61.9,9,-27,1059,0,0,-1
R,2094,5224,63.8,9,-27,1059,0,0,-1
R,2134,5323,65.7,10,-28,1058,0,0,-1
R,2174,5422,67.6,10,-28,1059,0,0,-1
R,2214,5520,69.6,9,-27,1058,0,0,-1
R,2254,5619,71.7,10,-27,1058,0,0,-1
R,2294,5718,73.7,10,-27,1057,0,0,-1
R,2334,5816,75.8,9,-28,1058,0,0,-1
R,2374,5915,78.0,9,-26,1058,0,0,-1
R,2413,6014,80.1,9,-27,1057,0,0,-1
R,2454,6112,82.4,8,-27,1058,0,0,-1
R,2494,6211,84.6,9,-27,1059,0,0,-2
R,2534,6310,86.9,10,-26,1058,0,0,-1
R,2574,6408,89.2,9,-27,1059,0,0,-1
R,2614,6507,91.6,9,-27,1058,0,0,-1
R,2654,6606,94.0,8,-27,1058,0,0,-1
R,2693,6704,96.3,9,-28,1058,0,0,-1
R,2734,6803,98.8,9,-26,1059,0,0,-1
R,2774,6902,101.3,9,-27,1058,0,0,-1
R,2813,7000,103.8,9,-27,1058,0,0,-2
R,2854,7099,106.4,9,-27,1058,0,0,-1
R,2893,7198,109.0,9,-27,1058,0,0,-1
R,2934,7296,111.7,9,-27,1059,0,0,-1
R,2974,7395,114.4,9,-27,1059,0,0,-1
R,3013,7494,117.0,9,-27,1058,0,0,-1
R,3053,7592,119.8,9,-27,1058,0,0,-1
R,3094,7691,122.6,9,-27,1058,0,0,-1
R,3134,7790,125.4,9,-26,1058,0,0,-1
R,3174,7888,128.3,9,-26,1058,0,0,-1
R,3214,7987,131.2,9,-26,1058,0,0,-1
R,3254,8086,134.1,10,-27,1058,0,0,-1
R,3294,8184,137.1,9,-27,1058,0,0,-1
R,3334,8283,140.1,10,-27,1058,0,0,-1
R,3374,8382,143.1,10,-27,1058,0,0,-2
R,3414,8480,146.2,8,-27,1059,0,0,-1
R,3454,8536,149.3,9,-27,1059,0,0,-2
R,3494,8581,152.4,10,-27,1059,0,0,-2
R,3534,8626,155.6,8,-27,1058,0,0,-1
R,3574,8671,158.7,9,-27,1057,0,0,-1
R,3614,8716,161.9,9,-27,1058,0,0,-1
R,3654,8760,165.1,9,-27,1058,0,0,-1
R,3694,8805,168.3,10,-27,1058,0,0,-1
R,3734,8850,171.5,8,-27,1058,0,0,-1
R,3774,8895,174.7,9,-28,1059,0,0,-2
R,3814,8940,178.0,9,-27,1058,0,0,-1
R,3854,8985,181.2,10,-26,1058,0,0,-1
R,3893,9030,184.4,9,-27,1058,0,0,-1
R,3934,9075,187.8,8,-27,1058,0,0,-1
R,3974,9120,191.1,9,-27,1058,0,0,-2
R,4014,9164,194.5,9,-26,1059,0,0,-1
R,4054,9209,197.8,9,-27,1059,0,0,-2
R,4094,9254,201.2,8,-27,1058,0,0,-1
R,4134,9299,204.6,9,-27,1058,0,0,-1
R,4174,9344,208.0,10,-27,1058,0,0,-2
R,4213,9389,211.3,9,-27,1058,0,0,-2
R,4253,9434,214.7,8,-26,1059,0,0,-1
R,4293,9479,218.2,9,-27,1058,0,0,-1
R,4334,9524,221.7,9,-27,1058,0,0,-2
R,4374,9569,225.2,10,-27,1059,0,0,-1
R,4414,9613,228.7,9,-28,1059,0,0,-1
R,4454,9658,232.2,8,-28,1057,0,0,-2
R,4494,9703,235.7,9,-27,1058,0,0,-1
R,4534,9748,239.3,9,-26,1059,0,0,-1
R,4574,9793,242.8,9,-27,1058,0,0,-1
R,4614,9838,246.4,9,-26,1058,0,0,-1
R,4654,9883,250.0,9,-26,1057,0,0,-1
R,4694,9928,253.6,9,-27,1058,0,0,-1
R,4733,9973,257.2,9,-27,1058,0,0,-1
R,4774,10018,260.9,10,-27,1058,0,0,-1
R,4814,10062,264.6,9,-27,1058,0,0,-1
R,4854,10107,268.2,9,-27,1059,0,0,-1
R,4894,10152,271.9,10,-26,1058,0,0,-1
R,4934,10197,275.6,10,-27,1058,0,0,-1
R,4974,10242,279.4,10,-27,1058,0,0,-2
R,5014,10287,283.1,9,-27,1057,0,0,-1
R,5054,10332,286.9,10,-28,1058,0,0,-1
R,5094,10377,290.6,10,-27,1059,0,0,-1
R,5134,10422,294.4,9,-27,1058,0,0,-1
R,5174,10467,298.2,8,-27,1058,0,0,-1
R,5213,10511,302.0,9,-27,1059,0,0,-1
R,5254,10556,305.9,9,-28,1058,0,0,-1
R,5294,10601,309.8,9,-27,1059,0,0,-1
R,5334,10646,313.6,9,-27,1058,0,0,-1
R,5373,10691,317.4,9,-27,1058,0,0,-1
R,5414,10728,321.4,10,-26,1059,0,0,-2
R,5454,10765,325.3,8,-27,1058,0,0,-1
R,5494,10800,329.3,9,-26,1058,0,0,-1
R,5535,10835,333.3,8,-26,1058,0,0,-1
R,5575,10871,337.3,9,-27,1059,0,0,-1
R,5614,10906,341.1,10,-27,1058,0,0,-1
R,5655,10941,345.2,10,-27,1058,0,0,-2
R,5695,10977,349.2,9,-27,1058,0,0,-2
R,5735,11012,353.2,9,-27,1058,0,0,-1
R,5774,11047,357.1,8,-27,1057,-1,0,-1
R,5815,11083,361.3,10,-28,1058,-1,0,-1
R,5855,11118,365.3,9,-28,1059,0,0,-1
R,5895,11153,369.4,10,-27,1058,0,0,-2
R,5935,11189,373.5,8,-28,1059,0,0,-2
R,5975,11224,377.5,9,-27,1058,0,0,-1
R,6015,11259,381.6,10,-27,1059,0,0,-1
R,6055,11295,385.8,10,-27,1060,0,0,-1
R,6095,11330,389.9,8,-27,1059,0,0,-2
R,6135,11365,394.0,9,-27,1060,0,0,-1
R,6175,11401,398.2,10,-27,1058,0,0,-1
R,6215,11436,402.3,9,-27,1060,0,0,-1
R,6255,11471,406.5,9,-27,1059,0,0,-1
R,6295,11507,410.7,10,-27,1059,0,0,-1
R,6335,11542,414.9,9,-25,1059,0,0,-1
R,6375,11578,419.1,9,-26,1059,0,0,-2
R,6415,11613,423.3,9,-27,1058,0,0,-1
R,6454,11648,427.5,10,-27,1058,0,0,-1
R,6495,11684,431.8,10,-27,1058,0,0,-1
R,6535,11719,436.1,9,-28,1058,0,0,-2
R,6575,11754,440.4,8,-28,1058,0,0,-1
R,6615,11790,444.7,9,-26,1059,0,0,-1
R,6655,11825,449.0,9,-27,1059,0,0,-1
R,6695,11860,453.3,9,-27,1059,0,0,-2
R,6735,11896,457.6,9,-28,1058,0,0,-1
R,6775,11931,462.0,9,-26,1058,0,0,-1
R,6815,11966,466.3,10,-27,1059,0,0,-1
R,6855,12002,470.7,9,-27,1058,0,0,-1
R,6895,12037,475.1,9,-28,1059,0,0,-1
R,6935,12072,479.5,10,-27,1059,0,0,-2
R,6975,12108,483.9,10,-28,1058,0,0,-2
R,7015,12143,488.3,9,-27,1058,0,0,-1
R,7055,12178,492.7,9,-27,1059,0,0,-1
R,7095,12214,497.2,9,-27,1058,-1,0,-1
R,7135,12249,501.6,9,-27,1059,0,0,-1
R,7175,12285,506.1,9,-27,1058,0,0,-2
R,7215,12320,510.6,10,-26,1059,0,0,-1
R,7254,12355,515.0,9,-27,1059,0,0,-1
R,7295,12391,519.6,11,-27,1058,0,0,-1
R,7334,12426,524.0,9,-26,1058,0,0,-1
R,7374,12461,528.5,9,-26,1059,0,0,-1
R,7415,12497,533.2,8,-27,1059,0,0,-1
R,7457,12534,538.0,9,-27,1059,0,0,-1
R,7497,12569,542.6,10,-27,1058,0,0,-1
R,7537,12604,547.1,9,-26,1059,0,0,-2
R,7577,12640,551.7,10,-26,1058,0,0,-1
R,7617,12675,556.4,10,-26,1058,0,0,-1
R,7657,12710,561.0,9,-27,1058,0,0,-1
R,7697,12746,565.6,10,-27,1059,0,0,-1
R,7738,12782,570.4,9,-27,1059,0,0,-1
R,7778,12817,575.1,10,-27,1058,0,0,-1
R,7818,12853,579.7,10,-27,1058,0,0,-1
R,7858,12888,584.4,9,-26,1058,0,0,-1
R,7898,12923,589.1,8,-28,1059,0,0,-1
R,7937,12959,593.7,9,-27,1059,0,0,-1
R,7978,12994,598.6,10,-26,1058,0,0,-1
R,8018,13029,603.3,9,-27,1058,0,0,-1
R,8058,13065,608.1,9,-26,1058,0,0,-1
R,8098,13100,612.9,8,-27,1058,0,0,-1
R,8138,13136,617.6,8,-28,1058,0,0,-1
R,8178,13171,622.4,9,-26,1059,0,0,-1
R,8218,13206,627.2,10,-26,1059,0,0,-1
R,8257,13242,631.9,11,-26,1059,0,0,-1
R,8298,13277,636.9,10,-26,1058,-2,0,-1
R,8338,13312,641.7,9,-27,1058,-3,0,-1
R,8378,13348,646.6,10,-27,1058,0,0,-1
R,8417,13375,651.4,9,-27,1059,1,0,-1
R,8458,13398,656.4,9,-27,1058,-1,0,-2
R,8498,13421,661.2,9,-28,1058,0,0,-1
R,8538,13444,666.1,9,-27,1058,-1,0,-1
R,8578,13468,671.0,15,-22,1058,1,0,-1
R,8618,13491,676.0,2,-32,1055,-1,-2,-2
R,8658,13514,680.9,18,-21,1055,-7,-1,-1
R,8698,13537,685.8,7,-27,1062,2,0,-1
R,8738,13560,690.7,9,-27,1060,0,0,-1
R,8778,13583,695.7,8,-26,1057,1,0,-2
R,8817,13606,700.5,9,-29,1057,-1,0,-2
R,8858,13630,705.6,10,-28,1058,0,0,-1
R,8898,13653,710.6,10,-27,1059,-1,0,-1
R,8938,13676,715.6,10,-27,1058,0,0,-1
R,8978,13699,720.6,8,-27,1057,0,0,-1
R,9018,13722,725.6,10,-27,1057,0,0,-2
R,9058,13745,730.6,9,-27,1059,0,0,-1
R,9098,13768,735.6,10,-27,1058,0,0,-1
R,9138,13792,740.6,10,-27,1058,0,0,-1
R,9178,13815,745.6,9,-27,1058,0,0,-1
R,9217,13838,750.5,9,-27,1058,0,0,-1
R,9257,13861,755.6,9,-27,1057,0,0,-1
R,9298,13884,760.8,9,-26,1058,0,0,-2
R,9338,13907,765.8,9,-26,1058,0,0,-1
R,9378,13930,770.9,9,-27,1059,0,0,-1
R,9418,13954,776.0,9,-27,1059,0,0,-2
R,9458,13977,781.1,9,-27,1058,0,0,-1
R,9498,14000,786.2,10,-27,1058,0,0,-1
R,9538,14023,791.3,10,-27,1059,0,0,-1
R,9578,14046,796.4,10,-28,1058,0,0,-1
R,9618,14069,801.5,10,-27,1058,0,0,-2
R,9658,14092,806.7,10,-26,1058,0,0,-1
R,9698,14116,811.8,9,-28,1058,0,0,-1
R,9738,14139,817.0,10,-26,1058,0,0,-1
R,9778,14162,822.1,8,-28,1058,0,0,-1
R,9818,14185,827.3,9,-27,1059,0,0,-1
R,9858,14208,832.5,9,-27,1058,0,0,-1
R,9898,14231,837.6,11,-26,1057,0,0,-1
R,9938,14254,842.8,9,-27,1058,0,0,-1
R,9977,14278,847.9,9,-27,1058,0,0,-1
R,10018,14301,853.3,10,-26,1058,0,0,-1
R,10057,14324,858.3,10,-27,1058,0,0,-1
R,10098,14347,863.7,9,-27,1058,0,0,-2
R,10138,14370,868.9,10,-26,1058,0,0,-1
R,10178,14393,874.2,9,-27,1058,0,0,-1
R,10218,14416,879.4,9,-26,1058,0,0,-1
R,10258,14440,884.7,10,-27,1058,0,0,-1
R,10298,14463,889.9,9,-26,1057,0,0,-1
R,10338,14486,895.2,10,-27,1058,0,0,-1
R,10378,14509,900.5,9,-27,1058,0,0,-1
R,10418,14532,905.8,9,-27,1059,0,0,-1
R,10458,14555,911.1,9,-28,1058,0,0,-1
R,10498,14578,916.4,9,-28,1057,0,0,-1
R,10537,14601,921.6,9,-28,1058,0,0,-1
R,10577,14625,926.9,9,-28,1058,0,0,-2
R,10617,14648,932.3,9,-27,1059,0,0,-1
R,10658,14671,937.7,9,-28,1058,0,0,-1
R,10697,14694,943.0,9,-28,1058,0,0,-1
R,10738,14717,948.5,9,-27,1059,0,0,-1
R,10778,14740,953.8,9,-27,1058,0,0,-1
R,10817,14763,959.1,9,-27,1057,0,0,-1
R,10858,14787,964.6,9,-28,1059,0,0,-1
R,10898,14810,970.0,9,-27,1058,0,0,-1
R,10938,14833,975.4,9,-28,1058,0,0,-2
R,10977,14856,980.7,9,-28,1058,0,0,-2
R,11018,14879,986.2,9,-28,1058,0,0,-1
R,11058,14902,991.6,9,-27,1059,0,0,-1
R,11098,14925,997.1,9,-27,1058,0,0,-1
R,11138,14949,1002.5,9,-27,1059,0,0,-1
R,11178,14972,1008.0,9,-27,1059,0,0,-1
R,11218,14995,1013.4,9,-27,1058,0,0,-1
R,11258,15018,1018.9,10,-27,1058,0,0,-1
R,11298,15041,1024.4,10,-26,1059,0,0,-1
R,11338,15064,1029.9,9,-27,1058,0,0,-1
R,11378,15087,1035.4,9,-27,1059,0,0,-1
R,11417,15111,1040.7,10,-28,1059,0,0,-2
R,11457,15134,1046.3,9,-26,1059,0,0,-2
R,11498,15157,1051.9,9,-26,1059,0,0,-1
R,11538,15180,1057.4,9,-27,1059,0,0,-2
R,11578,15203,1063.0,9,-28,1058,0,0,-1
R,11618,15226,1068.5,10,-26,1059,0,0,-1
R,11657,15249,1073.9,9,-26,1058,0,0,-1
R,11698,15273,1079.6,9,-28,1058,0,0,-1
R,11738,15296,1085.2,9,-28,1058,0,0,-1
R,11778,15319,1090.8,10,-27,1058,0,0,-1
R,11817,15342,1096.2,10,-27,1059,0,0,-1
R,11858,15365,1102.0,9,-27,1058,0,0,-1
R,11898,15388,1107.6,9,-26,1058,0,0,-1
R,11938,15411,1113.2,9,-27,1058,0,0,-1
R,11978,15435,1118.8,8,-26,1058,0,0,-2
R,12018,15458,1124.5,9,-27,1059,0,0,-2
R,12058,15481,1130.1,8,-27,1058,0,0,-1
R,12098,15504,1135.7,8,-26,1058,0,0,-2
R,12138,15527,1141.4,9,-27,1058,0,0,-2
R,12178,15550,1147.1,9,-26,1058,0,0,-1
R,12217,15573,1152.6,9,-27,1058,0,0,-1
R,12258,15597,1158.4,9,-26,1058,0,0,-2
R,12298,15620,1164.1,9,-26,1057,0,0,-1
R,12338,15643,1169.8,9,-26,1058,0,0,-1
R,12378,15666,1175.5,10,-28,1058,0,0,-1
R,12418,15689,1181.2,9,-27,1058,0,0,-1
R,12458,15712,1186.9,9,-27,1058,0,0,-1
R,12498,15735,1192.7,9,-27,1058,0,0,-1
R,12537,15759,1198.3,9,-26,1058,0,0,-1
R,12578,15782,1204.2,10,-26,1058,0,0,-2
R,12617,15805,1209.8,9,-27,1058,0,0,-1
R,12657,15828,1215.5,10,-27,1058,0,0,-2
R,12698,15851,1221.5,9,-26,1058,0,0,-1
R,12738,15874,1227.3,9,-28,1059,0,0,-1
R,12778,15897,1233.0,9,-26,1058,0,0,-2
R,12818,15920,1238.8,9,-27,1059,0,0,-2
R,12857,15944,1244.5,9,-28,1058,0,0,-1
R,12897,15967,1250.3,9,-26,1058,0,0,-1
R,12937,15990,1256.1,9,-26,1058,0,0,-2
R,12977,16013,1262.0,9,-28,1058,0,0,-2
R,13017,16036,1267.8,8,-27,1058,0,0,-2
R,13058,16059,1273.8,9,-26,1057,0,0,-1
R,13097,16082,1279.5,10,-26,1058,0,0,-2
R,13138,16106,1285.5,10,-27,1058,0,0,-1
R,13178,16129,1291.4,9,-27,1058,0,0,-1
R,13218,16152,1297.3,9,-27,1058,0,0,-1
R,13258,16096,1303.2,9,-27,1058,0,0,-1
R,13298,15998,1309.0,9,-27,1057,0,0,-1
R,13337,15899,1314.7,10,-27,1058,0,0,-1
R,13378,15801,1320.6,10,-27,1058,0,0,-1
R,13418,15702,1326.4,10,-27,1059,0,0,-2
[dump] J60 t_ms=1890
[dump] J330 t_ms=5366 vcross_x100=10815 vtrap_x100=10465
[dump] J660 t_ms=8351 vcross_x100=13420 vtrap_x100=13215
[dump] J1320 t_ms=13236 vcross_x100=15794 vtrap_x100=16022
[dump] FIN RUN #1 t60=1890 t330=5366 t660=8351 t1320=13236
