[dump] RUN #1 heure=19:15:59 src=SEUIL_GPS rollout_ms=0 unit=JAY_B dyn=7 rate_ms=40 gps=1 pre=13 imuf=2/7 ecu=HP statut=TERMINE
[dump] CAL cal=0 gxo_cdps=0 gyo_cdps=0 gzo_cdps=0 cal_tempC=0 run_tempC=20
[dump] colonnes: R,elapsed_ms,kmh_x100,dist_ft,ax_mg,ay_mg,az_mg,gx_ds10,gy_ds10,gz_ds10
R,-1407,40,0.0,-78,79,1041,0,0,-1
R,-1298,40,0.0,-77,80,1041,0,0,-2
R,-1190,40,0.0,-77,80,1042,0,0,-1
R,-1081,40,0.0,-76,80,1041,0,0,-2
R,-973,40,0.0,-77,80,1040,0,0,-2
R,-867,40,0.0,-77,80,1040,0,0,-2
R,-758,40,0.0,-78,79,1041,0,0,-2
R,-649,40,0.0,-77,80,1040,0,0,-2
R,-541,40,0.0,-77,80,1041,0,0,-2
R,-435,40,0.0,-76,80,1041,0,0,-1
R,-327,40,0.0,-77,79,1040,0,0,-1
R,-217,40,0.0,-77,80,1041,0,0,-2
R,-110,40,0.0,-77,80,1041,0,0,-2
R,125,1064,0.9,-77,79,1040,0,0,-2
R,166,1231,1.3,-77,79,1040,0,0,-2
R,206,1397,1.8,-77,79,1041,0,0,-2
R,246,1564,2.4,-76,80,1041,0,0,-2
R,286,1730,3.0,-77,79,1041,0,0,-2
R,326,1896,3.6,-76,80,1041,0,0,-2
R,366,2063,4.3,-77,80,1040,0,0,-2
R,406,2218,5.1,-77,79,1040,0,0,-2
R,445,2322,5.9,-77,80,1041,0,0,-1
R,485,2426,6.8,-77,80,1041,0,0,-2
R,526,2530,7.7,-77,80,1040,0,0,-2
R,566,2634,8.7,-77,80,1040,0,0,-2
R,605,2738,9.6,-77,81,1040,0,0,-2
R,645,2842,10.6,-77,80,1041,0,0,-2
R,685,2946,11.7,-78,81,1041,0,0,-2
R,726,3050,12.8,-76,80,1040,0,0,-2
R,766,3154,13.9,-77,80,1041,0,0,-2
R,805,3258,15.1,-78,80,1041,0,0,-2
R,846,3362,16.3,-78,80,1041,0,0,-2
R,886,3466,17.6,-78,79,1041,0,0,-2
R,926,3535,18.8,-77,80,1041,0,0,-2
R,966,3587,20.1,-77,79,1041,0,0,-2
R,1006,3639,21.5,-77,80,1040,0,0,-2
R,1046,3691,22.8,-78,80,1040,0,0,-2
R,1086,3743,24.1,-76,80,1040,0,0,-2
R,1126,3795,25.5,-78,80,1040,0,0,-2
R,1165,3847,26.9,-78,80,1040,0,0,-2
R,1206,3899,28.3,-77,80,1040,0,0,-1
R,1245,3951,29.7,-77,79,1041,0,0,-2
R,1286,4003,31.2,-77,80,1040,0,0,-2
R,1326,4055,32.7,-77,80,1040,0,0,-2
R,1366,4107,34.2,-78,80,1040,0,0,-2
R,1406,4159,35.7,-77,81,1040,0,0,-1
R,1445,4211,37.2,-78,80,1040,0,0,-2
R,1485,4263,38.7,-77,80,1041,0,0,-2
R,1526,4315,40.3,-78,79,1041,0,0,-2
R,1566,4367,41.9,-76,80,1041,0,0,-2
R,1606,4419,43.5,-77,80,1041,0,0,-2
R,1646,4471,45.1,-77,80,1041,0,0,-2
R,1686,4523,46.7,-77,80,1040,0,0,-1
R,1725,4575,48.4,-77,81,1041,0,0,-2
R,1766,4627,50.1,-76,80,1041,0,0,-2
R,1806,4679,51.8,-76,80,1041,0,0,-2
R,1846,4731,53.5,-76,80,1040,0,0,-2
R,1886,4783,55.2,-77,80,1040,0,0,-2
R,1926,4867,57.0,-77,81,1039,0,0,-2
R,1965,4965,58.7,-78,80,1040,0,0,-1
R,2006,5064,60.6,-76,80,1040,0,0,-1
R,2046,5163,62.5,-76,80,1040,0,0,-2
R,2086,5261,64.4,-77,80,1041,0,0,-2
R,2125,5360,66.3,-77,80,1040,0,0,-2
R,2165,5459,68.2,-77,80,1040,0,0,-2
R,2206,5557,70.3,-76,80,1041,0,0,-2
R,2246,5656,72.3,-78,80,1040,0,0,-2
R,2286,5755,74.4,-78,80,1040,0,0,-2
R,2326,5853,76.5,-77,80,1040,0,0,-2
R,2366,5952,78.7,-77,80,1040,0,0,-2
R,2405,6051,80.8,-78,80,1039,0,0,-1
R,2445,6149,83.0,-77,80,1040,0,0,-2
R,2486,6248,85.4,-77,80,1040,0,0,-2
R,2526,6347,87.7,-76,79,1040,0,0,-2
R,2565,6445,89.9,-76,80,1041,0,0,-2
R,2606,6544,92.4,-77,80,1040,0,0,-1
R,2646,6643,94.8,-77,79,1039,0,0,-2
R,2685,6741,97.1,-77,80,1040,0,0,-1
R,2726,6840,99.7,-77,80,1040,0,0,-2
R,2765,6939,102.1,-77,80,1040,0,0,-2
R,2806,7037,104.7,-76,80,1040,0,0,-2
R,2846,7136,107.3,-77,80,1040,0,0,-2
R,2886,7235,109.9,-78,81,1040,0,0,-1
R,2926,7333,112.6,-77,81,1040,0,0,-2
R,2966,7432,115.3,-78,80,1041,0,0,-2
R,3005,7531,117.9,-77,80,1040,0,0,-2
R,3046,7629,120.8,-77,81,1040,0,0,-2
R,3086,7728,123.6,-77,80,1040,0,0,-2
R,3126,7827,126.4,-78,79,1040,0,0,-2
R,3166,7925,129.3,-77,79,1039,0,0,-2
R,3206,8024,132.2,-77,79,1040,0,0,-2
R,3246,8123,135.1,-76,79,1039,0,0,-2
R,3286,8221,138.1,-77,80,1040,0,0,-2
R,3326,8320,141.1,-77,79,1040,0,0,-2
R,3366,8419,144.2,-77,80,1040,0,0,-2
R,3405,8508,147.2,-76,80,1040,0,0,-1
R,3445,8553,150.3,-77,80,1040,0,0,-2
R,3485,8598,153.4,-77,79,1040,0,0,-2
R,3526,8643,156.6,-77,80,1040,0,0,-2
R,3566,8687,159.8,-77,79,1039,0,0,-2
R,3605,8732,162.9,-77,80,1039,0,0,-2
R,3646,8777,166.2,-76,80,1039,0,0,-2
R,3685,8822,169.3,-78,79,1040,0,0,-2
R,3726,8867,172.6,-78,80,1040,0,0,-1
R,3766,8912,175.8,-77,80,1040,0,0,-2
R,3805,8957,179.0,-77,79,1039,0,0,-2
R,3846,9002,182.4,-77,81,1039,0,0,-1
R,3886,9047,185.7,-77,80,1040,0,0,-2
R,3926,9092,189.0,-77,80,1039,0,0,-2
R,3966,9136,192.3,-77,80,1039,0,0,-2
R,4006,9181,195.6,-77,80,1039,0,0,-1
R,4046,9226,199.0,-76,80,1040,0,0,-2
R,4086,9271,202.3,-77,80,1040,0,0,-2
R,4126,9316,205.7,-77,80,1040,0,0,-2
R,4166,9361,209.1,-77,79,1040,0,0,-1
R,4206,9406,212.6,-77,79,1040,0,0,-2
R,4246,9451,216.0,-76,80,1039,0,0,-2
R,4285,9496,219.4,-77,80,1039,0,0,-2
R,4326,9541,222.9,-78,79,1038,1,0,-1
R,4366,9585,226.4,-77,80,1041,0,0,-2
R,4406,9630,229.9,-78,81,1038,0,0,-2
R,4445,9675,233.3,-77,79,1039,0,0,-2
R,4486,9720,237.0,-77,79,1041,0,0,-2
R,4526,9765,240.5,-76,79,1040,0,0,-2
R,4566,9810,244.1,-76,80,1039,0,0,-1
R,4605,9855,247.6,-76,80,1039,0,0,-2
R,4646,9900,251.3,-78,80,1039,0,0,-2
R,4686,9945,254.9,-77,80,1040,0,0,-2
R,4726,9989,258.5,-76,81,1040,0,0,-1
R,4766,10034,262.2,-76,80,1040,0,0,-2
R,4805,10079,265.7,-77,79,1040,0,0,-2
R,4846,10124,269.5,-77,79,1039,0,0,-2
R,4885,10169,273.1,-77,80,1038,0,0,-2
R,4926,10214,276.9,-77,79,1039,0,0,-2
R,4966,10259,280.7,-78,80,1040,0,0,-2
R,5006,10304,284.4,-77,80,1039,0,0,-2
R,5046,10349,288.2,-77,80,1039,0,0,-2
R,5086,10394,292.0,-76,79,1040,0,0,-2
R,5125,10438,295.7,-76,80,1039,0,0,-2
R,5166,10483,299.6,-77,80,1040,0,0,-2
R,5205,10528,303.3,-77,80,1040,0,0,-2
R,5246,10573,307.2,-77,80,1040,0,0,-2
R,5285,10618,311.0,-77,80,1040,0,0,-2
R,5326,10663,315.0,-77,80,1039,0,0,-2
R,5365,10706,318.8,-77,80,1040,0,0,-2
R,5405,10742,322.7,-76,80,1040,0,0,-2
R,5446,10777,326.7,-77,80,1040,0,0,-2
R,5485,10812,330.5,-77,80,1039,0,0,-2
R,5525,10848,334.5,-77,79,1040,0,0,-2
R,5566,10883,338.6,-77,80,1039,0,0,-2
R,5606,10918,342.5,-77,80,1041,0,0,-2
R,5646,10954,346.5,-77,80,1040,0,0,-2
R,5686,10989,350.5,-76,79,1040,0,0,-2
R,5726,11024,354.5,-76,79,1039,0,0,-2
R,5765,11060,358.5,-76,80,1040,0,0,-2
R,5806,11095,362.6,-77,79,1039,0,0,-2
R,5846,11130,366.6,-77,81,1040,0,0,-2
R,5886,11166,370.7,-77,80,1040,0,0,-1
R,5925,11201,374.7,-77,79,1040,0,0,-2
R,5966,11236,378.9,-77,80,1040,0,0,-1
R,6006,11272,383.0,-77,80,1039,0,0,-2
R,6046,11307,387.1,-76,80,1040,0,0,-2
R,6086,11342,391.2,-77,80,1039,0,0,-2
R,6126,11378,395.4,-77,80,1039,0,0,-1
R,6166,11413,399.5,-77,80,1039,0,0,-2
R,6205,11449,403.6,-76,80,1039,0,0,-1
R,6246,11484,407.9,-77,80,1040,0,0,-2
R,6286,11519,412.1,-77,80,1040,0,0,-2
R,6326,11555,416.3,-76,79,1039,0,0,-2
R,6366,11590,420.5,-78,79,1040,0,0,-2
R,6406,11625,424.7,-77,80,1039,0,0,-1
R,6446,11661,429.0,-77,80,1040,0,0,-2
R,6486,11696,433.2,-77,80,1040,0,0,-1
R,6526,11731,437.5,-77,80,1040,0,0,-2
R,6565,11767,441.7,-78,80,1040,0,0,-2
R,6605,11802,446.0,-76,80,1040,0,0,-2
R,6646,11837,450.4,-76,81,1039,0,0,-1
R,6686,11873,454.7,-76,79,1039,0,0,-2
R,6726,11908,459.0,-78,80,1039,0,0,-2
R,6766,11943,463.4,-77,79,1039,0,0,-2
R,6805,11979,467.6,-77,80,1039,0,0,-2
R,6846,12014,472.1,-76,80,1039,0,0,-2
R,6886,12049,476.5,-77,79,1040,0,0,-2
R,6926,12085,480.9,-76,80,1039,0,0,-2
R,6965,12120,485.2,-76,80,1040,0,0,-2
R,7005,12155,489.6,-77,80,1040,0,0,-2
R,7046,12191,494.2,-77,80,1039,0,0,-2
R,7085,12226,498.5,-77,79,1040,0,0,-2
R,7126,12262,503.1,-77,79,1040,0,0,-2
R,7166,12297,507.6,-77,80,1039,0,0,-2
R,7206,12332,512.0,-78,81,1040,0,0,-2
R,7246,12368,516.5,-77,80,1040,0,0,-2
R,7286,12403,521.1,-77,80,1039,0,0,-2
R,7326,12438,525.6,-77,80,1039,0,0,-2
R,7366,12474,530.1,-77,79,1039,0,0,-1
R,7406,12509,534.7,-76,80,1039,0,0,-2
R,7445,12544,539.1,-77,80,1039,0,0,-2
R,7486,12580,543.8,-77,80,1039,0,0,-2
R,7526,12615,548.4,-77,80,1039,0,0,-2
R,7566,12650,553.0,-77,79,1039,0,0,-2
R,7606,12686,557.6,-76,80,1039,0,0,-2
R,7646,12721,562.3,-76,80,1040,0,0,-2
R,7686,12756,566.9,-76,79,1039,0,0,-2
R,7726,12792,571.6,-77,79,1039,0,0,-1
R,7766,12827,576.2,-76,79,1038,0,0,-2
R,7806,12862,580.9,-77,79,1040,0,0,-1
R,7846,12898,585.6,-78,79,1040,0,0,-2
R,7885,12933,590.2,-78,80,1040,0,0,-2
R,7926,12969,595.1,-77,80,1041,0,0,-1
R,7966,13004,599.8,-77,78,1040,0,0,-2
R,8006,13039,604.5,-77,79,1039,0,0,-1
R,8046,13075,609.3,-76,81,1040,0,0,-2
R,8085,13110,613.9,-77,81,1040,0,0,-1
R,8126,13145,618.9,-77,80,1040,0,0,-1
R,8166,13181,623.7,-76,79,1040,0,0,-1
R,8206,13216,628.5,-77,79,1040,0,0,-1
R,8246,13251,633.3,-77,80,1040,0,0,-2
R,8286,13287,638.1,-76,80,1040,0,0,-2
R,8326,13322,643.0,-77,80,1040,0,0,-2
R,8366,13357,647.8,-77,81,1041,0,0,-2
R,8406,13381,652.7,-77,81,1040,0,0,-2
R,8446,13405,657.6,-77,81,1040,0,0,-2
R,8485,13428,662.4,-77,81,1041,0,0,-2
R,8526,13451,667.4,-78,79,1040,0,0,-2
R,8566,13474,672.3,-76,80,1040,0,0,-2
R,8605,13497,677.1,-75,79,1039,0,0,-2
R,8646,13520,682.1,-75,78,1039,0,0,-1
R,8686,13543,687.1,-76,80,1040,0,0,-2
R,8726,13567,692.0,-77,80,1040,0,0,-2
R,8766,13590,697.0,-78,81,1040,0,0,-1
R,8806,13613,701.9,-78,81,1040,0,0,-1
R,8846,13636,706.9,-76,80,1039,0,0,-2
R,8886,13659,711.9,-76,78,1040,0,0,-1
R,8926,13682,716.8,-75,78,1040,0,0,-2
R,8966,13705,721.8,-76,79,1041,0,0,-2
R,9005,13729,726.7,-77,80,1041,1,0,-1
R,9046,13752,731.8,-78,81,1040,0,0,-2
R,9085,13775,736.7,-78,81,1040,0,0,-2
R,9126,13798,741.9,-77,81,1040,0,0,-2
R,9166,13821,746.9,-77,79,1041,0,0,-2
R,9205,13844,751.8,-76,79,1040,0,0,-2
R,9246,13867,757.0,-76,79,1041,0,0,-2
R,9286,13890,762.1,-77,80,1040,0,0,-2
R,9326,13914,767.1,-78,81,1041,0,0,-1
R,9365,13937,772.1,-78,81,1041,0,0,-2
R,9406,13960,777.3,-77,79,1040,0,0,-2
R,9446,13983,782.4,-77,79,1041,0,0,-2
R,9486,14006,787.5,-76,79,1040,0,0,-2
R,9526,14029,792.6,-76,79,1041,0,0,-1
R,9566,14052,797.7,-78,81,1040,0,0,-2
R,9606,14076,802.9,-77,81,1040,0,0,-2
R,9646,14099,808.0,-77,81,1042,0,0,-2
R,9685,14122,813.0,-77,80,1040,0,0,-2
R,9726,14145,818.3,-77,79,1040,0,0,-2
R,9766,14168,823.4,-76,78,1040,0,0,-2
R,9805,14191,828.5,-76,79,1041,0,0,-2
R,9846,14214,833.8,-78,80,1040,0,0,-1
R,9886,14238,839.0,-78,80,1041,0,0,-2
R,9926,14261,844.2,-77,81,1040,0,0,-2
R,9965,14284,849.2,-77,79,1041,0,0,-1
R,10005,14307,854.5,-76,79,1040,0,0,-2
R,10046,14330,859.8,-76,79,1040,0,0,-2
R,10086,14353,865.0,-77,80,1040,0,0,-2
R,10126,14376,870.3,-78,81,1040,0,0,-1
R,10166,14400,875.5,-77,81,1040,0,0,-2
R,10205,14423,880.6,-77,81,1040,0,0,-2
R,10246,14446,886.0,-77,81,1041,0,0,-1
R,10286,14469,891.3,-76,80,1040,0,0,-2
R,10326,14492,896.6,-76,79,1040,0,0,-2
R,10366,14515,901.9,-76,79,1040,0,0,-1
R,10406,14538,907.2,-77,80,1040,0,0,-2
R,10445,14562,912.3,-77,81,1041,0,0,-2
R,10486,14585,917.8,-77,80,1041,0,0,-1
R,10526,14608,923.1,-77,80,1040,0,0,-1
R,10566,14631,928.4,-77,79,1040,0,0,-2
R,10606,14654,933.8,-77,79,1041,0,0,-2
R,10646,14677,939.1,-77,79,1040,0,0,-2
R,10686,14700,944.5,-77,80,1040,0,0,-2
R,10726,14724,949.8,-78,80,1040,0,0,-2
R,10765,14747,955.1,-78,80,1040,0,0,-1
R,10805,14770,960.4,-76,80,1040,0,0,-2
R,10846,14793,966.0,-76,80,1040,0,0,-2
R,10885,14816,971.2,-76,79,1040,0,0,-2
R,10926,14839,976.8,-77,79,1039,0,0,-1
R,10966,14862,982.2,-77,80,1039,0,0,-2
R,11006,14886,987.6,-77,80,1040,0,0,-2
R,11046,14909,993.0,-77,81,1040,0,0,-2
R,11086,14932,998.5,-78,80,1040,0,0,-2
R,11126,14955,1003.9,-76,79,1040,0,0,-2
R,11165,14978,1009.2,-76,79,1040,0,0,-2
R,11206,15001,1014.8,-76,80,1040,0,0,-1
R,11246,15024,1020.3,-77,80,1040,0,0,-2
R,11286,15048,1025.8,-76,81,1040,0,0,-2
R,11326,15071,1031.3,-77,80,1040,0,0,-2
R,11366,15094,1036.8,-77,80,1040,0,0,-1
R,11406,15117,1042.3,-76,79,1040,0,0,-1
R,11446,15140,1047.8,-76,79,1040,0,0,-1
R,11485,15163,1053.2,-76,80,1040,0,0,-2
R,11526,15186,1058.9,-77,80,1040,0,0,-2
R,11566,15210,1064.4,-77,81,1040,0,0,-2
R,11606,15233,1070.0,-76,79,1040,0,0,-2
R,11646,15256,1075.5,-77,80,1040,0,0,-1
R,11686,15279,1081.1,-76,80,1039,0,0,-1
R,11726,15302,1086.6,-77,80,1040,0,0,-2
R,11766,15325,1092.2,-76,80,1040,0,0,-2
R,11806,15348,1097.8,-77,80,1040,0,0,-2
R,11846,15371,1103.4,-77,80,1040,0,0,-2
R,11885,15395,1108.9,-78,80,1040,0,0,-2
R,11925,15418,1114.5,-77,80,1040,0,0,-2
R,11965,15441,1120.1,-77,79,1039,0,0,-2
R,12006,15464,1125.9,-77,79,1040,0,0,-1
R,12046,15487,1131.5,-76,80,1041,0,0,-2
R,12085,15510,1137.1,-76,80,1040,0,0,-2
R,12126,15533,1142.9,-77,81,1039,0,0,-2
R,12165,15557,1148.4,-77,80,1040,0,0,-1
R,12205,15580,1154.1,-78,80,1039,0,0,-2
R,12246,15603,1159.9,-77,79,1040,0,0,-2
R,12286,15626,1165.6,-76,79,1040,0,0,-2
R,12326,15649,1171.3,-77,80,1040,0,0,-2
R,12366,15672,1177.0,-77,80,1041,0,0,-2
R,12405,15695,1182.6,-76,81,1040,0,0,-2
R,12445,15719,1188.3,-77,81,1039,0,0,-2
R,12486,15742,1194.2,-77,80,1040,0,0,-2
R,12526,15765,1199.9,-77,80,1041,0,0,-1
R,12566,15788,1205.7,-76,80,1041,0,0,-1
R,12606,15811,1211.4,-76,80,1039,0,0,-2
R,12646,15834,1217.2,-76,80,1042,0,0,-1
R,12685,15857,1222.8,-76,81,1040,0,0,-2
R,12726,15881,1228.7,-76,80,1041,0,0,-2
R,12766,15904,1234.5,-77,80,1040,0,0,-2
R,12806,15927,1240.3,-77,80,1041,0,0,-2
R,12846,15950,1246.1,-76,80,1041,0,0,-2
R,12886,15973,1252.0,-76,80,1041,0,0,-2
R,12926,15996,1257.8,-77,80,1040,0,0,-2
R,12965,16019,1263.5,-76,80,1040,0,0,-2
R,13005,16043,1269.3,-78,81,1040,0,0,-2
R,13045,16066,1275.2,-77,80,1040,0,0,-2
R,13086,16089,1281.2,-76,80,1040,0,0,-2
R,13126,16112,1287.1,-77,79,1040,0,0,-2
R,13165,16135,1292.8,-73,82,1036,-72,15,-3
R,13206,16158,1298.8,-79,72,1043,-29,5,-2
R,13246,16069,1304.7,-81,66,1051,17,-2,-2
R,13285,15970,1310.4,-77,80,1029,81,-15,-2
R,13326,15872,1316.3,-78,78,1040,3,0,-2
R,13366,15774,1322.1,-77,80,1041,-4,0,-2
[dump] J60 t_ms=1881
[dump] J330 t_ms=5357 vcross_x100=10816 vtrap_x100=10450
[dump] J660 t_ms=8341 vcross_x100=13421 vtrap_x100=13215
[dump] J1320 t_ms=13225 vcross_x100=15793 vtrap_x100=16058
[dump] FIN RUN #1 t60=1881 t330=5357 t660=8341 t1320=13225
