[dump] RUN #1 heure=07:22:19 src=ENTREE_PIN rollout_ms=0 unit=JAY_B dyn=7 rate_ms=40 gps=1 pre=0 imuf=2/7 ecu=HP statut=ABANDON
[dump] CAL cal=0 gxo_cdps=0 gyo_cdps=0 gzo_cdps=0 cal_tempC=0 run_tempC=21
[dump] colonnes: R,elapsed_ms,kmh_x100,dist_ft,ax_mg,ay_mg,az_mg,gx_ds10,gy_ds10,gz_ds10
R,31,12,0.0,65,-35,1038,0,0,-1
R,83,5,0.0,64,-34,1037,0,0,-2
R,111,14,0.0,64,-34,1037,0,0,-1
R,152,12,0.0,64,-35,1037,0,0,-1
R,193,16,0.0,64,-34,1037,0,0,-2
R,231,12,0.0,64,-35,1038,0,0,-2
R,271,3,0.0,64,-35,1037,0,0,-2
R,311,18,0.0,64,-35,1037,0,0,-1
R,351,10,0.0,65,-35,1037,0,0,-2
R,392,3,0.0,65,-34,1037,0,0,-2
R,432,12,0.0,65,-35,1037,0,0,-1
R,472,10,0.0,64,-35,1037,0,0,-2
R,512,7,0.0,64,-35,1037,0,0,-1
R,552,18,0.1,64,-34,1038,0,0,-2
R,592,10,0.1,65,-34,1037,0,0,-2
R,632,7,0.1,64,-33,1038,0,0,-1
R,672,14,0.1,65,-34,1037,0,0,-2
R,712,10,0.1,65,-35,1037,0,0,-2
R,752,6,0.1,64,-35,1037,0,0,-2
R,791,14,0.1,65,-35,1038,0,0,-1
R,831,6,0.1,65,-35,1038,0,0,-1
R,871,3,0.1,65,-34,1037,0,0,-1
R,911,13,0.1,65,-35,1037,0,0,-1
R,953,9,0.1,65,-34,1037,0,0,-1
R,996,17,0.1,65,-34,1037,0,0,-2
R,1031,7,0.1,65,-34,1037,0,0,-1
R,1083,6,0.1,65,-34,1037,0,0,-2
R,1111,16,0.1,63,-34,1038,0,0,-1
R,1151,12,0.1,64,-35,1037,0,0,-1
R,1193,9,0.1,65,-35,1037,0,0,-2
R,1231,7,0.1,65,-34,1037,0,0,-1
R,1271,9,0.1,65,-34,1037,0,0,-2
R,1311,4,0.1,65,-34,1038,0,0,-1
R,1351,15,0.1,65,-34,1037,0,0,-1
R,1391,16,0.1,63,-34,1037,0,0,-2
R,1431,3,0.1,63,-34,1037,0,0,-1
R,1471,14,0.1,64,-34,1037,0,0,-1
R,1511,19,0.1,65,-35,1037,0,0,-2
R,1552,9,0.1,64,-34,1037,0,0,-2
R,1591,14,0.2,64,-34,1038,0,0,-1
R,1632,16,0.2,65,-34,1037,0,0,-1
R,1671,6,0.2,64,-34,1038,0,0,-2
R,1712,8,0.2,65,-35,1037,0,0,-1
R,1751,14,0.2,66,-34,1037,0,0,-2
R,1791,8,0.2,65,-34,1036,0,0,-1
R,1831,8,0.2,65,-33,1037,0,0,-2
R,1871,6,0.2,64,-33,1037,0,0,-1
R,1911,12,0.2,65,-33,1037,0,0,-2
R,1951,10,0.2,65,-35,1037,0,0,-1
R,1991,8,0.2,64,-35,1037,0,0,-1
R,2031,4,0.2,65,-33,1037,0,0,-2
R,2082,6,0.2,65,-34,1037,0,0,-2
R,2111,10,0.2,65,-33,1037,0,0,-2
R,2151,5,0.2,64,-34,1037,0,0,-1
R,2193,2,0.2,64,-35,1037,0,0,-1
R,2231,8,0.2,64,-35,1037,0,0,-1
R,2271,12,0.2,64,-34,1037,0,0,-1
R,2311,9,0.2,64,-34,1037,0,0,-2
R,2351,12,0.2,64,-35,1038,0,0,-1
R,2391,18,0.2,65,-34,1037,0,0,-1
R,2431,20,0.2,64,-34,1037,0,0,-2
R,2471,18,0.2,65,-34,1037,0,0,-1
R,2512,5,0.2,65,-34,1037,0,0,-2
R,2551,6,0.2,64,-35,1037,0,0,-2
R,2592,8,0.2,64,-35,1037,0,0,-2
R,2631,4,0.2,64,-34,1037,0,0,-1
R,2671,13,0.2,64,-35,1037,0,0,-1
R,2712,10,0.2,64,-34,1037,0,0,-2
R,2750,13,0.3,65,-34,1037,0,0,-1
R,2791,9,0.3,64,-34,1037,0,0,-1
R,2831,13,0.3,65,-35,1037,0,0,-2
R,2871,6,0.3,65,-35,1038,0,0,-2
R,2912,4,0.3,65,-35,1038,0,0,-2
R,2951,25,0.3,65,-35,1037,0,0,-1
R,2996,11,0.3,65,-34,1037,0,0,-1
R,3031,11,0.3,64,-35,1037,0,0,-2
R,3083,18,0.3,64,-34,1037,0,0,-1
R,3112,22,0.3,64,-34,1038,0,0,-1
R,3151,13,0.3,64,-35,1037,0,0,-1
R,3193,5,0.3,64,-34,1036,0,0,-2
R,3231,9,0.3,65,-35,1037,0,0,-1
R,3271,7,0.3,64,-34,1036,0,0,-2
R,3311,5,0.3,64,-34,1036,0,0,-1
R,3352,6,0.3,64,-34,1038,0,0,-2
R,3392,9,0.3,64,-34,1037,0,0,-1
R,3431,17,0.3,65,-34,1038,0,0,-2
R,3472,9,0.3,64,-34,1037,0,0,-1
R,3512,19,0.3,64,-35,1037,0,0,-2
R,3552,9,0.3,64,-34,1037,0,0,-2
R,3592,6,0.3,65,-34,1037,0,0,-1
R,3632,15,0.3,65,-34,1037,0,0,-2
R,3673,18,0.3,64,-34,1037,0,0,-1
R,3713,5,0.4,65,-34,1037,0,0,-2
R,3751,5,0.4,64,-34,1038,0,0,-1
R,3791,21,0.4,64,-34,1038,0,0,-1
R,3832,8,0.4,65,-35,1039,0,0,-1
R,3872,15,0.4,65,-35,1037,0,0,-1
R,3911,8,0.4,66,-33,1037,0,0,-2
R,3951,3,0.4,65,-35,1037,0,0,-2
R,3991,10,0.4,64,-35,1037,0,0,-2
R,4031,19,0.4,64,-35,1037,0,0,-2
R,4085,11,0.4,65,-35,1037,0,0,-1
R,4112,12,0.4,64,-35,1037,0,0,-1
R,4151,14,0.4,64,-34,1037,0,0,-1
R,4194,15,0.4,65,-35,1037,0,0,-2
R,4232,24,0.4,65,-34,1037,0,0,-2
R,4272,23,0.4,65,-34,1038,0,0,-2
R,4312,48,0.4,65,-34,1038,0,0,-2
R,4352,28,0.4,64,-35,1038,0,0,-2
R,4393,31,0.5,65,-34,1038,0,0,-1
R,4432,27,0.5,65,-35,1037,0,0,-2
R,4472,13,0.5,64,-35,1037,0,0,-2
R,4512,5,0.5,65,-34,1038,0,0,-2
R,4552,19,0.5,65,-34,1037,0,0,-2
R,4592,26,0.5,64,-34,1037,0,0,-1
R,4631,18,0.5,64,-34,1037,0,0,-2
R,4672,23,0.5,65,-35,1037,0,0,-1
R,4711,6,0.5,64,-35,1038,0,0,-2
R,4751,13,0.5,64,-34,1038,0,0,-1
R,4791,5,0.5,65,-35,1038,0,0,-1
R,4832,19,0.5,64,-34,1038,0,0,-1
R,4872,13,0.5,64,-36,1038,0,0,-2
R,4913,7,0.5,64,-35,1037,0,0,-2
R,4952,13,0.5,64,-34,1037,0,0,-2
R,4997,15,0.5,63,-35,1037,0,0,-2
R,5032,14,0.5,65,-35,1038,0,0,-1
R,5083,20,0.6,65,-35,1038,0,0,-2
R,5111,12,0.6,65,-34,1037,0,0,-2
R,5151,22,0.6,65,-34,1037,0,0,-1
R,5193,1,0.6,65,-34,1038,0,0,-2
R,5231,13,0.6,65,-34,1037,0,0,-2
R,5271,18,0.6,64,-34,1037,0,0,-1
R,5311,19,0.6,64,-35,1037,0,0,-1
R,5352,15,0.6,64,-35,1037,0,0,-1
R,5392,4,0.6,64,-34,1037,0,0,-1
R,5431,10,0.6,64,-34,1037,0,0,-2
R,5472,17,0.6,64,-33,1037,0,0,-2
R,5511,26,0.6,64,-34,1037,0,0,-2
R,5551,16,0.6,65,-34,1038,0,0,-2
R,5592,28,0.6,64,-34,1038,0,0,-2
R,5631,11,0.6,64,-35,1037,0,0,-1
R,5671,24,0.6,65,-34,1038,0,0,-2
R,5711,24,0.6,65,-34,1038,0,0,-2
R,5751,14,0.7,65,-34,1038,0,0,-2
R,5791,9,0.7,64,-35,1038,0,0,-1
R,5832,14,0.7,64,-34,1037,0,0,-2
R,5872,27,0.7,65,-34,1037,0,0,-2
R,5912,20,0.7,65,-34,1038,0,0,-2
R,5952,6,0.7,64,-35,1038,0,0,-2
R,5991,5,0.7,64,-35,1038,0,0,-2
R,6031,6,0.7,64,-35,1037,0,0,-1
R,6083,8,0.7,64,-34,1038,0,0,-2
R,6112,5,0.7,64,-34,1037,0,0,-2
R,6152,19,0.7,65,-34,1036,0,0,-1
R,6193,10,0.7,64,-34,1037,0,0,-1
R,6232,11,0.7,64,-34,1037,0,0,-2
R,6272,15,0.7,64,-34,1037,0,0,-1
R,6312,6,0.7,64,-35,1037,0,0,-1
R,6352,15,0.7,64,-34,1037,0,0,-1
R,6392,14,0.7,65,-34,1037,0,0,-1
R,6433,18,0.7,64,-34,1037,0,0,-1
R,6472,15,0.7,65,-35,1036,0,0,-2
R,6512,3,0.7,65,-34,1037,0,0,-2
R,6552,12,0.7,64,-34,1037,0,0,-2
R,6592,17,0.7,64,-34,1038,0,0,-2
R,6632,9,0.8,65,-34,1037,0,0,-2
R,6672,6,0.8,64,-34,1037,0,0,-2
R,6712,5,0.8,65,-34,1037,0,0,-2
R,6752,6,0.8,63,-34,1036,0,0,-1
R,6792,5,0.8,64,-34,1036,0,0,-1
R,6832,4,0.8,65,-34,1037,0,0,-1
R,6872,1,0.8,64,-35,1037,0,0,-2
R,6912,2,0.8,65,-35,1037,0,0,-2
R,6952,19,0.8,65,-34,1037,0,0,-2
R,6997,5,0.8,65,-34,1037,0,0,-1
R,7032,14,0.8,65,-34,1037,0,0,-2
R,7083,0,0.8,64,-35,1036,0,0,-1
R,7112,8,0.8,65,-34,1037,0,0,-1
R,7152,5,0.8,65,-35,1037,0,0,-2
R,7193,10,0.8,65,-34,1038,0,0,-2
R,7231,4,0.8,64,-35,1037,0,0,-1
R,7272,5,0.8,65,-34,1037,0,0,-2
R,7312,2,0.8,64,-34,1038,0,0,-2
R,7352,6,0.8,64,-34,1037,0,0,-1
R,7392,4,0.8,64,-34,1037,0,0,-1
R,7433,10,0.8,64,-34,1037,0,0,-1
R,7473,9,0.8,64,-33,1037,0,0,-1
R,7512,4,0.8,64,-34,1037,0,0,-1
R,7552,17,0.8,64,-35,1037,0,0,-1
R,7592,33,0.8,64,-35,1037,0,0,-2
R,7632,18,0.8,65,-34,1037,0,0,-1
R,7671,16,0.8,64,-34,1038,0,0,-2
R,7713,34,0.8,64,-35,1037,0,0,-1
R,7753,11,0.8,65,-35,1037,0,0,-2
R,7792,36,0.9,65,-34,1038,0,0,-1
R,7833,43,0.9,65,-34,1038,0,0,-2
R,7873,10,0.9,64,-34,1037,0,0,-1
R,7913,13,0.9,64,-34,1037,0,0,-2
R,7952,26,0.9,64,-35,1037,0,0,-2
R,7992,12,0.9,65,-34,1037,0,0,-2
R,8032,12,0.9,64,-34,1037,0,0,-1
R,8084,5,0.9,65,-34,1036,0,0,-2
R,8112,14,0.9,65,-34,1037,0,0,-1
R,8152,9,0.9,64,-35,1037,0,0,-2
R,8193,2,0.9,64,-34,1036,0,0,-2
R,8233,5,0.9,64,-34,1037,0,0,-2
R,8273,1,0.9,65,-34,1038,0,0,-1
R,8312,13,0.9,63,-34,1038,0,0,-2
R,8352,15,0.9,64,-35,1037,0,0,-1
R,8392,14,0.9,64,-34,1038,0,0,-1
R,8432,6,0.9,65,-35,1038,0,0,-2
R,8472,12,0.9,64,-35,1037,0,0,-2
R,8512,6,0.9,65,-34,1037,0,0,-2
R,8552,8,0.9,65,-34,1037,0,0,-1
R,8592,7,0.9,64,-34,1037,0,0,-1
R,8631,13,0.9,65,-35,1037,0,0,-1
R,8671,6,1.0,64,-34,1037,0,0,-2
R,8712,8,1.0,66,-35,1037,0,0,-1
R,8752,2,1.0,64,-35,1037,0,0,-1
R,8792,7,1.0,65,-34,1037,0,0,-2
R,8832,23,1.0,63,-34,1037,0,0,-1
R,8872,19,1.0,64,-34,1037,0,0,-1
R,8912,8,1.0,64,-34,1037,0,0,-1
R,8952,13,1.0,64,-34,1037,0,0,-2
R,8997,4,1.0,64,-34,1037,0,0,-1
R,9032,22,1.0,64,-34,1037,0,0,-2
R,9083,19,1.0,65,-33,1036,0,0,-2
R,9112,22,1.0,65,-33,1037,0,0,-2
R,9151,33,1.0,65,-33,1037,0,0,-2
R,9194,24,1.0,65,-34,1037,0,0,-2
R,9232,9,1.0,64,-35,1037,0,0,-2
R,9272,16,1.0,65,-34,1037,0,0,-2
R,9312,4,1.0,64,-35,1037,0,0,-1
R,9352,8,1.0,65,-35,1037,0,0,-2
R,9392,13,1.0,64,-35,1037,0,0,-2
R,9432,12,1.0,64,-34,1037,0,0,-2
R,9473,17,1.1,65,-34,1037,0,0,-2
R,9512,12,1.1,65,-34,1037,0,0,-1
R,9553,6,1.1,64,-35,1037,0,0,-1
R,9592,2,1.1,63,-35,1038,0,0,-2
R,9632,8,1.1,64,-35,1038,0,0,-1
R,9672,19,1.1,64,-34,1039,0,0,-1
R,9712,20,1.1,65,-35,1038,0,0,-1
R,9752,19,1.1,65,-34,1037,0,0,-2
R,9792,21,1.1,64,-34,1037,0,0,-1
R,9832,23,1.1,64,-34,1038,0,0,-1
R,9872,17,1.1,64,-34,1038,0,0,-1
R,9912,17,1.1,64,-34,1037,0,0,-2
R,9952,16,1.1,64,-33,1037,0,0,-2
R,9992,21,1.1,64,-34,1036,0,0,-2
R,10033,7,1.1,64,-34,1037,0,0,-2
R,10084,30,1.1,64,-33,1037,0,0,-1
R,10111,23,1.1,65,-34,1037,0,0,-1
R,10152,11,1.2,64,-35,1037,0,0,-1
R,10194,48,1.2,65,-34,1037,0,0,-2
R,10232,46,1.2,65,-35,1036,0,0,-1
R,10272,28,1.2,65,-33,1037,0,0,-2
R,10312,19,1.2,65,-34,1037,0,0,-2
R,10352,28,1.2,65,-35,1036,0,0,-2
R,10391,23,1.2,64,-34,1037,0,0,-2
R,10431,19,1.2,65,-35,1038,0,0,-2
R,10472,26,1.2,65,-34,1037,0,0,-1
R,10512,13,1.2,64,-35,1038,0,0,-2
R,10551,17,1.2,64,-35,1037,0,0,-1
R,10591,13,1.3,65,-35,1037,0,0,-1
R,10631,19,1.3,64,-34,1037,0,0,-1
R,10672,12,1.3,65,-34,1039,0,0,-2
R,10712,18,1.3,64,-35,1038,0,0,-1
R,10752,19,1.3,65,-32,1037,0,0,-2
R,10792,19,1.3,64,-32,1037,0,0,-1
R,10832,14,1.3,65,-35,1038,0,0,-1
R,10872,5,1.3,64,-36,1037,0,0,-1
R,10911,20,1.3,64,-35,1039,0,0,-2
R,10952,23,1.3,65,-35,1038,0,0,-1
R,10997,14,1.3,65,-34,1038,0,0,-2
R,11031,8,1.3,64,-33,1038,1,0,-2
R,11083,30,1.3,64,-31,1037,0,0,-2
R,11111,20,1.3,64,-32,1038,-1,0,-1
R,11151,4,1.3,63,-32,1036,-1,0,-1
R,11193,11,1.3,64,-37,1037,-1,0,-1
R,11231,4,1.3,65,-40,1036,0,0,-1
R,11272,8,1.3,63,-39,1038,1,0,-2
R,11312,2,1.3,64,-37,1038,2,0,-2
R,11352,1,1.3,66,-33,1036,2,0,-2
R,11392,14,1.4,64,-29,1036,1,0,-2
R,11432,21,1.4,64,-29,1037,0,0,-1
R,11472,27,1.4,64,-31,1038,-1,0,-1
R,11512,3,1.4,64,-33,1038,-1,0,-1
R,11552,14,1.4,64,-36,1038,-1,0,-1
R,11592,16,1.4,64,-38,1039,0,0,-1
R,11631,11,1.4,65,-38,1037,0,0,-2
R,11673,12,1.4,64,-38,1037,1,0,-2
R,11713,5,1.4,64,-36,1038,2,0,-2
R,11752,11,1.4,65,-32,1037,1,0,-2
R,11792,8,1.4,66,-29,1036,1,0,-2
R,11833,6,1.4,64,-30,1037,0,0,-1
R,11872,9,1.4,64,-31,1037,-1,0,-1
R,11913,10,1.4,65,-34,1037,-1,0,-1
R,11953,14,1.4,65,-37,1038,-1,0,-1
R,11992,15,1.4,65,-38,1038,0,0,-1
R,12031,0,1.4,64,-39,1038,0,0,-2
R,12083,17,1.4,65,-37,1038,1,0,-2
R,12111,10,1.4,64,-34,1036,1,0,-2
R,12152,7,1.4,65,-31,1036,1,0,-1
R,12193,3,1.4,66,-29,1035,1,0,-2
R,12232,5,1.4,64,-30,1038,0,0,-2
R,12272,1,1.4,63,-33,1042,-2,0,-1
R,12312,6,1.4,66,-35,1034,-2,0,-1
R,12352,5,1.4,65,-38,1039,-1,0,-2
R,12392,15,1.4,63,-37,1036,0,0,-1
R,12432,23,1.4,65,-37,1036,0,0,-1
R,12472,14,1.5,67,-36,1037,1,0,-2
R,12512,7,1.5,63,-37,1036,0,0,-2
R,12551,17,1.5,63,-34,1037,1,0,-2
R,12593,17,1.5,66,-32,1037,1,0,-2
R,12632,9,1.5,64,-33,1036,0,0,-2
R,12673,18,1.5,64,-33,1038,0,0,-1
R,12713,23,1.5,65,-34,1037,0,0,-1
R,12752,34,1.5,66,-37,1038,0,0,-1
R,12792,11,1.5,65,-37,1037,0,0,-1
R,12832,54,1.5,65,-37,1037,0,0,-2
R,12872,47,1.5,65,-33,1038,1,0,-1
R,12911,10,1.5,65,-32,1037,3,0,-2
R,12952,19,1.6,67,-27,1040,2,0,-2
R,12998,30,1.6,61,-37,1033,3,-1,-3
R,13032,20,1.6,66,-29,1038,-5,0,0
R,13082,8,1.6,65,-32,1040,0,0,-1
R,13111,4,1.6,64,-35,1037,0,0,-1
R,13152,8,1.6,66,-35,1041,-2,0,-1
R,13193,26,1.6,65,-37,1040,-2,0,-1
R,13231,18,1.6,64,-37,1035,0,0,-1
R,13271,25,1.6,64,-35,1037,1,0,-2
R,13311,27,1.6,63,-33,1037,1,0,-2
R,13352,24,1.6,65,-32,1037,0,0,-2
R,13392,18,1.6,65,-32,1037,0,0,-2
R,13432,23,1.6,64,-33,1036,0,0,-1
R,13473,24,1.6,64,-34,1037,0,0,-1
R,13512,22,1.7,65,-35,1037,0,0,-1
R,13551,23,1.7,65,-37,1037,0,0,-2
R,13591,14,1.7,64,-36,1038,0,0,-2
R,13632,15,1.7,65,-36,1038,1,0,-2
R,13672,32,1.7,65,-34,1037,1,0,-2
R,13712,24,1.7,65,-33,1038,0,0,-2
R,13752,21,1.7,64,-33,1038,0,0,-1
R,13791,13,1.7,65,-32,1037,0,0,-1
R,13832,26,1.7,64,-34,1037,-1,0,-1
R,13872,34,1.7,65,-35,1036,0,0,-1
R,13912,38,1.7,65,-36,1037,0,0,-1
R,13953,22,1.7,63,-37,1037,0,0,-2
R,13992,12,1.8,64,-35,1037,1,0,-2
R,14032,33,1.8,64,-34,1037,0,0,-2
R,14083,13,1.8,65,-33,1038,0,0,-2
R,14113,17,1.8,64,-33,1037,0,0,-2
R,14152,22,1.8,64,-32,1036,0,0,-1
R,14194,17,1.8,64,-33,1035,0,0,-1
R,14233,8,1.8,65,-34,1036,0,0,-1
R,14272,21,1.8,64,-36,1037,0,0,-2
R,14312,34,1.8,65,-36,1037,0,0,-1
R,14353,12,1.8,64,-36,1037,0,0,-1
R,14392,19,1.8,65,-35,1038,1,0,-2
R,14432,19,1.8,65,-34,1037,0,0,-2
R,14473,20,1.8,65,-33,1037,0,0,-1
R,14512,12,1.8,64,-33,1036,0,0,-1
R,14552,4,1.8,63,-33,1036,0,0,-2
R,14592,18,1.9,65,-34,1037,0,0,-2
R,14632,12,1.9,64,-35,1036,0,0,-1
R,14672,20,1.9,64,-36,1037,0,0,-2
R,14712,12,1.9,64,-36,1037,0,0,-1
R,14752,5,1.9,65,-35,1037,1,0,-1
R,14792,6,1.9,65,-34,1037,1,0,-2
R,14832,14,1.9,64,-33,1038,0,0,-1
R,14872,7,1.9,63,-33,1038,0,0,-1
R,14912,7,1.9,64,-33,1038,0,0,-1
R,14952,11,1.9,65,-34,1037,0,0,-2
R,14996,23,1.9,64,-36,1038,0,0,-1
R,15031,12,1.9,65,-36,1037,0,0,-1
R,15083,3,1.9,65,-36,1037,0,0,-1
R,15112,18,1.9,64,-35,1037,0,0,-1
R,15152,4,1.9,64,-34,1037,1,0,-2
R,15194,8,1.9,64,-34,1037,0,0,-2
R,15232,12,1.9,64,-33,1036,0,0,-2
R,15272,12,1.9,64,-33,1036,0,0,-1
R,15311,9,1.9,64,-34,1036,0,0,-1
R,15352,0,1.9,64,-35,1035,0,0,-1
R,15391,9,1.9,64,-36,1037,0,0,-1
R,15431,18,1.9,64,-36,1037,0,0,-2
R,15472,5,1.9,64,-36,1038,0,0,-2
R,15511,12,1.9,63,-35,1037,0,0,-2
R,15551,12,1.9,64,-34,1037,0,0,-2
R,15592,7,1.9,64,-33,1036,0,0,-1
R,15632,7,2.0,65,-33,1037,0,0,-1
R,15671,15,2.0,64,-34,1037,0,0,-2
R,15712,5,2.0,64,-34,1037,0,0,-1
R,15751,5,2.0,64,-35,1037,0,0,-2
R,15791,6,2.0,64,-36,1037,0,0,-1
R,15832,9,2.0,64,-36,1037,0,0,-1
R,15871,7,2.0,64,-36,1037,0,0,-2
R,15911,6,2.0,65,-35,1037,0,0,-2
R,15952,6,2.0,65,-34,1037,0,0,-2
R,15991,17,2.0,65,-33,1037,0,0,-2
R,16031,5,2.0,65,-34,1037,0,0,-2
R,16083,4,2.0,65,-34,1037,0,0,-1
R,16111,8,2.0,64,-34,1038,0,0,-1
R,16151,8,2.0,64,-36,1037,0,0,-2
R,16193,10,2.0,65,-35,1037,0,0,-1
R,16232,12,2.0,65,-36,1037,0,0,-1
R,16271,9,2.0,64,-35,1037,1,0,-1
R,16312,8,2.0,65,-33,1037,0,0,-2
R,16352,23,2.0,64,-33,1037,0,0,-2
R,16392,6,2.0,63,-32,1037,0,0,-2
R,16432,17,2.0,63,-34,1037,0,0,-2
R,16471,22,2.0,64,-34,1037,0,0,-2
R,16511,26,2.0,64,-35,1037,0,0,-1
R,16552,21,2.0,64,-36,1037,0,0,-1
R,16592,12,2.0,64,-36,1037,0,0,-2
R,16633,3,2.0,65,-35,1037,0,0,-1
R,16672,8,2.1,65,-34,1038,0,0,-2
R,16712,1,2.1,65,-33,1038,0,0,-2
R,16752,8,2.1,64,-33,1037,0,0,-2
R,16792,9,2.1,65,-33,1037,0,0,-2
R,16832,17,2.1,64,-35,1037,0,0,-1
R,16873,31,2.1,65,-35,1037,0,0,-2
R,16913,25,2.1,64,-35,1037,0,0,-2
R,16953,14,2.1,64,-35,1036,0,0,-1
R,16997,15,2.1,64,-35,1036,0,0,-2
R,17033,23,2.1,65,-35,1037,0,0,-2
R,17085,22,2.1,64,-33,1037,0,0,-2
R,17113,6,2.1,65,-34,1037,0,0,-2
R,17152,6,2.1,65,-33,1037,0,0,-2
R,17193,2,2.1,64,-34,1037,0,0,-1
R,17232,10,2.1,64,-35,1037,0,0,-1
R,17272,9,2.1,64,-35,1036,0,0,-1
R,17312,5,2.1,64,-36,1037,0,0,-2
R,17352,6,2.1,63,-35,1037,0,0,-2
R,17392,8,2.1,65,-35,1037,0,0,-2
R,17432,13,2.1,64,-34,1037,0,0,-2
R,17472,13,2.1,64,-34,1038,0,0,-2
R,17511,9,2.1,65,-34,1037,0,0,-1
R,17553,3,2.1,64,-33,1035,0,0,-1
R,17593,4,2.1,63,-34,1037,0,0,-1
R,17633,2,2.1,64,-35,1038,0,0,-1
R,17673,9,2.2,64,-35,1038,0,0,-1
R,17713,12,2.2,64,-35,1037,0,0,-1
R,17753,15,2.2,64,-35,1037,0,0,-1
R,17793,6,2.2,63,-34,1037,0,0,-2
R,17833,17,2.2,64,-34,1037,0,0,-1
R,17873,17,2.2,64,-34,1038,0,0,-2
R,17913,37,2.2,65,-34,1037,0,0,-1
R,17953,46,2.2,65,-35,1038,0,0,-1
R,17992,27,2.2,65,-35,1038,0,0,-1
R,18032,33,2.2,64,-34,1038,0,0,-1
R,18083,44,2.2,65,-34,1038,0,0,-1
R,18112,32,2.3,65,-35,1037,0,0,-2
R,18152,11,2.3,64,-34,1038,0,0,-1
R,18194,14,2.3,65,-34,1038,0,0,-1
R,18232,8,2.3,65,-33,1038,0,0,-1
R,18272,9,2.3,65,-33,1037,0,0,-1
R,18312,10,2.3,64,-34,1038,0,0,-1
R,18352,9,2.3,64,-34,1036,0,0,-1
R,18392,19,2.3,64,-35,1037,0,0,-1
R,18432,22,2.3,65,-35,1037,0,0,-1
R,18472,14,2.3,65,-35,1037,0,0,-2
R,18512,14,2.3,66,-35,1038,0,0,-2
R,18552,24,2.3,64,-35,1037,0,0,-2
R,18592,22,2.3,64,-33,1037,0,0,-1
R,18631,6,2.3,65,-34,1036,0,0,-1
R,18672,19,2.3,64,-34,1036,0,0,-2
R,18712,14,2.3,65,-34,1037,0,0,-1
R,18752,4,2.3,65,-35,1037,0,0,-2
R,18792,21,2.3,64,-35,1037,0,0,-1
R,18833,23,2.3,64,-35,1037,0,0,-1
R,18872,12,2.4,65,-35,1037,0,0,-2
R,18912,18,2.4,64,-34,1037,0,0,-2
R,18952,14,2.4,65,-34,1038,0,0,-2
R,18996,3,2.4,65,-34,1037,0,0,-2
R,19032,2,2.4,65,-34,1037,0,0,-1
R,19083,10,2.4,64,-34,1038,0,0,-1
R,19112,9,2.4,64,-35,1037,0,0,-1
R,19152,14,2.4,65,-35,1037,0,0,-1
R,19193,18,2.4,65,-34,1037,0,0,-2
R,19232,7,2.4,65,-34,1036,0,0,-2
R,19272,10,2.4,64,-35,1037,0,0,-1
R,19312,6,2.4,65,-34,1038,0,0,-2
R,19352,13,2.4,65,-33,1038,0,0,-1
R,19392,12,2.4,64,-34,1037,0,0,-2
R,19431,21,2.4,65,-33,1037,0,0,-2
R,19472,12,2.4,65,-35,1037,0,0,-1
R,19512,10,2.4,65,-35,1037,0,0,-1
R,19552,21,2.4,64,-35,1037,0,0,-1
R,19593,13,2.4,65,-35,1038,0,0,-2
R,19632,14,2.4,64,-35,1038,0,0,-1
R,19672,4,2.4,65,-34,1038,0,0,-2
R,19712,14,2.4,65,-34,1038,0,0,-1
R,19752,15,2.4,64,-34,1037,0,0,-1
R,19792,19,2.5,65,-34,1038,0,0,-2
R,19832,5,2.5,66,-34,1038,0,0,-1
R,19872,22,2.5,63,-35,1039,0,0,-1
R,19911,23,2.5,64,-35,1039,0,0,-1
R,19952,7,2.5,65,-35,1039,0,0,-2
R,19992,25,2.5,65,-34,1037,0,0,-2
[dump] FIN RUN #1 t60=0 t330=0 t660=0 t1320=0
