[dump] RUN #1 heure=19:25:09 src=SEUIL_GPS rollout_ms=0 unit=JAY_B dyn=7 rate_ms=40 gps=1 pre=9 imuf=2/7 ecu=HP statut=TERMINE
[dump] CAL cal=0 gxo_cdps=0 gyo_cdps=0 gzo_cdps=0 cal_tempC=0 run_tempC=22
[dump] colonnes: R,elapsed_ms,kmh_x100,dist_ft,ax_mg,ay_mg,az_mg,gx_ds10,gy_ds10,gz_ds10
R,-1393,40,0.0,84,-30,1051,0,0,-1
R,-1239,40,0.0,83,-30,1051,0,0,-1
R,-1084,40,0.0,84,-29,1052,0,0,-1
R,-929,40,0.0,84,-31,1052,0,0,-1
R,-778,40,0.0,85,-30,1052,0,0,-2
R,-623,40,0.0,84,-30,1051,0,0,-2
R,-464,40,0.0,84,-30,1051,0,0,-1
R,-310,40,0.0,84,-30,1051,0,0,-2
R,-155,40,0.0,85,-29,1051,0,0,-1
R,168,860,0.8,84,-29,1051,0,0,-1
R,208,1027,1.1,84,-29,1051,0,0,-1
R,248,1193,1.5,84,-30,1052,0,0,-2
R,288,1360,2.0,84,-30,1051,0,0,-2
R,327,1526,2.5,84,-30,1051,0,0,-2
R,368,1692,3.1,84,-30,1052,0,0,-2
R,408,1859,3.8,85,-30,1051,0,0,-1
R,448,2025,4.5,84,-29,1051,0,0,-2
R,488,2192,5.2,84,-30,1051,0,0,-1
R,527,2299,6.0,84,-29,1051,0,0,-1
R,567,2403,6.9,84,-30,1051,0,0,-1
R,607,2507,7.8,84,-31,1052,0,0,-2
R,648,2611,8.7,84,-30,1051,0,0,-2
R,688,2715,9.7,84,-30,1051,0,0,-1
R,728,2819,10.7,83,-30,1051,0,0,-1
R,767,2923,11.7,83,-29,1051,0,0,-1
R,808,3027,12.9,85,-30,1051,0,0,-2
R,848,3131,14.0,84,-29,1052,0,0,-1
R,887,3235,15.1,84,-29,1051,0,0,-1
R,928,3339,16.3,84,-31,1051,0,0,-2
R,968,3443,17.6,84,-31,1051,0,0,-2
R,1008,3523,18.8,84,-30,1051,0,0,-1
R,1047,3575,20.1,84,-30,1050,0,0,-2
R,1088,3627,21.4,84,-30,1051,0,0,-2
R,1128,3679,22.8,85,-29,1052,0,0,-2
R,1167,3731,24.1,85,-30,1050,0,0,-1
R,1208,3783,25.5,83,-30,1051,0,0,-2
R,1248,3835,26.9,84,-31,1052,0,0,-1
R,1288,3887,28.3,83,-31,1051,0,0,-2
R,1328,3939,29.7,84,-31,1052,0,0,-2
R,1368,3991,31.2,83,-30,1053,0,0,-2
R,1408,4043,32.6,84,-29,1051,0,0,-2
R,1448,4095,34.1,84,-29,1051,0,0,-1
R,1488,4147,35.6,84,-30,1050,0,0,-1
R,1528,4199,37.1,84,-31,1050,0,0,-1
R,1568,4251,38.7,84,-30,1050,0,0,-1
R,1607,4303,40.2,84,-31,1050,0,0,-2
R,1647,4355,41.8,83,-30,1050,0,0,-1
R,1687,4407,43.4,84,-30,1051,0,0,-2
R,1728,4459,45.0,83,-29,1051,0,0,-2
R,1768,4511,46.7,84,-29,1051,0,0,-2
R,1808,4563,48.3,83,-30,1052,0,0,-2
R,1848,4615,50.0,84,-29,1051,0,0,-2
R,1887,4667,51.6,83,-30,1051,0,0,-1
R,1928,4719,53.4,85,-31,1051,0,0,-2
R,1967,4771,55.1,84,-31,1050,0,0,-1
R,2008,4844,56.9,84,-30,1050,0,0,-1
R,2047,4943,58.6,84,-30,1051,0,0,-2
R,2088,5042,60.5,83,-28,1050,0,0,-2
R,2128,5140,62.3,84,-29,1051,0,0,-1
R,2168,5239,64.2,84,-31,1051,0,0,-1
R,2207,5338,66.1,84,-30,1050,0,0,-1
R,2248,5436,68.1,85,-30,1051,0,0,-1
R,2287,5535,70.1,85,-30,1050,0,0,-2
R,2328,5634,72.2,84,-29,1050,0,0,-1
R,2368,5732,74.2,83,-29,1049,0,0,-2
R,2407,5831,76.3,83,-29,1051,0,0,-2
R,2448,5930,78.5,83,-29,1051,0,0,-1
R,2487,6028,80.6,83,-29,1051,0,0,-1
R,2528,6127,82.9,83,-30,1050,0,0,-1
R,2568,6226,85.1,84,-30,1050,0,0,-1
R,2608,6324,87.4,84,-30,1051,0,0,-2
R,2648,6423,89.7,83,-31,1050,0,0,-1
R,2687,6522,92.0,84,-30,1051,0,0,-2
R,2728,6620,94.5,84,-30,1051,0,0,-2
R,2768,6719,96.9,84,-29,1049,0,0,-1
R,2808,6818,99.4,84,-30,1050,0,0,-1
R,2848,6916,101.9,83,-29,1050,0,0,-1
R,2887,7015,104.4,83,-30,1051,0,0,-1
R,2928,7114,107.0,83,-31,1050,0,0,-1
R,2968,7212,109.6,83,-31,1052,0,0,-1
R,3008,7311,112.3,84,-30,1050,0,0,-2
R,3048,7410,115.0,85,-30,1050,0,0,-1
R,3088,7508,117.7,83,-29,1050,0,0,-2
R,3128,7607,120.4,84,-29,1051,0,0,-2
R,3167,7706,123.2,84,-31,1051,0,0,-1
R,3208,7804,126.1,84,-31,1051,0,0,-1
R,3248,7903,128.9,84,-30,1050,0,0,-2
R,3288,8002,131.8,84,-30,1049,0,0,-2
R,3328,8100,134.7,84,-30,1050,0,0,-2
R,3368,8199,137.7,83,-30,1051,0,0,-2
R,3408,8298,140.7,85,-29,1050,0,0,-2
R,3448,8396,143.8,84,-29,1050,0,0,-1
R,3488,8495,146.8,83,-31,1049,0,0,-1
R,3528,8543,150.0,83,-30,1050,0,0,-2
R,3568,8588,153.1,84,-30,1050,0,0,-2
R,3608,8632,156.2,83,-30,1050,0,0,-1
R,3648,8677,159.4,84,-30,1050,0,0,-1
R,3687,8722,162.5,84,-29,1050,0,0,-1
R,3728,8767,165.7,84,-30,1051,0,0,-1
R,3768,8812,168.9,84,-30,1050,0,0,-2
R,3807,8857,172.1,84,-30,1050,0,0,-2
R,3848,8902,175.4,83,-30,1050,0,0,-1
R,3888,8947,178.6,84,-30,1050,0,0,-2
R,3928,8992,181.9,84,-30,1050,0,0,-2
R,3968,9037,185.2,84,-31,1051,0,0,-2
R,4008,9081,188.5,84,-30,1050,0,0,-2
R,4048,9126,191.8,84,-30,1050,0,0,-2
R,4088,9171,195.2,83,-30,1050,0,0,-1
R,4128,9216,198.5,83,-30,1050,0,0,-1
R,4168,9261,201.9,84,-31,1051,0,0,-1
R,4207,9306,205.2,83,-31,1050,0,0,-2
R,4248,9351,208.7,83,-29,1050,0,0,-2
R,4288,9396,212.1,84,-30,1050,0,0,-2
R,4328,9441,215.5,84,-30,1049,0,0,-1
R,4368,9486,219.0,84,-29,1051,0,0,-2
R,4408,9530,222.4,84,-29,1050,0,0,-2
R,4448,9575,225.9,83,-30,1051,0,0,-1
R,4488,9620,229.4,84,-30,1050,0,0,-2
R,4528,9665,232.9,84,-30,1050,0,0,-1
R,4568,9710,236.5,85,-31,1050,0,0,-1
R,4608,9755,240.0,84,-30,1050,0,0,-2
R,4648,9800,243.6,84,-30,1051,0,0,-2
R,4688,9845,247.1,84,-30,1050,0,0,-1
R,4728,9890,250.7,84,-29,1050,0,0,-1
R,4768,9934,254.4,84,-29,1050,0,0,-1
R,4808,9979,258.0,85,-30,1051,0,0,-1
R,4848,10024,261.6,83,-30,1050,0,0,-2
R,4888,10069,265.3,83,-31,1050,0,0,-2
R,4927,10114,268.9,85,-31,1049,0,0,-2
R,4968,10159,272.7,84,-30,1050,0,0,-2
R,5008,10204,276.4,85,-30,1050,0,0,-2
R,5048,10249,280.1,83,-30,1051,0,0,-1
R,5088,10294,283.9,84,-31,1050,0,0,-2
R,5128,10339,287.6,84,-31,1050,0,0,-1
R,5168,10383,291.4,85,-30,1049,0,0,-2
R,5208,10428,295.2,85,-30,1050,0,0,-1
R,5247,10473,298.9,84,-31,1050,0,0,-1
R,5288,10518,302.8,84,-30,1050,0,0,-1
R,5328,10563,306.7,84,-29,1051,0,0,-1
R,5368,10608,310.5,84,-29,1050,0,0,-2
R,5408,10653,314.4,83,-29,1050,0,0,-1
R,5448,10698,318.3,83,-29,1050,0,0,-2
R,5488,10734,322.2,84,-30,1050,0,0,-2
R,5527,10769,326.0,84,-30,1050,0,0,-1
R,5568,10804,330.0,84,-31,1049,0,0,-2
R,5608,10840,334.0,84,-30,1051,0,0,-2
R,5647,10875,337.8,84,-29,1051,0,0,-1
R,5688,10910,341.9,85,-30,1050,0,0,-2
R,5728,10946,345.9,84,-29,1050,0,0,-2
R,5768,10981,349.9,84,-30,1050,0,0,-2
R,5808,11016,353.9,84,-30,1050,0,0,-1
R,5848,11052,357.9,84,-29,1050,0,0,-1
R,5888,11087,362.0,84,-30,1050,0,0,-1
R,5928,11122,366.0,84,-30,1052,0,0,-2
R,5968,11158,370.1,84,-30,1050,0,0,-2
R,6007,11193,374.0,84,-29,1049,0,0,-2
R,6048,11228,378.2,84,-29,1050,0,0,-1
R,6087,11264,382.2,84,-30,1050,0,0,-2
R,6128,11299,386.4,84,-30,1050,0,0,-1
R,6167,11335,390.5,84,-30,1051,0,0,-2
R,6208,11370,394.7,84,-31,1050,0,0,-1
R,6248,11405,398.9,85,-30,1050,0,0,-1
R,6288,11441,403.0,84,-29,1049,0,0,-1
R,6328,11476,407.2,84,-29,1051,0,0,-1
R,6368,11511,411.4,83,-30,1050,0,0,-2
R,6408,11547,415.6,84,-29,1050,0,0,-1
R,6447,11582,419.7,84,-29,1050,0,0,-1
R,6488,11617,424.0,85,-30,1050,0,0,-1
R,6527,11653,428.2,84,-30,1049,0,0,-2
R,6568,11688,432.5,84,-30,1050,0,0,-1
R,6607,11723,436.7,84,-30,1049,0,0,-2
R,6648,11759,441.1,84,-30,1050,0,0,-2
R,6688,11794,445.4,84,-30,1049,0,0,-2
R,6728,11829,449.7,84,-30,1050,0,0,-1
R,6768,11865,454.0,84,-29,1051,0,0,-1
R,6807,11900,458.2,83,-30,1051,0,0,-1
R,6848,11935,462.7,84,-30,1050,0,0,-1
R,6887,11971,466.9,84,-30,1050,0,0,-1
R,6928,12006,471.4,84,-29,1051,0,0,-2
R,6968,12041,475.8,83,-29,1050,0,0,-1
R,7007,12077,480.1,84,-29,1049,0,0,-2
R,7048,12112,484.6,84,-30,1050,0,0,-1
R,7088,12148,489.0,83,-30,1051,0,0,-1
R,7128,12183,493.5,84,-30,1050,0,0,-2
R,7168,12218,497.9,84,-31,1049,0,0,-1
R,7208,12254,502.4,84,-30,1051,0,0,-1
R,7248,12289,506.8,84,-29,1050,0,0,-1
R,7288,12324,511.3,84,-30,1049,0,0,-1
R,7328,12360,515.8,84,-30,1050,0,0,-1
R,7368,12395,520.3,84,-30,1051,0,0,-1
R,7407,12430,524.7,83,-29,1049,0,0,-1
R,7448,12466,529.4,84,-30,1050,0,0,-1
R,7487,12501,533.8,84,-30,1049,0,0,-2
R,7528,12536,538.5,84,-31,1050,0,0,-2
R,7567,12572,543.0,85,-31,1050,0,0,-1
R,7608,12607,547.7,84,-31,1049,0,0,-1
R,7647,12642,552.2,84,-29,1050,0,0,-2
R,7688,12678,556.9,83,-30,1050,0,0,-1
R,7728,12713,561.5,84,-30,1050,0,0,-1
R,7768,12748,566.2,84,-30,1050,0,0,-1
R,7808,12784,570.8,83,-30,1050,0,0,-1
R,7847,12819,575.4,84,-30,1050,0,0,-1
R,7887,12855,580.0,84,-31,1050,0,0,-2
R,7928,12890,584.9,84,-30,1050,0,0,-2
R,7968,12925,589.6,83,-29,1050,0,0,-2
R,8008,12961,594.3,83,-30,1050,0,0,-1
R,8048,12996,599.0,84,-29,1050,0,0,-1
R,8087,13031,603.6,84,-29,1050,0,0,-1
R,8128,13067,608.5,84,-30,1049,0,0,-1
R,8168,13102,613.3,84,-30,1050,0,0,-1
R,8208,13137,618.1,85,-29,1050,0,0,-2
R,8247,13173,622.7,84,-30,1050,0,0,-1
R,8288,13208,627.7,84,-30,1049,0,0,-1
R,8327,13243,632.4,85,-30,1050,0,0,-2
R,8367,13279,637.2,83,-29,1050,0,0,-2
R,8408,13314,642.2,84,-30,1050,0,0,-1
R,8448,13349,647.0,84,-31,1050,0,0,-1
R,8488,13376,651.9,84,-31,1050,0,0,-2
R,8528,13399,656.8,83,-30,1050,0,0,-1
R,8568,13422,661.7,85,-30,1050,0,0,-2
R,8608,13446,666.6,84,-29,1050,0,0,-1
R,8648,13469,671.5,83,-29,1050,0,0,-1
R,8688,13492,676.4,83,-30,1050,0,0,-2
R,8728,13515,681.3,84,-30,1050,0,0,-1
R,8768,13538,686.2,85,-30,1050,0,0,-1
R,8808,13561,691.2,84,-30,1051,0,0,-1
R,8848,13584,696.1,84,-30,1051,0,0,-2
R,8887,13608,701.0,85,-31,1050,0,0,-1
R,8928,13631,706.0,83,-29,1049,0,0,-2
R,8968,13654,711.0,85,-29,1049,0,0,-2
R,9007,13677,715.9,85,-29,1049,0,0,-1
R,9048,13700,721.0,85,-30,1050,0,0,-1
R,9088,13723,726.0,84,-30,1049,0,0,-1
R,9128,13746,731.0,84,-30,1050,0,0,-1
R,9168,13770,736.0,84,-29,1051,0,0,-1
R,9208,13793,741.0,84,-30,1051,0,0,-1
R,9247,13816,745.9,84,-29,1048,0,0,-2
R,9288,13839,751.1,84,-29,1050,0,0,-1
R,9327,13862,756.0,84,-29,1050,0,0,-2
R,9367,13885,761.1,84,-30,1049,0,0,-1
R,9408,13908,766.3,85,-31,1051,0,0,-1
R,9448,13932,771.4,84,-31,1051,0,0,-1
R,9488,13955,776.4,84,-30,1050,0,0,-1
R,9528,13978,781.5,85,-30,1049,0,0,-1
R,9568,14001,786.6,83,-30,1050,0,0,-2
R,9608,14024,791.7,84,-29,1048,0,0,-1
R,9648,14047,796.9,84,-28,1050,0,0,-1
R,9688,14070,802.0,84,-30,1050,0,0,-2
R,9728,14094,807.1,84,-30,1050,0,0,-2
R,9768,14117,812.3,85,-30,1050,0,0,-1
R,9808,14140,817.4,85,-29,1049,0,0,-1
R,9848,14163,822.6,85,-30,1049,0,0,-2
R,9888,14186,827.7,85,-30,1050,0,0,-1
R,9927,14209,832.8,84,-29,1050,0,0,-2
R,9967,14232,838.0,84,-30,1050,0,0,-2
R,10008,14256,843.3,84,-29,1049,0,0,-2
R,10048,14279,848.5,84,-31,1049,0,0,-1
R,10088,14302,853.7,84,-29,1050,0,0,-1
R,10128,14325,858.9,84,-30,1050,0,0,-1
R,10168,14348,864.1,85,-30,1050,0,0,-1
R,10208,14371,869.4,84,-30,1049,0,0,-1
R,10248,14394,874.6,84,-29,1050,0,0,-2
R,10288,14418,879.9,84,-30,1049,0,0,-1
R,10328,14441,885.1,84,-30,1051,0,0,-1
R,10368,14464,890.4,85,-31,1051,0,0,-1
R,10408,14487,895.7,84,-30,1050,0,0,-1
R,10448,14510,901.0,84,-30,1050,0,0,-1
R,10488,14533,906.3,84,-30,1051,0,0,-1
R,10528,14556,911.6,84,-29,1050,0,0,-2
R,10568,14580,916.9,84,-30,1050,0,0,-1
R,10608,14603,922.2,84,-30,1050,0,0,-1
R,10648,14626,927.5,83,-30,1049,0,0,-1
R,10688,14649,932.8,85,-29,1051,0,0,-2
R,10728,14672,938.2,83,-30,1050,0,0,-1
R,10768,14695,943.5,84,-30,1049,0,0,-1
R,10808,14718,948.9,83,-31,1051,0,0,-2
R,10848,14741,954.3,84,-31,1051,0,0,-2
R,10888,14765,959.7,84,-30,1051,0,0,-1
R,10928,14788,965.0,84,-30,1051,0,0,-1
R,10968,14811,970.4,84,-30,1050,0,0,-1
R,11007,14834,975.7,84,-30,1050,0,0,-1
R,11047,14857,981.1,84,-29,1050,0,0,-1
R,11088,14880,986.7,84,-29,1050,0,0,-2
R,11128,14903,992.1,84,-30,1049,0,0,-1
R,11167,14927,997.4,85,-31,1050,0,0,-1
R,11208,14950,1003.0,85,-30,1051,0,0,-1
R,11248,14973,1008.4,84,-30,1050,0,0,-1
R,11288,14996,1013.9,84,-30,1050,0,0,-2
R,11328,15019,1019.4,84,-29,1050,0,0,-1
R,11368,15042,1024.8,84,-30,1050,0,0,-1
R,11407,15065,1030.2,85,-30,1050,0,0,-1
R,11448,15089,1035.8,84,-30,1049,0,0,-2
R,11488,15112,1041.3,83,-31,1049,0,0,-2
R,11528,15135,1046.9,84,-31,1050,0,0,-2
R,11568,15158,1052.4,84,-30,1050,0,0,-2
R,11607,15181,1057.8,84,-31,1051,0,0,-1
R,11648,15204,1063.4,84,-29,1050,0,0,-1
R,11688,15227,1069.0,84,-31,1049,0,0,-1
R,11728,15251,1074.5,83,-29,1050,0,0,-2
R,11768,15274,1080.1,84,-30,1051,0,0,-2
R,11808,15297,1085.7,84,-30,1050,0,0,-1
R,11847,15320,1091.1,84,-30,1050,0,0,-1
R,11888,15343,1096.8,84,-30,1051,0,0,-2
R,11928,15366,1102.4,83,-30,1050,0,0,-1
R,11968,15389,1108.1,85,-30,1050,0,0,-1
R,12008,15413,1113.7,84,-30,1050,0,0,-1
R,12048,15436,1119.3,83,-29,1050,0,0,-2
R,12088,15459,1124.9,84,-29,1051,0,0,-2
R,12128,15482,1130.6,84,-31,1050,0,0,-1
R,12167,15505,1136.1,84,-30,1051,0,0,-1
R,12207,15528,1141.7,84,-30,1050,0,0,-2
R,12248,15551,1147.5,84,-30,1050,0,0,-1
R,12288,15575,1153.2,84,-30,1051,0,0,-2
R,12328,15598,1158.9,84,-29,1050,0,0,-2
R,12368,15621,1164.6,85,-29,1050,0,0,-2
R,12408,15644,1170.3,84,-29,1050,0,0,-2
R,12448,15667,1176.0,83,-31,1050,0,0,-2
R,12488,15690,1181.7,84,-30,1050,0,0,-1
R,12528,15713,1187.4,84,-30,1050,0,0,-1
R,12567,15737,1193.0,84,-31,1050,0,0,-1
R,12608,15760,1198.9,85,-30,1050,0,0,-1
R,12647,15783,1204.5,83,-30,1050,0,0,-2
R,12688,15806,1210.4,83,-30,1049,0,0,-1
R,12728,15829,1216.2,84,-30,1050,0,0,-2
R,12768,15852,1221.9,84,-30,1050,0,0,-2
R,12808,15875,1227.7,84,-31,1049,0,0,-2
R,12848,15899,1233.5,85,-31,1050,0,0,-1
R,12888,15922,1239.3,83,-30,1050,0,0,-2
R,12928,15945,1245.1,84,-30,1050,0,0,-1
R,12968,15968,1250.9,83,-29,1049,0,0,-1
R,13008,15991,1256.8,84,-29,1050,0,0,-1
R,13048,16014,1262.6,85,-30,1050,0,0,-1
R,13088,16037,1268.4,84,-30,1050,0,0,-2
R,13128,16060,1274.3,84,-30,1050,0,0,-2
R,13167,16084,1280.0,84,-29,1050,0,0,-2
R,13207,16107,1285.9,84,-30,1050,0,0,-2
R,13248,16130,1291.9,84,-29,1050,0,0,-2
R,13287,16153,1297.6,84,-30,1049,0,0,-1
R,13328,16091,1303.7,84,-29,1050,0,0,-1
R,13368,15993,1309.5,84,-31,1049,0,0,-2
R,13408,15894,1315.3,84,-31,1050,0,0,-2
R,13448,15796,1321.1,84,-31,1049,0,0,-2
[dump] J60 t_ms=1906
[dump] J330 t_ms=5385 vcross_x100=10813 vtrap_x100=10450
[dump] J660 t_ms=8370 vcross_x100=13419 vtrap_x100=13191
[dump] J1320 t_ms=13254 vcross_x100=15798 vtrap_x100=16058
[dump] FIN RUN #1 t60=1906 t330=5385 t660=8370 t1320=13254
