[dump] === board=68871255F188 fw=v7.9.06 -- 8 run(s) en flash ===
[dump] RUN #5 heure=11:42:59 src=ENTREE_PIN rollout_ms=0 unit=PELTI dyn=8 rate_ms=40 gps=1 pre=16 imuf=2/7 ecu=HP statut=ABANDON
[dump] colonnes: R,elapsed_ms,kmh_x100,dist_ft,ax_mg,ay_mg,az_mg,gx_ds10,gy_ds10,gz_ds10
R,-630,81,0.0,-20,27,1035,5,-3,0
R,-591,35,0.0,-19,27,1035,5,-3,0
R,-550,33,0.0,-20,27,1034,5,-3,0
R,-512,49,0.0,-20,28,1035,5,-3,0
R,-472,53,0.0,-19,28,1035,5,-3,0
R,-432,18,0.0,-20,28,1035,6,-3,1
R,-392,77,0.0,-20,27,1035,6,-3,0
R,-352,36,0.0,-20,28,1035,5,-3,0
R,-298,19,0.0,-20,28,1036,5,-3,0
R,-272,22,0.0,-20,27,1036,6,-3,0
R,-232,80,0.0,-20,27,1035,5,-3,0
R,-190,54,0.0,-20,28,1035,5,-3,0
R,-151,28,0.0,-20,28,1036,5,-3,0
R,-111,48,0.0,-20,27,1036,5,-3,0
R,-72,24,0.0,-19,28,1034,5,-3,0
R,-31,21,0.0,-19,27,1035,5,-3,0
R,21,53,0.0,-20,28,1036,5,-3,0
R,49,16,0.0,-19,28,1036,5,-2,0
R,89,15,0.0,-20,27,1035,5,-3,0
R,129,24,0.0,-20,28,1035,5,-3,0
R,169,92,0.0,-20,28,1037,6,-3,1
R,214,62,0.1,-20,27,1037,5,-3,0
R,248,18,0.1,-20,28,1036,6,-3,0
R,288,45,0.1,-20,28,1036,6,-3,1
R,329,77,0.1,-20,27,1036,6,-2,0
R,369,67,0.2,-20,28,1036,6,-3,0
R,409,61,0.2,-19,28,1036,5,-3,0
R,449,52,0.2,-20,28,1036,6,-3,0
R,489,62,0.2,-20,28,1036,4,-3,1
R,529,56,0.2,-20,27,1036,5,-3,0
R,569,57,0.3,-20,28,1035,6,-2,0
R,609,11,0.3,-20,28,1035,5,-3,0
R,649,53,0.3,-19,27,1036,5,-3,0
R,703,74,0.3,-19,28,1036,6,-3,0
R,728,27,0.3,-20,27,1036,5,-3,0
R,768,99,0.4,-20,27,1036,5,-3,0
R,810,27,0.4,-20,26,1036,5,-3,0
R,849,90,0.4,-20,28,1035,5,-3,0
R,889,32,0.4,-20,28,1035,5,-3,0
R,929,6,0.4,-20,28,1036,7,-3,0
R,969,12,0.4,-20,27,1036,6,-3,0
R,1009,39,0.4,-19,27,1036,6,-3,0
R,1049,53,0.5,-20,28,1036,6,-3,0
R,1089,57,0.5,-20,28,1035,5,-3,0
R,1129,31,0.5,-19,27,1035,5,-3,0
R,1169,32,0.5,-19,28,1035,5,-3,0
R,1208,30,0.5,-20,29,1036,6,-3,0
R,1248,26,0.5,-19,28,1035,5,-3,0
R,1289,50,0.5,-19,27,1036,5,-3,0
R,1329,50,0.6,-19,27,1036,6,-3,0
R,1369,56,0.6,-19,27,1035,6,-3,0
R,1409,93,0.6,-19,28,1035,6,-3,0
R,1449,65,0.6,-19,28,1036,5,-3,0
R,1489,60,0.7,-19,28,1036,5,-3,0
R,1529,19,0.7,-20,27,1035,5,-3,0
R,1569,42,0.7,-19,26,1035,6,-3,0
R,1609,21,0.7,-19,27,1036,6,-3,0
R,1649,58,0.7,-20,28,1035,5,-3,0
R,1702,39,0.7,-20,27,1036,6,-3,0
R,1729,28,0.7,-20,27,1035,5,-2,1
R,1769,22,0.7,-20,27,1035,6,-2,0
R,1811,14,0.8,-20,27,1035,5,-3,0
R,1850,7,0.8,-20,28,1035,6,-3,0
R,1890,35,0.8,-20,28,1036,6,-2,0
R,1929,56,0.8,-20,27,1036,6,-3,0
R,1970,52,0.8,-19,27,1035,6,-2,0
R,2010,46,0.8,-20,28,1036,6,-2,0
R,2051,42,0.8,-19,28,1035,5,-3,0
R,2090,46,0.9,-19,28,1036,5,-2,0
R,2130,72,0.9,-19,28,1035,5,-3,0
R,2169,43,0.9,-20,28,1035,5,-3,0
R,2214,11,0.9,-20,28,1036,6,-3,0
R,2249,31,0.9,-20,28,1036,5,-3,0
R,2289,27,0.9,-20,28,1036,3,-3,0
R,2329,24,0.9,-19,27,1034,5,-3,0
R,2369,113,1.0,-19,28,1035,7,-2,1
R,2409,37,1.0,-19,28,1036,6,-2,0
R,2450,33,1.0,-20,28,1036,6,-2,0
R,2490,42,1.0,-19,29,1034,6,-2,0
R,2529,37,1.0,-20,27,1035,4,-3,0
R,2570,17,1.0,-20,26,1035,3,-3,0
R,2610,31,1.0,-20,27,1036,4,-3,0
R,2650,59,1.1,-20,27,1035,5,-3,0
R,2703,66,1.1,-19,27,1036,5,-3,0
R,2729,54,1.1,-20,28,1034,6,-2,0
R,2769,19,1.1,-19,27,1034,5,-3,0
R,2811,87,1.1,-19,26,1034,5,-3,0
R,2849,76,1.2,-20,27,1036,6,-3,0
R,2890,49,1.2,-20,27,1035,7,-2,0
R,2930,55,1.2,-20,28,1034,5,-3,0
R,2970,27,1.2,-19,27,1036,5,-3,0
R,3009,26,1.2,-21,27,1037,5,-3,0
R,3050,66,1.2,-19,28,1035,6,-3,0
R,3090,60,1.3,-20,28,1035,5,-3,0
R,3130,55,1.3,-20,26,1036,5,-3,0
R,3169,15,1.3,-20,28,1036,6,-2,0
R,3212,39,1.3,-20,27,1037,5,-3,0
R,3250,24,1.3,-20,28,1035,5,-3,0
R,3290,5,1.3,-19,27,1036,6,-3,0
R,3330,48,1.3,-20,27,1036,5,-3,0
R,3370,26,1.4,-19,28,1035,6,-3,0
R,3410,53,1.4,-19,28,1035,5,-3,0
R,3450,154,1.4,-20,27,1035,5,-3,0
R,3490,110,1.5,-20,27,1036,5,-3,0
R,3530,43,1.5,-20,28,1035,5,-3,0
R,3570,62,1.5,-19,27,1035,4,-3,0
R,3610,112,1.5,-20,27,1035,6,-3,0
R,3650,103,1.6,-20,26,1035,5,-3,0
R,3703,40,1.6,-19,27,1035,5,-3,0
R,3729,85,1.6,-20,27,1035,5,-3,0
R,3772,91,1.7,-20,27,1035,5,-3,0
R,3811,36,1.7,-19,27,1035,5,-3,0
R,3850,67,1.7,-19,27,1035,6,-3,0
R,3890,18,1.7,-20,28,1035,6,-3,0
R,3931,39,1.7,-20,28,1034,7,-2,0
R,3970,12,1.7,-20,28,1034,5,-3,0
R,4010,80,1.7,-20,26,1035,3,-4,0
R,4051,85,1.8,-19,27,1034,6,-3,0
R,4090,40,1.8,-20,27,1035,6,-2,0
R,4134,19,1.8,-20,27,1036,6,-2,0
R,4169,37,1.8,-19,27,1036,5,-3,0
R,4214,14,1.8,-20,27,1035,5,-3,0
R,4251,51,1.8,-19,26,1035,5,-3,0
R,4290,15,1.9,-20,27,1037,4,-3,0
R,4330,50,1.9,-20,27,1035,5,-3,0
R,4371,103,1.9,-19,27,1036,7,-3,0
R,4410,131,1.9,-20,28,1035,6,-3,0
R,4451,119,2.0,-20,27,1034,8,-3,0
R,4490,8,2.0,-20,27,1035,7,-3,0
R,4528,63,2.0,-20,28,1036,6,-3,0
R,4569,88,2.0,-20,28,1035,4,-3,0
R,4609,41,2.1,-19,27,1035,5,-3,0
R,4648,36,2.1,-20,27,1034,6,-2,0
R,4702,26,2.1,-20,27,1034,4,-3,0
R,4729,54,2.1,-20,27,1034,6,-2,0
R,4770,51,2.1,-20,26,1036,6,-3,0
R,4811,45,2.1,-19,28,1036,5,-3,0
R,4850,48,2.2,-19,27,1034,4,-3,0
R,4890,67,2.2,-19,28,1035,5,-3,0
R,4930,35,2.2,-20,27,1035,4,-2,0
R,4970,54,2.2,-19,26,1036,6,-3,1
R,5010,78,2.2,-19,27,1035,6,-3,0
R,5050,95,2.3,-19,27,1036,4,-3,0
R,5090,91,2.3,-19,27,1035,5,-2,0
R,5129,90,2.3,-20,27,1035,5,-3,0
R,5169,86,2.4,-20,27,1035,6,-3,0
R,5210,107,2.4,-19,27,1035,5,-3,0
R,5250,10,2.4,-20,26,1036,5,-3,0
R,5290,33,2.4,-19,27,1035,4,-3,0
R,5331,60,2.5,-19,27,1035,5,-3,0
R,5369,100,2.5,-19,27,1035,6,-3,0
R,5410,31,2.5,-20,28,1035,5,-3,0
R,5450,104,2.5,-20,26,1035,6,-3,0
R,5490,66,2.6,-20,27,1036,6,-3,0
R,5530,30,2.6,-20,27,1035,8,-2,0
R,5572,17,2.6,-20,27,1035,5,-3,0
R,5608,20,2.6,-20,26,1034,6,-3,0
R,5649,54,2.6,-19,27,1036,5,-3,0
R,5705,36,2.6,-19,28,1035,7,-3,0
R,5730,113,2.7,-20,28,1035,7,-2,0
R,5769,62,2.7,-19,27,1035,5,-2,0
R,5810,86,2.7,-20,28,1036,4,-3,0
R,5849,40,2.7,-20,27,1036,4,-4,0
R,5889,101,2.8,-20,27,1035,4,-3,0
R,5928,84,2.8,-19,27,1035,4,-3,0
R,5969,31,2.8,-20,26,1035,5,-2,0
R,6009,22,2.8,-20,26,1034,7,-3,1
R,6049,90,2.8,-20,26,1035,5,-3,0
R,6089,74,2.9,-20,27,1034,5,-2,0
R,6128,51,2.9,-19,27,1035,5,-3,0
R,6168,57,2.9,-20,28,1035,6,-3,1
R,6216,76,2.9,-20,27,1035,5,-3,0
R,6249,4,3.0,-18,27,1035,6,-3,1
R,6289,97,3.0,-19,27,1036,6,-3,0
R,6330,75,3.0,-20,27,1035,5,-3,0
R,6369,66,3.0,-20,26,1034,5,-3,0
R,6409,34,3.0,-19,27,1034,5,-3,0
R,6450,82,3.1,-19,27,1035,6,-2,1
R,6489,42,3.1,-20,28,1035,6,-3,0
R,6529,34,3.1,-20,28,1035,7,-2,0
R,6570,21,3.1,-20,27,1035,5,-3,0
R,6609,18,3.1,-20,27,1034,6,-3,1
R,6648,58,3.1,-19,28,1035,7,-2,0
R,6703,43,3.2,-19,27,1034,6,-3,0
R,6730,19,3.2,-20,27,1035,6,-3,0
R,6769,72,3.2,-19,27,1035,5,-3,0
R,6810,19,3.2,-20,27,1035,5,-3,0
R,6849,45,3.2,-20,27,1036,5,-3,0
R,6889,10,3.2,-20,27,1035,6,-3,0
R,6929,27,3.2,-19,27,1034,6,-3,0
R,6970,99,3.3,-19,28,1035,6,-3,0
R,7009,34,3.3,-20,27,1035,5,-3,0
R,7049,89,3.3,-20,26,1035,6,-3,0
R,7089,76,3.3,-20,27,1035,7,-2,0
R,7128,58,3.4,-20,27,1035,6,-2,0
R,7169,57,3.4,-20,28,1035,5,-2,0
R,7209,9,3.4,-19,28,1034,6,-3,0
R,7249,15,3.4,-20,27,1035,5,-3,0
R,7289,68,3.4,-20,27,1036,5,-3,0
R,7330,21,3.4,-20,27,1036,5,-3,0
R,7369,48,3.4,-20,27,1035,6,-3,0
R,7409,32,3.5,-20,27,1035,5,-2,0
R,7449,6,3.5,-19,26,1036,5,-2,1
R,7489,15,3.5,-20,26,1036,5,-3,0
R,7529,40,3.5,-18,28,1035,5,-3,0
R,7569,37,3.5,-19,27,1035,4,-3,0
R,7608,21,3.5,-20,27,1035,6,-3,0
R,7649,28,3.5,-20,26,1034,6,-3,1
R,7703,77,3.5,-20,27,1035,5,-3,1
R,7729,60,3.5,-19,27,1035,5,-3,0
R,7769,74,3.6,-20,27,1035,5,-3,0
R,7810,23,3.6,-20,26,1035,6,-2,1
R,7849,40,3.6,-19,28,1035,6,-3,0
R,7889,48,3.6,-20,26,1035,6,-3,0
R,7929,40,3.6,-19,27,1034,7,-3,0
R,7969,56,3.7,-20,28,1034,5,-2,0
R,8009,26,3.7,-19,28,1034,5,-3,0
R,8049,25,3.7,-20,27,1035,4,-3,0
R,8089,48,3.7,-20,27,1034,5,-3,0
R,8128,49,3.7,-19,27,1034,7,-3,0
R,8168,67,3.7,-20,28,1034,4,-4,0
R,8214,54,3.8,-20,27,1035,5,-3,0
R,8248,73,3.8,-19,26,1035,6,-3,0
R,8288,131,3.8,-19,27,1034,5,-3,0
R,8329,84,3.8,-19,26,1035,6,-3,0
R,8368,81,3.9,-20,27,1034,5,-3,0
R,8408,34,3.9,-20,26,1035,5,-2,0
R,8449,27,3.9,-19,27,1035,6,-3,0
R,8490,72,3.9,-19,27,1035,7,-2,0
R,8529,71,4.0,-19,28,1035,7,-2,0
R,8569,55,4.0,-20,26,1035,5,-3,0
R,8608,40,4.0,-20,28,1035,7,-3,0
R,8650,21,4.0,-20,27,1035,7,-3,0
R,8703,66,4.0,-20,27,1035,5,-3,0
R,8729,84,4.0,-20,27,1035,6,-3,0
R,8769,42,4.1,-20,27,1034,5,-3,0
R,8810,35,4.1,-19,27,1034,5,-3,0
R,8849,73,4.1,-19,27,1035,4,-3,1
R,8889,87,4.1,-19,26,1035,5,-3,0
R,8929,46,4.2,-20,27,1035,6,-3,0
R,8969,31,4.2,-20,27,1035,5,-3,0
R,9009,138,4.2,-19,27,1035,5,-3,0
R,9048,72,4.2,-19,28,1035,6,-3,0
R,9088,20,4.3,-20,28,1034,5,-3,0
R,9129,38,4.3,-19,27,1035,4,-4,0
R,9169,43,4.3,-20,26,1035,4,-3,0
R,9209,42,4.3,-20,27,1035,5,-2,0
R,9249,35,4.3,-20,27,1035,5,-2,0
R,9289,36,4.3,-20,27,1035,5,-3,0
R,9329,52,4.3,-20,27,1035,7,-2,0
R,9368,167,4.4,-20,26,1034,7,-2,0
R,9409,89,4.4,-20,28,1035,6,-3,0
R,9449,27,4.4,-20,28,1036,5,-3,0
R,9488,43,4.5,-20,28,1035,5,-3,0
R,9528,41,4.5,-20,27,1036,6,-3,0
R,9568,67,4.5,-19,27,1035,6,-3,0
R,9609,28,4.5,-20,26,1035,7,-3,0
R,9649,27,4.5,-19,27,1035,6,-3,0
R,9704,51,4.5,-19,26,1034,5,-3,0
R,9729,52,4.6,-20,28,1035,6,-3,0
R,9769,63,4.6,-20,28,1035,5,-3,0
R,9810,68,4.6,-19,28,1035,5,-3,0
R,9849,85,4.6,-20,27,1034,6,-3,0
R,9889,66,4.7,-19,27,1035,5,-3,0
R,9929,60,4.7,-19,28,1034,5,-3,0
R,9969,5,4.7,-19,27,1034,6,-3,0
R,10009,2,4.7,-19,26,1034,6,-3,0
R,10048,31,4.7,-20,27,1034,5,-3,1
R,10089,56,4.7,-20,26,1034,5,-3,0
R,10129,1,4.7,-20,27,1034,6,-3,0
R,10169,72,4.7,-19,27,1035,5,-3,0
R,10214,36,4.8,-20,26,1035,5,-3,0
R,10249,50,4.8,-19,27,1034,6,-3,0
R,10289,48,4.8,-19,27,1035,6,-3,0
R,10329,69,4.8,-20,28,1035,6,-3,0
R,10369,27,4.8,-19,27,1035,6,-3,0
R,10409,67,4.8,-19,26,1035,7,-2,0
R,10450,102,4.9,-19,27,1035,7,-2,0
R,10489,4,4.9,-20,27,1035,6,-2,0
R,10528,69,4.9,-19,28,1035,6,-3,0
R,10569,86,4.9,-20,27,1036,6,-2,0
R,10609,98,5.0,-19,27,1034,5,-3,0
R,10649,88,5.0,-20,27,1035,4,-3,0
R,10703,45,5.0,-19,27,1034,4,-4,0
R,10729,19,5.0,-20,28,1035,5,-3,0
R,10769,78,5.1,-19,26,1035,6,-3,0
R,10811,93,5.1,-18,27,1035,6,-3,0
R,10849,34,5.1,-20,27,1036,4,-3,0
R,10890,44,5.1,-19,28,1034,6,-3,0
R,10929,56,5.1,-19,27,1036,7,-3,0
R,10970,109,5.2,-20,27,1034,6,-2,0
R,11008,100,5.2,-20,27,1034,7,-2,0
R,11048,109,5.3,-20,28,1035,5,-3,0
R,11089,61,5.3,-20,27,1034,6,-3,0
R,11128,34,5.3,-20,27,1035,5,-4,0
R,11170,81,5.3,-20,28,1035,6,-3,0
R,11209,144,5.4,-20,28,1035,6,-2,0
R,11249,113,5.4,-19,28,1033,5,-2,0
R,11288,71,5.4,-19,27,1034,5,-2,0
R,11329,39,5.5,-20,27,1037,4,-3,0
R,11368,51,5.5,-19,27,1035,4,-3,0
R,11409,30,5.5,-19,26,1034,4,-3,1
R,11449,20,5.5,-19,27,1035,4,-3,0
R,11488,26,5.5,-20,26,1035,7,-3,0
R,11528,32,5.5,-20,28,1033,4,-3,0
R,11569,63,5.5,-19,26,1037,-1,-3,0
R,11608,48,5.6,-19,27,1036,3,-3,0
R,11649,31,5.6,-20,27,1034,7,-3,0
R,11703,70,5.6,-19,26,1035,5,-2,0
R,11728,71,5.6,-20,27,1035,6,-2,0
R,11769,46,5.6,-19,26,1034,6,-3,0
R,11810,22,5.7,-20,26,1035,5,-3,0
R,11848,60,5.7,-20,27,1035,6,-3,0
R,11889,29,5.7,-20,27,1035,4,-3,0
R,11928,35,5.7,-19,26,1034,5,-3,0
R,11968,53,5.7,-19,26,1035,6,-3,0
R,12008,13,5.7,-20,26,1035,6,-3,0
R,12048,23,5.7,-20,26,1035,3,-2,0
R,12089,12,5.7,-20,26,1035,5,-3,0
R,12129,35,5.7,-20,27,1036,6,-3,0
R,12169,32,5.8,-19,26,1036,5,-3,0
R,12214,25,5.8,-20,26,1035,6,-3,0
R,12249,31,5.8,-20,26,1035,6,-3,0
R,12289,5,5.8,-20,26,1035,7,-3,0
R,12329,18,5.8,-20,27,1035,7,-3,0
R,12369,31,5.8,-20,26,1034,4,-4,0
R,12409,5,5.8,-19,25,1034,4,-3,0
R,12449,49,5.8,-20,26,1035,5,-3,0
R,12490,58,5.8,-20,25,1035,6,-3,0
R,12528,49,5.9,-20,26,1034,7,-3,0
R,12569,19,5.9,-20,27,1035,5,-3,0
R,12609,27,5.9,-18,26,1035,5,-3,0
R,12650,73,5.9,-19,26,1034,4,-3,0
R,12705,66,5.9,-19,26,1035,5,-3,0
R,12730,55,5.9,-20,26,1035,5,-3,0
R,12770,60,6.0,-20,26,1036,5,-3,0
R,12810,24,6.0,-19,25,1035,6,-3,0
R,12850,3,6.0,-20,26,1034,5,-2,0
R,12890,29,6.0,-20,26,1036,6,-3,0
R,12930,71,6.0,-19,26,1036,6,-3,0
R,12970,36,6.0,-19,26,1035,5,-3,0
R,13009,59,6.0,-19,26,1033,6,-3,0
R,13050,46,6.1,-19,26,1035,6,-2,0
R,13091,49,6.1,-19,26,1035,6,-3,0
R,13130,28,6.1,-19,26,1033,5,-3,0
R,13170,22,6.1,-19,26,1034,5,-3,0
R,13211,55,6.1,-19,25,1035,5,-3,0
R,13250,77,6.1,-19,25,1035,5,-3,0
R,13290,86,6.2,-19,27,1035,5,-2,0
R,13331,51,6.2,-19,26,1034,6,-3,0
R,13370,32,6.2,-19,25,1035,5,-3,0
R,13410,51,6.2,-20,27,1035,5,-3,0
R,13450,94,6.3,-19,26,1035,5,-3,0
R,13489,30,6.3,-20,27,1036,6,-3,0
R,13530,32,6.3,-20,26,1035,7,-3,0
R,13570,44,6.3,-19,26,1036,6,-3,0
R,13610,44,6.3,-19,26,1034,5,-2,0
R,13650,29,6.3,-20,26,1035,6,-3,0
R,13704,65,6.4,-20,26,1035,5,-3,0
R,13730,49,6.4,-20,26,1035,5,-3,0
R,13769,23,6.4,-19,27,1035,5,-3,0
R,13810,37,6.4,-20,27,1036,6,-3,0
R,13849,14,6.4,-20,26,1036,4,-3,0
R,13889,54,6.4,-20,26,1035,5,-3,0
R,13929,27,6.4,-20,27,1035,5,-3,1
R,13968,56,6.4,-20,27,1037,5,-3,0
R,14008,73,6.5,-20,26,1035,6,-3,0
R,14049,75,6.5,-19,26,1034,5,-3,0
R,14089,71,6.5,-20,25,1035,5,-3,0
R,14129,53,6.5,-20,26,1036,6,-3,0
R,14169,12,6.6,-19,25,1036,5,-3,0
R,14215,14,6.6,-19,26,1035,7,-3,0
R,14249,24,6.6,-19,26,1035,6,-3,0
R,14289,58,6.6,-20,26,1036,6,-3,0
R,14329,12,6.6,-19,26,1036,4,-3,0
R,14369,17,6.6,-19,25,1035,5,-2,0
R,14409,69,6.6,-18,26,1036,5,-3,0
R,14448,72,6.6,-19,26,1035,5,-3,0
R,14488,26,6.7,-19,26,1036,5,-3,0
R,14529,92,6.7,-19,26,1036,5,-2,0
R,14569,131,6.7,-19,25,1036,6,-3,0
R,14609,78,6.8,-19,25,1035,5,-3,0
R,14650,38,6.8,-20,26,1036,5,-3,0
R,14703,80,6.8,-19,25,1036,5,-3,0
R,14731,91,6.8,-20,26,1035,5,-3,0
R,14771,7,6.8,-20,25,1036,6,-3,0
R,14811,34,6.9,-20,25,1035,6,-3,0
R,14850,82,6.9,-19,26,1036,5,-3,0
R,14890,85,6.9,-19,26,1036,6,-2,0
R,14929,32,6.9,-19,26,1035,6,-3,1
R,14970,37,6.9,-19,25,1036,6,-3,0
R,15011,41,7.0,-20,26,1037,6,-3,0
R,15050,54,7.0,-19,25,1036,5,-2,0
R,15090,33,7.0,-19,26,1036,6,-2,1
R,15130,60,7.0,-20,25,1036,6,-3,0
R,15170,40,7.0,-20,25,1036,5,-3,0
R,15211,35,7.0,-19,26,1036,5,-2,0
R,15251,61,7.1,-20,26,1036,5,-3,1
R,15290,46,7.1,-20,26,1036,6,-3,0
R,15330,72,7.1,-19,26,1035,5,-3,0
R,15371,46,7.1,-19,26,1036,5,-3,0
R,15409,22,7.1,-20,26,1035,5,-3,0
R,15450,137,7.2,-19,26,1035,6,-2,0
R,15490,212,7.2,-20,26,1035,6,-3,0
R,15531,95,7.3,-20,27,1036,5,-3,0
R,15571,91,7.3,-19,25,1036,5,-3,0
R,15611,112,7.3,-20,26,1036,5,-3,0
R,15652,90,7.4,-20,26,1035,5,-3,0
R,15706,199,7.5,-20,26,1035,6,-3,0
R,15731,177,7.5,-20,26,1036,6,-3,0
R,15770,165,7.6,-20,26,1035,5,-3,0
R,15811,113,7.6,-19,26,1035,6,-3,0
R,15850,108,7.7,-20,26,1035,5,-3,0
R,15890,114,7.7,-20,25,1036,6,-3,1
R,15930,68,7.7,-20,25,1036,6,-3,0
R,15970,36,7.7,-20,26,1034,6,-3,0
R,16010,20,7.8,-20,26,1036,6,-2,0
R,16050,43,7.8,-20,25,1036,5,-3,0
R,16091,68,7.8,-20,26,1036,6,-3,0
R,16130,18,7.8,-19,27,1035,7,-3,0
R,16170,9,7.8,-19,25,1035,6,-3,0
R,16215,40,7.8,-20,26,1035,5,-2,0
R,16252,30,7.8,-18,26,1036,5,-3,0
R,16291,70,7.8,-19,26,1035,5,-3,1
R,16331,74,7.9,-19,25,1034,5,-3,0
R,16370,20,7.9,-20,26,1035,5,-3,0
R,16409,25,7.9,-19,26,1034,6,-3,0
R,16449,69,7.9,-19,26,1035,6,-3,0
R,16489,26,7.9,-20,25,1035,5,-3,0
R,16529,71,7.9,-20,26,1035,5,-3,0
R,16570,51,8.0,-20,26,1035,5,-3,0
R,16609,72,8.0,-20,26,1035,5,-3,0
R,16650,28,8.0,-20,26,1035,5,-2,0
R,16703,9,8.0,-19,25,1034,5,-3,0
R,16730,37,8.0,-19,25,1035,6,-3,0
R,16769,55,8.0,-19,26,1035,5,-3,0
R,16810,35,8.1,-20,26,1035,5,-3,0
R,16849,62,8.1,-20,25,1035,6,-3,0
R,16888,49,8.1,-20,26,1036,6,-3,0
R,16928,55,8.1,-20,26,1034,5,-3,0
R,16970,57,8.1,-20,26,1035,6,-3,0
R,17009,76,8.2,-20,25,1035,5,-3,0
R,17049,36,8.2,-20,26,1035,5,-3,0
R,17089,61,8.2,-19,27,1035,5,-3,0
R,17129,43,8.2,-20,26,1035,6,-3,0
R,17169,52,8.2,-20,25,1035,6,-3,1
R,17210,42,8.3,-19,25,1034,6,-3,0
R,17249,67,8.3,-20,26,1035,6,-3,0
R,17288,49,8.3,-19,26,1034,6,-3,0
R,17329,51,8.3,-19,26,1034,5,-2,0
R,17368,72,8.3,-20,26,1034,6,-3,0
R,17408,26,8.4,-20,26,1035,5,-3,0
R,17449,32,8.4,-19,25,1035,5,-3,0
R,17488,21,8.4,-19,25,1035,5,-3,0
R,17528,12,8.4,-19,25,1035,6,-3,0
R,17569,15,8.4,-20,25,1035,6,-3,0
R,17608,8,8.4,-20,25,1034,6,-3,0
R,17648,17,8.4,-20,26,1034,5,-3,0
R,17702,22,8.4,-19,25,1036,5,-3,1
R,17729,27,8.4,-19,26,1034,5,-3,1
R,17769,58,8.4,-18,26,1035,5,-3,0
R,17810,69,8.4,-19,25,1035,5,-3,0
R,17849,98,8.5,-19,25,1036,6,-3,0
R,17888,82,8.5,-19,25,1035,5,-3,0
R,17929,75,8.5,-20,26,1035,5,-3,0
R,17970,67,8.6,-20,26,1035,6,-3,0
R,18009,28,8.6,-19,25,1035,6,-3,0
R,18049,45,8.6,-19,26,1035,6,-3,0
R,18090,125,8.6,-19,25,1034,5,-3,0
R,18130,91,8.7,-19,25,1036,5,-3,0
R,18169,59,8.7,-20,25,1035,6,-3,0
R,18215,59,8.7,-18,26,1035,5,-3,0
R,18249,84,8.7,-20,25,1035,6,-3,0
R,18289,100,8.8,-20,25,1035,5,-3,0
R,18330,124,8.8,-19,26,1036,5,-3,0
R,18368,90,8.9,-19,25,1035,5,-3,0
R,18408,91,8.9,-18,26,1035,5,-2,0
R,18450,47,8.9,-20,26,1035,6,-3,0
R,18490,28,8.9,-19,26,1035,6,-3,0
R,18529,21,8.9,-20,26,1034,6,-3,0
R,18570,69,8.9,-19,26,1035,5,-3,0
R,18610,47,9.0,-20,27,1035,6,-3,0
R,18650,49,9.0,-19,26,1035,5,-3,0
R,18703,12,9.0,-19,26,1035,6,-2,0
R,18730,25,9.0,-19,26,1034,5,-3,0
R,18769,17,9.0,-19,26,1035,5,-3,0
R,18810,41,9.0,-19,26,1035,5,-2,1
R,18849,111,9.1,-20,26,1035,6,-3,0
R,18888,140,9.1,-20,26,1035,5,-3,0
R,18929,130,9.1,-19,26,1035,6,-3,0
R,18970,108,9.2,-19,26,1035,5,-3,0
R,19009,45,9.2,-20,26,1034,6,-3,0
R,19049,60,9.2,-20,26,1034,6,-3,0
R,19090,59,9.3,-19,26,1033,5,-3,0
R,19129,76,9.3,-20,25,1034,5,-3,0
R,19170,42,9.3,-19,26,1034,5,-3,0
R,19211,78,9.3,-19,26,1034,5,-3,1
R,19249,119,9.4,-19,25,1034,5,-3,0
R,19289,78,9.4,-20,26,1034,5,-3,0
R,19329,80,9.4,-19,26,1033,5,-2,1
R,19368,16,9.4,-19,25,1033,6,-3,0
R,19409,26,9.5,-20,25,1033,6,-3,0
R,19449,5,9.5,-19,26,1033,5,-3,0
R,19488,16,9.5,-19,26,1033,7,-3,0
R,19528,29,9.5,-19,26,1032,6,-3,0
R,19569,42,9.5,-19,25,1033,6,-2,0
R,19608,19,9.5,-20,26,1033,6,-2,0
R,19649,31,9.5,-19,26,1034,7,-2,1
R,19702,44,9.5,-20,25,1033,7,-2,0
R,19728,76,9.5,-20,27,1032,6,-3,0
R,19768,73,9.6,-19,27,1033,3,-4,0
R,19809,33,9.6,-19,26,1033,4,-4,0
R,19847,47,9.6,-19,26,1034,6,-3,0
R,19887,70,9.6,-19,27,1033,5,-3,0
R,19928,40,9.6,-19,26,1033,5,-3,0
R,19968,24,9.7,-19,27,1034,5,-2,0
[dump] FIN RUN #5 t60=0 t330=0 t660=0 t1320=0
