[dump] === board=68871255F188 fw=v7.9.06 -- 8 run(s) en flash ===
[dump] RUN #8 heure=18:45:04 src=SEUIL_GPS rollout_ms=0 unit=PELTI dyn=8 rate_ms=40 gps=1 pre=15 imuf=2/7 ecu=HP statut=TERMINE
[dump] colonnes: R,elapsed_ms,kmh_x100,dist_ft,ax_mg,ay_mg,az_mg,gx_ds10,gy_ds10,gz_ds10
R,-601,16,0.0,-31,27,1037,5,-2,0
R,-561,19,0.0,-32,22,1037,5,-2,0
R,-521,10,0.0,-32,22,1037,5,-2,0
R,-480,21,0.0,-32,28,1037,7,-3,1
R,-441,3,0.0,-31,32,1039,7,-2,0
R,-401,14,0.0,-30,34,1038,6,-2,0
R,-361,15,0.0,-31,35,1037,6,-2,0
R,-321,8,0.0,-31,40,1041,7,-2,0
R,-282,14,0.0,-31,37,1041,5,-2,0
R,-242,18,0.0,-31,36,1037,5,-2,0
R,-202,18,0.0,-34,26,1037,5,-2,1
R,-161,19,0.0,-33,83,1057,18,-2,0
R,-121,23,0.0,-39,227,1114,35,-1,2
R,-80,12,0.0,-37,522,1161,114,-4,-3
R,-41,60,0.0,-24,626,1122,66,-2,14
R,39,249,0.1,-14,790,1043,187,0,10
R,79,360,0.2,-14,801,927,149,-1,2
R,120,499,0.3,-44,748,903,34,-10,10
R,160,622,0.5,-35,874,913,215,-12,13
R,212,742,0.9,-35,841,836,36,-8,-30
R,238,879,1.1,-28,860,864,35,-6,5
R,279,998,1.4,-27,848,848,65,-4,0
R,321,1082,1.8,-27,844,874,3,-5,3
R,359,1201,2.2,-12,839,909,4,-8,0
R,399,1288,2.7,-1,857,935,29,-9,-9
R,439,1402,3.1,-24,876,944,32,-3,-11
R,479,1503,3.7,-77,864,964,-2,5,-4
R,518,1593,4.2,-64,851,979,1,1,15
R,558,1722,4.8,-49,842,991,0,-1,14
R,598,1853,5.5,-33,859,971,32,-2,19
R,639,1968,6.2,-38,824,977,-6,-2,8
R,679,2052,6.9,-39,856,976,33,-6,7
R,718,2152,7.7,-78,849,970,9,-10,5
R,758,2241,8.5,-114,818,948,19,-5,9
R,799,2361,9.3,-94,856,932,59,-3,15
R,840,2468,10.2,-90,842,913,14,-2,26
R,879,2575,11.1,-76,842,905,27,-1,29
R,919,2683,12.1,-61,836,922,11,-1,35
R,959,2767,13.1,-68,843,902,27,-4,32
R,999,2866,14.1,-63,837,934,-5,-1,28
R,1039,2994,15.2,-64,864,957,7,-9,25
R,1078,3114,16.3,-76,837,944,-2,-11,21
R,1119,3234,17.5,-30,872,961,33,-22,28
R,1159,3327,18.6,12,899,989,5,-20,23
R,1211,3417,20.2,13,838,935,4,-33,12
R,1239,3514,21.1,98,777,952,-7,-42,4
R,1280,3624,22.5,164,826,957,18,-32,-7
R,1321,3735,23.8,144,881,972,42,-21,-14
R,1359,3836,25.2,125,782,920,-27,-9,-22
R,1399,3918,26.6,139,872,928,78,-9,-37
R,1439,4022,28.0,84,822,897,-9,3,-29
R,1480,4137,29.5,89,807,898,-8,0,-22
R,1520,4239,31.1,78,793,867,-6,10,-28
R,1559,4348,32.6,16,774,853,-16,13,-25
R,1600,4447,34.2,7,758,874,-14,5,-22
R,1639,4549,35.8,0,774,910,-13,6,-23
R,1678,4641,37.5,-13,753,943,-35,1,-20
R,1718,4733,39.2,5,732,926,10,3,-19
R,1759,4807,41.0,-45,742,908,-12,0,-15
R,1799,4880,42.7,15,749,956,-2,-5,-12
R,1839,4979,44.5,8,727,959,-24,0,-11
R,1879,5082,46.4,64,688,979,-18,2,-12
R,1919,5180,48.2,34,692,996,5,12,-14
R,1960,5254,50.2,-57,643,1015,-33,13,-8
R,1999,5331,52.1,-43,714,1015,27,9,-6
R,2039,5385,54.0,-66,656,1041,-12,5,0
R,2079,5463,56.0,-89,651,1009,15,1,3
R,2119,5548,58.0,-22,671,973,35,0,6
R,2158,5635,60.0,-40,679,987,6,15,6
R,2211,5689,62.7,-126,711,956,15,-1,3
R,2238,5785,64.1,-90,674,967,-21,-11,9
R,2279,5874,66.3,-95,668,930,-1,-18,7
R,2321,5973,68.6,-83,617,972,-65,-25,10
R,2359,6058,70.7,-11,571,960,-7,-20,8
R,2399,6143,72.9,-63,560,972,-4,-15,8
R,2439,6186,75.1,-41,606,934,19,-22,9
R,2480,6228,77.4,-38,560,985,-22,-27,12
R,2519,6285,79.7,27,591,959,20,-16,8
R,2559,6365,82.0,14,585,972,26,-11,7
R,2599,6440,84.3,0,619,963,0,0,3
R,2639,6511,86.7,49,600,993,21,-2,1
R,2679,6602,89.1,-16,590,959,-2,-2,0
R,2718,6647,91.4,61,601,975,-32,0,-3
R,2759,6724,93.9,7,568,1044,-19,0,-6
R,2799,6803,96.4,34,537,1017,-14,-2,-8
R,2839,6869,98.9,29,549,1033,5,-5,-7
R,2879,6950,101.4,7,531,1032,-15,0,-7
R,2919,6971,103.9,41,504,1073,3,11,-6
R,2960,7028,106.5,-18,560,1039,36,5,-6
R,3000,7111,109.1,11,538,1070,2,2,-5
R,3040,7163,111.7,1,549,1037,45,-5,-6
R,3080,7235,114.3,26,556,1016,7,1,-8
R,3119,7288,116.9,-34,546,1010,6,-1,-7
R,3161,7354,119.7,2,557,977,15,-6,-5
R,3211,7415,123.1,-2,523,991,1,-2,-5
R,3239,7492,125.0,11,532,966,-7,0,-5
R,3279,7549,127.7,20,470,1018,-16,3,-4
R,3320,7628,130.6,-10,502,958,13,2,-6
R,3359,7672,133.3,20,478,1006,8,8,-5
R,3399,7735,136.1,-27,510,959,32,6,-2
R,3439,7741,138.9,-26,487,976,4,7,-1
R,3479,7811,141.8,-24,522,953,19,0,1
R,3519,7880,144.6,-13,500,996,-1,2,1
R,3559,7964,147.5,-32,513,977,3,3,0
R,3599,8028,150.4,-45,487,1006,-10,0,1
R,3638,8093,153.3,-49,490,1002,-2,-2,1
R,3678,8128,156.2,-38,458,1024,-8,-2,2
R,3718,8186,159.2,-58,475,1014,-11,-3,4
R,3759,8237,162.3,-68,470,999,8,-9,6
R,3799,8297,165.3,-54,459,1015,3,-8,6
R,3839,8333,168.3,-41,472,993,9,-6,8
R,3879,8389,171.4,-87,454,1004,2,-5,10
R,3919,8441,174.4,-93,465,979,-1,-9,12
R,3959,8496,177.5,-47,479,984,3,-4,12
R,3999,8554,180.6,-68,471,944,13,0,12
R,4039,8599,183.8,-81,447,990,-29,-4,14
R,4079,8646,186.9,-70,464,955,11,-6,11
R,4119,8716,190.1,-61,424,995,-23,-3,9
R,4158,8758,193.2,-40,454,974,21,-6,10
R,4211,8807,197.4,-50,437,1013,19,-8,8
R,4239,8866,199.7,-42,427,1039,-5,-9,9
R,4279,8894,202.9,-1,463,939,30,-9,6
R,4321,8942,206.3,22,442,998,-11,3,4
R,4359,9001,209.4,-18,470,954,7,10,2
R,4399,9063,212.7,-36,437,975,-27,8,1
R,4439,9109,216.0,44,399,1010,-19,11,0
R,4479,9159,219.4,-29,376,996,-11,21,0
R,4521,9224,222.9,-30,413,1004,12,14,-1
R,4558,9273,226.0,-52,408,1031,14,11,0
R,4598,9315,229.4,-29,426,992,15,0,1
R,4639,9366,232.9,-48,403,1013,-4,2,3
R,4677,9375,236.1,-6,448,957,27,3,1
R,4718,9418,239.6,-69,407,1037,-45,4,3
R,4759,9493,243.2,-25,434,1019,20,0,3
R,4798,9538,246.5,-62,400,1016,-12,5,3
R,4838,9586,250.0,-33,380,1022,3,4,4
R,4879,9647,253.6,-54,399,987,3,0,4
R,4918,9696,257.1,-55,376,1048,-15,-2,6
R,4958,9724,260.6,-53,394,1016,20,-4,5
R,4999,9742,264.2,-47,378,1054,-2,-5,6
R,5039,9795,267.8,-38,406,1014,31,0,3
R,5079,9844,271.4,-47,385,1069,1,0,3
R,5118,9877,274.9,-25,393,1087,18,2,2
R,5158,9925,278.5,-56,396,1039,-3,1,2
R,5212,9964,283.4,-1,404,1098,22,2,2
R,5240,10006,285.9,-79,418,1000,20,5,2
R,5280,10040,289.6,-55,375,1050,-8,-1,5
R,5321,10090,293.3,-69,408,989,21,-9,7
R,5359,10127,296.9,-52,368,1013,-11,-4,6
R,5399,10192,300.6,-86,375,987,8,-11,7
R,5439,10232,304.3,-87,344,994,-6,-15,6
R,5480,10268,308.1,-48,382,960,32,-15,7
R,5519,10320,311.8,-79,355,967,-9,-13,5
R,5559,10349,315.5,-20,377,969,39,-15,5
R,5599,10371,319.3,-60,378,942,-23,-10,7
R,5639,10422,323.1,2,380,988,28,-7,4
R,5679,10482,326.9,-56,376,977,-16,-1,4
R,5719,10520,330.7,-9,350,1014,3,-5,4
R,5760,10561,334.7,-44,386,996,-5,-9,6
R,5799,10595,338.4,2,345,1057,-12,-3,1
R,5839,10645,342.3,-25,387,989,14,-7,1
R,5880,10689,346.3,-40,342,1067,-49,-5,0
R,5919,10715,350.1,5,369,1035,43,-8,0
R,5959,10773,354.0,-21,325,1033,-53,-4,0
R,5999,10812,357.9,-44,331,1023,44,-9,0
R,6039,10855,361.9,-21,332,1057,-35,-6,-1
R,6079,10876,365.9,-25,341,1070,64,-13,1
R,6118,10889,369.7,-45,329,1006,-26,-13,1
R,6158,10910,373.7,-29,350,1031,65,-21,2
R,6212,10964,379.1,-6,355,997,-42,-17,3
R,6240,11005,381.9,-4,364,1030,21,-12,1
R,6280,11044,385.9,12,355,966,-7,-8,0
R,6321,11118,390.0,1,327,983,-6,-2,0
R,6359,11164,393.9,27,334,943,-6,2,-1
R,6399,11184,398.0,19,296,1028,-13,7,0
R,6439,11220,402.1,-23,322,958,17,14,-3
R,6479,11256,406.2,3,310,1019,39,9,-1
R,6519,11287,410.3,-35,346,963,4,5,0
R,6559,11305,414.4,-44,343,1047,24,3,0
R,6598,11357,418.4,-16,362,983,-14,-2,0
R,6638,11404,422.6,-57,319,1074,-6,2,-1
R,6680,11459,426.9,0,358,968,11,1,-2
R,6719,11484,431.0,17,277,1119,-75,4,4
R,6759,11523,435.2,-34,322,1042,44,10,0
R,6799,11541,439.4,-11,259,1130,-47,19,2
R,6839,11560,443.6,-76,317,1040,69,4,0
R,6879,11606,447.8,-39,355,1043,19,9,0
R,6919,11631,452.1,-14,337,994,0,1,2
R,6959,11668,456.3,-77,347,956,10,1,0
R,7000,11695,460.7,-22,265,1016,-47,1,1
R,7039,11753,464.9,-69,305,988,53,3,-1
R,7078,11797,469.0,-20,263,986,-30,-5,4
R,7119,11825,473.5,-84,350,965,60,-3,0
R,7160,11865,477.9,-46,303,1040,-37,-3,2
R,7212,11867,483.5,-56,351,993,7,-14,4
R,7240,11897,486.5,-33,313,1052,-22,-6,4
R,7281,11947,491.0,-74,362,1001,17,-8,3
R,7324,11983,495.7,-42,305,1093,-29,-8,4
R,7360,12033,499.6,-89,320,1012,25,-15,4
R,7400,12068,504.0,-60,271,1086,-31,-11,5
R,7440,12108,508.4,-64,313,1027,32,-23,4
R,7481,12148,512.9,-44,283,1082,-23,-15,5
R,7521,12150,517.4,-35,291,991,6,-19,5
R,7559,12180,521.6,-79,294,1038,36,-21,7
R,7600,12210,526.1,6,295,1008,-29,-9,4
R,7640,12243,530.6,-41,292,1042,49,-16,4
R,7680,12279,535.1,-40,281,980,-19,-18,2
R,7720,12321,539.6,4,340,994,74,-19,-2
R,7760,12344,544.1,3,324,991,-33,-14,1
R,7800,12375,548.6,8,331,911,24,-20,0
R,7841,12400,553.2,53,292,970,-33,-6,-2
R,7880,12444,557.6,-2,272,918,-14,-14,-2
R,7920,12516,562.2,76,262,952,10,-8,-5
R,7961,12535,566.8,49,241,1013,-32,0,-8
R,8001,12555,571.4,26,299,1068,44,-14,-11
R,8040,12572,575.9,74,233,1112,-63,-10,-6
R,8079,12602,580.3,-1,370,1024,151,-18,-14
R,8120,12623,585.1,96,305,1078,-122,-4,-4
R,8161,12649,589.8,17,394,954,165,-11,-6
R,8215,12696,596.0,35,242,1080,-145,0,7
R,8240,12733,598.9,29,281,935,85,-10,-5
R,8281,12774,603.7,8,203,1020,-91,-1,0
R,8321,12815,608.3,19,235,958,11,0,-6
R,8359,12843,612.8,13,281,932,63,-2,-8
R,8399,12864,617.5,11,255,1038,-31,-4,-3
R,8439,12868,622.2,18,309,930,53,-9,-5
R,8480,12891,627.0,40,231,1060,-20,-2,-3
R,8520,12919,631.7,16,320,951,61,-10,-4
R,8559,12949,636.3,30,299,1062,23,4,-2
R,8598,13005,640.9,16,302,1020,-39,8,-2
R,8639,13041,645.8,21,316,1061,25,-3,-2
R,8680,13085,650.6,-27,237,1108,-69,5,-2
R,8720,13131,655.4,-34,268,1076,-11,-9,-3
R,8759,13163,660.1,0,248,1081,27,-11,-3
R,8799,13164,664.9,4,219,1064,-72,-11,-1
R,8839,13163,669.7,-15,309,1007,142,-25,-4
R,8879,13174,674.5,8,221,993,-134,-4,0
R,8919,13181,679.3,-20,331,986,152,-12,-6
R,8959,13233,684.1,48,215,953,-110,0,1
R,8999,13310,688.9,73,265,848,67,-9,0
R,9038,13336,693.7,0,306,918,19,4,-2
R,9078,13358,698.5,70,210,883,-87,15,-2
R,9119,13367,703.5,23,300,933,86,7,-4
R,9159,13388,708.4,0,210,982,-102,16,-3
R,9215,13429,715.3,0,227,1008,-59,13,-3
R,9241,13488,718.4,9,269,1105,36,7,-3
R,9280,13551,723.2,-6,247,1084,-60,6,0
R,9321,13566,728.3,-45,314,1100,71,-3,-2
R,9360,13554,733.1,40,244,1200,-71,4,0
R,9399,13565,738.0,4,260,1079,-28,-6,2
R,9440,13608,743.0,-46,246,1213,14,4,0
R,9480,13653,748.0,15,209,1178,-92,13,0
R,9518,13682,752.7,-9,234,1149,117,0,2
R,9558,13676,757.7,-2,228,1011,-5,6,1
R,9600,13680,763.0,-30,240,979,24,4,0
R,9640,13722,767.9,32,285,922,132,4,-4
R,9681,13734,773.1,-23,126,961,-176,22,8
R,9719,13771,777.8,-60,337,873,269,-14,-8
R,9759,13827,782.9,-14,186,894,-208,23,7
R,9799,13864,787.9,-23,267,899,131,-13,-1
R,9839,13882,793.0,-68,278,963,7,5,2
R,9879,13908,798.0,-61,229,942,-23,-5,1
R,9919,13950,803.1,-6,300,913,14,-9,0
R,9959,13970,808.2,-99,240,1040,-17,-13,1
R,9999,13993,813.3,-3,250,964,-57,-19,2
R,10038,14034,818.3,-49,230,1090,39,-25,1
R,10078,14076,823.4,66,186,1096,-36,-13,4
R,10119,14097,828.7,26,256,1057,-26,1,2
R,10159,14085,833.8,0,258,1154,64,7,2
R,10212,14109,840.6,32,102,1121,-231,35,12
R,10239,14135,844.1,-66,255,1125,187,12,-1
R,10279,14169,849.2,-44,236,1077,-87,12,3
R,10321,14193,854.7,-12,194,1076,41,-1,1
R,10359,14232,859.6,-105,275,1020,59,-14,0
R,10399,14243,864.8,-27,181,1071,-45,-9,0
R,10439,14251,870.0,-4,263,973,73,-11,-1
R,10479,14262,875.2,-44,257,1026,33,-16,3
R,10518,14304,880.3,9,213,1004,-6,0,0
R,10557,14329,885.3,8,247,962,-5,-4,3
R,10598,14381,890.7,-19,254,980,52,0,1
R,10639,14401,896.1,3,203,977,-70,11,3
R,10678,14413,901.2,-20,221,990,17,5,5
R,10718,14450,906.5,-49,215,1070,24,12,3
R,10759,14470,911.9,-12,190,1033,-35,5,4
R,10798,14498,917.0,-54,296,1033,65,-4,3
R,10838,14529,922.3,-35,200,1105,-42,14,0
R,10879,14559,927.7,-31,223,1064,-11,7,2
R,10918,14575,932.9,-47,250,1101,12,-1,4
R,10958,14583,938.2,-77,224,1100,6,7,1
R,10998,14607,943.6,-51,195,1051,-29,-9,5
R,11037,14637,948.8,-49,261,1038,63,-9,1
R,11078,14676,954.2,-101,167,1061,-37,-4,3
R,11119,14687,959.7,19,202,991,9,-8,8
R,11158,14694,964.9,-53,198,1020,40,-9,4
R,11211,14721,972.0,-38,204,1056,9,0,1
R,11238,14741,975.7,0,223,993,34,-13,1
R,11278,14765,981.0,-32,239,1077,53,-6,-1
R,11320,14805,986.7,-1,215,1040,18,-4,-2
R,11358,14815,991.8,0,225,1041,-13,-1,0
R,11399,14834,997.4,-31,284,1060,60,-5,-3
R,11438,14873,1002.6,-3,201,1030,-66,7,0
R,11478,14908,1008.1,-36,225,1083,-8,2,1
R,11517,14943,1013.4,-61,188,1087,7,-2,2
R,11558,14957,1019.0,-31,139,1053,4,-6,3
R,11599,14939,1024.6,40,257,963,36,0,1
R,11638,14968,1029.9,-56,224,998,-5,14,1
R,11678,14976,1035.3,68,159,947,5,10,4
R,11718,15012,1040.8,-84,186,937,-5,20,5
R,11758,15035,1046.3,-132,229,921,58,-1,0
R,11799,15073,1051.9,-26,171,933,-40,-6,1
R,11838,15070,1057.2,-68,239,931,42,-21,2
R,11878,15088,1062.7,-65,228,966,0,-20,0
R,11918,15117,1068.3,-61,199,943,-26,-17,0
R,11959,15154,1073.9,53,219,959,-20,-23,5
R,11999,15200,1079.4,-100,200,997,-22,-12,3
R,12038,15226,1084.8,59,118,1138,-48,-6,4
R,12078,15228,1090.4,56,162,1121,-5,12,5
R,12119,15233,1096.1,-33,223,1179,68,18,0
R,12158,15271,1101.5,8,233,1119,4,28,-1
R,12213,15284,1109.2,9,235,1122,19,9,0
R,12239,15283,1112.8,-106,251,1036,0,1,0
R,12279,15301,1118.4,-59,156,1045,-8,1,-1
R,12320,15344,1124.1,6,152,1051,-7,-2,0
R,12359,15367,1129.5,-28,143,1006,24,-9,0
R,12398,15371,1135.0,-63,178,988,68,-1,-3
R,12439,15374,1140.8,40,188,983,10,0,0
R,12478,15400,1146.2,-66,260,852,86,4,-1
R,12517,15417,1151.7,-67,221,934,-13,10,1
R,12558,15440,1157.5,-36,185,903,-73,7,5
R,12598,15468,1163.1,-67,161,1002,26,-2,5
R,12639,15529,1168.9,-77,233,1012,22,1,1
R,12678,15549,1174.4,-52,199,984,-37,-4,4
R,12718,15542,1180.1,-39,210,1046,27,-18,5
R,12759,15563,1185.9,-151,194,1014,-16,-13,1
R,12799,15595,1191.6,-33,203,1071,0,-26,0
R,12839,15627,1197.3,27,196,1006,-56,-16,6
R,12879,15625,1203.0,-73,160,1054,10,-15,3
R,12919,15634,1208.7,38,178,972,23,-5,0
R,12958,15673,1214.2,15,101,1013,-12,7,2
R,12999,15708,1220.1,-46,223,1003,33,5,1
R,13040,15692,1225.9,-54,131,1070,3,1,0
R,13079,15689,1231.5,-11,179,1046,14,-3,1
R,13119,15719,1237.2,-30,254,943,39,-8,0
R,13159,15730,1243.0,-25,248,951,6,-4,0
R,13211,15800,1250.4,-34,163,1001,0,9,0
R,13239,15821,1254.5,-46,119,1023,-24,5,2
R,13279,15858,1260.3,3,192,1096,30,10,1
R,13321,15874,1266.3,-82,195,1092,0,23,-1
R,13359,15855,1271.8,7,139,1204,-5,3,2
R,13398,15853,1277.5,-113,211,1218,-6,-1,3
R,13438,15846,1283.2,-45,195,1208,30,-5,-2
R,13478,15897,1289.0,-45,255,1131,29,-3,-2
R,13518,15936,1294.8,16,224,1160,-42,-2,4
R,13558,15967,1300.6,-93,167,989,14,-11,2
R,13599,15979,1306.6,-80,61,1054,-17,2,3
R,13639,15999,1312.4,14,152,910,45,-7,3
R,13678,15998,1318.1,5,122,934,32,2,7
R,13718,15981,1324.0,-69,218,850,41,11,2
[dump] JPART 300ft t_ms=5174 vcross_x100=10197 vtrap_x100=9630
[dump] J60 t_ms=1948
[dump] J330 t_ms=5492 vcross_x100=10523 vtrap_x100=10143
[dump] J660 t_ms=8537 vcross_x100=13163 vtrap_x100=12909
[dump] J1320 t_ms=13468 vcross_x100=15990 vtrap_x100=15917
[dump] FIN RUN #8 t60=1948 t330=5492 t660=8537 t1320=13468
