[dump] === board=68871255F188 fw=v8.2.01 -- 8 run(s) en flash ===
[dump] RUN #8 heure=17:42:09 src=CAN_TRIG rollout_ms=0 unit=PELTI dyn=8 rate_ms=40 gps=1 pre=16 imuf=2/7 ecu=HP statut=ABANDON
[dump] colonnes: R,elapsed_ms,kmh_x100,dist_ft,ax_mg,ay_mg,az_mg,gx_ds10,gy_ds10,gz_ds10
R,-1014,9,0.0,1,-6,1037,6,-3,1
R,-974,8,0.0,1,-6,1037,5,-3,1
R,-933,8,0.0,1,-6,1037,6,-3,1
R,-896,18,0.0,1,-6,1037,5,-3,1
R,-855,8,0.0,2,-6,1037,6,-3,1
R,-814,32,0.0,2,-6,1037,5,-3,1
R,-775,11,0.0,1,-6,1037,6,-3,1
R,-735,8,0.0,2,-6,1037,5,-3,1
R,-696,12,0.0,2,-6,1037,6,-3,1
R,-655,18,0.0,2,-6,1037,5,-3,1
R,-615,13,0.0,1,-6,1037,6,-2,1
R,-575,7,0.0,1,-6,1037,6,-3,1
R,-535,5,0.0,1,-6,1036,5,-3,1
R,-494,18,0.0,2,-6,1037,5,-3,1
R,-456,14,0.0,0,-6,1036,6,-3,1
R,-415,4,0.0,1,-6,1037,4,-3,1
R,24,8,0.0,2,-6,1037,9,-3,0
R,66,22,0.0,2,-7,1038,5,-2,2
R,104,18,0.0,1,-9,1043,11,-2,1
R,145,11,0.0,1,-4,1036,11,-3,1
R,185,35,0.0,2,-6,1037,4,-3,1
R,225,31,0.0,2,-7,1038,6,-2,1
R,265,3,0.0,1,-5,1037,6,-3,1
R,304,26,0.1,2,-7,1039,0,-3,2
R,345,20,0.1,3,-7,1042,0,-2,2
R,385,9,0.1,2,-10,1042,-3,-3,2
R,425,8,0.1,2,-6,1037,11,-3,1
R,465,5,0.1,2,-6,1037,3,-3,1
R,505,20,0.1,1,-6,1037,5,-3,1
R,545,10,0.1,1,-12,1047,28,-4,-1
R,586,22,0.1,1,1,1027,7,-1,3
R,625,9,0.1,2,-2,1034,-5,-2,4
R,665,22,0.1,1,-7,1038,1,-3,1
R,705,20,0.1,2,-7,1039,-3,-3,2
R,746,8,0.1,2,-6,1037,4,-3,1
R,785,19,0.1,1,-7,1037,7,-3,1
R,825,9,0.1,2,-6,1037,5,-3,1
R,865,3,0.1,2,-6,1037,5,-3,1
R,905,11,0.1,2,-6,1037,6,-3,1
R,959,10,0.1,1,-7,1037,5,-3,1
R,985,3,0.1,1,-6,1037,5,-3,1
R,1024,22,0.1,2,-7,1037,6,-3,1
R,1068,15,0.1,2,-6,1037,6,-3,1
R,1105,10,0.2,0,-6,1037,5,-3,1
R,1145,10,0.2,2,-6,1037,5,-2,1
R,1185,6,0.2,2,-6,1037,5,-3,1
R,1225,16,0.2,1,-7,1037,6,-3,1
R,1266,9,0.2,1,-7,1036,5,-3,1
R,1305,2,0.2,1,-6,1037,6,-3,1
R,1345,7,0.2,1,-7,1036,6,-3,1
R,1385,6,0.2,2,-6,1036,5,-3,1
R,1425,2,0.2,2,-6,1037,5,-3,1
R,1465,14,0.2,3,-7,1037,6,-3,1
R,1504,6,0.2,2,-6,1037,6,-3,1
R,1544,14,0.2,0,-6,1037,5,-3,1
R,1585,25,0.2,1,-7,1036,6,-3,1
R,1625,10,0.2,2,-7,1037,5,-3,1
R,1665,10,0.2,2,-7,1036,5,-3,1
R,1705,8,0.2,2,-6,1037,5,-3,1
R,1745,14,0.2,1,-6,1037,5,-2,1
R,1785,16,0.2,2,-6,1037,6,-3,1
R,1826,10,0.2,2,-7,1037,5,-2,1
R,1865,8,0.2,2,-7,1037,6,-3,1
R,1905,33,0.2,2,-8,1037,6,-3,1
R,1959,21,0.2,2,-7,1037,5,-3,1
R,1985,19,0.2,3,-6,1037,5,-3,1
R,2025,37,0.3,1,-7,1037,6,-3,1
R,2067,28,0.3,1,-6,1037,5,-3,1
R,2106,17,0.3,2,-7,1037,6,-2,1
R,2145,27,0.3,2,-7,1037,6,-3,1
R,2185,33,0.3,2,-6,1037,6,-3,1
R,2225,23,0.3,1,-6,1037,6,-3,1
R,2265,18,0.3,1,-7,1037,6,-2,1
R,2305,24,0.3,2,-8,1037,5,-3,1
R,2346,18,0.3,2,-7,1037,6,-3,1
R,2385,15,0.3,1,-7,1037,6,-3,1
R,2426,21,0.3,1,-7,1037,5,-2,1
R,2466,1,0.3,2,-6,1037,5,-3,1
R,2505,7,0.3,1,-7,1037,6,-3,1
R,2545,8,0.3,2,-6,1037,5,-3,1
R,2585,4,0.4,2,-7,1037,5,-3,1
R,2625,10,0.4,1,-7,1037,6,-3,1
R,2665,5,0.4,2,-6,1037,6,-3,1
R,2705,8,0.4,1,-7,1037,6,-3,1
R,2745,6,0.4,1,-7,1040,5,-3,1
R,2785,29,0.4,1,-5,1035,6,-3,1
R,2825,6,0.4,2,-7,1036,5,-3,1
R,2865,15,0.4,1,-7,1038,5,-2,1
R,2905,16,0.4,2,-7,1038,6,-3,1
R,2959,7,0.4,1,-7,1039,6,-3,1
R,2985,14,0.4,1,-7,1036,5,-3,1
R,3024,9,0.4,2,-6,1037,6,-3,1
R,3068,19,0.4,1,-8,1037,6,-3,1
R,3105,8,0.4,1,-7,1036,6,-3,1
R,3145,16,0.4,1,-7,1036,5,-2,1
R,3185,13,0.4,1,-7,1037,6,-2,1
R,3225,4,0.4,2,-7,1037,6,-3,1
R,3266,11,0.4,2,-6,1037,6,-3,1
R,3305,20,0.4,1,-7,1036,5,-3,1
R,3346,13,0.4,2,-6,1037,5,-3,1
R,3386,14,0.4,3,-7,1037,5,-3,1
R,3425,24,0.4,1,-7,1037,5,-3,1
R,3464,23,0.5,2,-7,1037,5,-3,1
R,3506,11,0.5,1,-7,1037,6,-3,1
R,3546,14,0.5,2,-7,1037,6,-3,1
R,3586,18,0.5,1,-7,1037,6,-3,1
R,3626,10,0.5,1,-7,1036,5,-3,1
R,3665,6,0.5,2,-7,1036,5,-3,1
R,3705,5,0.5,2,-6,1037,6,-3,1
R,3745,12,0.5,1,-7,1037,6,-3,1
R,3785,14,0.5,2,-7,1036,5,-3,1
R,3825,4,0.5,1,-6,1037,6,-3,1
R,3865,1,0.5,2,-6,1037,5,-3,1
R,3905,7,0.5,2,-6,1037,6,-3,1
R,3959,6,0.5,2,-6,1036,6,-3,1
R,3984,3,0.5,2,-6,1037,6,-3,1
R,4024,3,0.5,2,-6,1037,6,-3,1
R,4067,5,0.5,1,-6,1037,5,-3,1
R,4105,19,0.5,2,-7,1037,6,-3,1
R,4145,16,0.5,1,-7,1037,6,-2,1
R,4185,25,0.5,2,-7,1037,6,-3,1
R,4226,17,0.5,1,-7,1037,6,-3,1
R,4265,22,0.5,1,-7,1037,5,-3,1
R,4304,32,0.5,2,-6,1037,6,-3,1
R,4345,21,0.6,2,-7,1037,6,-2,1
R,4386,24,0.6,2,-6,1037,6,-3,1
R,4425,36,0.6,2,-6,1036,6,-3,1
R,4465,6,0.6,1,-7,1037,5,-3,1
R,4504,26,0.6,1,-7,1037,6,-2,1
R,4545,13,0.6,1,-7,1037,5,-3,1
R,4585,10,0.6,2,-7,1037,6,-3,1
R,4625,10,0.6,2,-7,1037,6,-3,1
R,4665,17,0.6,2,-7,1037,6,-2,1
R,4706,8,0.6,1,-7,1037,5,-3,1
R,4745,11,0.6,1,-7,1037,6,-3,1
R,4786,16,0.6,2,-7,1036,6,-3,1
R,4826,17,0.6,2,-6,1037,5,-3,1
R,4866,9,0.6,2,-6,1037,6,-2,1
R,4905,17,0.6,1,-7,1037,5,-3,1
R,4959,5,0.6,1,-7,1037,6,-3,1
R,4984,10,0.6,2,-6,1037,5,-3,1
R,5026,11,0.6,1,-7,1037,6,-3,1
R,5068,15,0.7,2,-7,1037,6,-3,1
R,5105,11,0.7,2,-6,1036,5,-3,1
R,5146,10,0.7,2,-6,1037,6,-2,1
R,5185,4,0.7,1,-6,1037,6,-3,1
R,5226,8,0.7,1,-6,1037,5,-3,1
R,5265,5,0.7,3,-7,1037,6,-3,1
R,5306,10,0.7,1,-7,1037,6,-3,1
R,5346,10,0.7,1,-7,1037,6,-2,1
R,5386,19,0.7,1,-7,1037,6,-3,1
R,5425,6,0.7,2,-7,1037,6,-2,1
R,5466,21,0.7,2,-6,1037,6,-3,1
R,5506,19,0.7,1,-6,1038,6,-3,1
R,5545,9,0.7,2,-7,1037,6,-3,1
R,5585,26,0.7,2,-7,1037,5,-3,1
R,5626,6,0.7,2,-7,1037,5,-3,1
R,5666,2,0.7,1,-8,1037,6,-3,1
R,5705,12,0.7,1,-7,1037,6,-3,1
R,5746,6,0.7,2,-7,1037,6,-3,1
R,5785,2,0.7,1,-6,1037,6,-2,1
R,5826,24,0.7,2,-6,1038,5,-2,1
R,5866,12,0.7,1,-7,1037,5,-3,1
R,5905,2,0.7,1,-7,1037,6,-3,1
R,5958,11,0.7,1,-7,1037,6,-3,1
R,5984,9,0.7,1,-7,1037,5,-2,1
R,6025,1,0.7,2,-7,1037,5,-3,1
R,6068,24,0.7,3,-7,1037,5,-3,1
R,6105,9,0.8,2,-7,1037,6,-3,1
R,6145,25,0.8,1,-7,1038,5,-3,1
R,6186,22,0.8,1,-7,1037,5,-3,1
R,6225,28,0.8,1,-7,1037,6,-3,1
R,6266,12,0.8,2,-7,1038,6,-3,1
R,6306,6,0.8,2,-7,1037,5,-3,1
R,6345,12,0.8,1,-8,1037,5,-3,1
R,6385,8,0.8,1,-7,1037,5,-3,1
R,6424,22,0.8,2,-6,1037,6,-3,1
R,6464,14,0.8,1,-6,1037,5,-3,1
R,6506,5,0.8,2,-7,1038,6,-3,1
R,6546,17,0.8,1,-6,1037,6,-3,1
R,6585,0,0.8,2,-7,1038,6,-3,1
R,6626,10,0.8,2,-8,1038,5,-2,1
R,6665,8,0.8,1,-7,1037,5,-3,1
R,6705,9,0.8,2,-7,1038,5,-3,1
R,6745,15,0.8,2,-6,1038,5,-4,1
R,6785,21,0.8,2,-6,1037,4,-3,1
R,6825,10,0.8,1,-7,1037,5,-3,1
R,6866,15,0.8,2,-8,1038,6,-3,1
R,6904,17,0.9,2,-8,1037,6,-3,1
R,6958,9,0.9,2,-7,1038,5,-2,1
R,6985,8,0.9,1,-7,1037,5,-3,1
R,7025,5,0.9,1,-7,1038,5,-3,1
R,7069,13,0.9,1,-7,1037,5,-3,1
R,7106,13,0.9,1,-8,1037,6,-3,1
R,7146,10,0.9,1,-8,1038,6,-2,1
R,7185,30,0.9,1,-7,1037,5,-2,1
R,7227,26,0.9,2,-8,1037,6,-3,1
R,7266,8,0.9,2,-7,1037,6,-3,1
R,7305,22,0.9,2,-6,1037,6,-3,1
R,7345,20,0.9,2,-7,1038,5,-3,1
R,7385,14,0.9,2,-7,1037,6,-3,1
R,7424,11,0.9,1,-7,1037,6,-2,1
R,7464,3,0.9,2,-6,1037,6,-3,1
R,7506,31,0.9,1,-7,1037,5,-3,1
R,7545,28,0.9,2,-7,1037,5,-3,1
R,7586,1,0.9,2,-7,1037,6,-2,1
R,7625,23,1.0,1,-7,1037,6,-2,1
R,7665,5,1.0,1,-7,1038,6,-3,1
R,7706,13,1.0,2,-7,1037,6,-3,1
R,7745,8,1.0,1,-7,1037,6,-3,1
R,7785,15,1.0,1,-8,1037,6,-3,1
R,7825,13,1.0,2,-7,1037,6,-3,1
R,7866,3,1.0,2,-6,1037,6,-3,1
R,7904,4,1.0,2,-7,1038,6,-2,1
R,7958,6,1.0,2,-7,1038,5,-3,1
R,7985,12,1.0,2,-7,1038,6,-3,1
R,8026,15,1.0,1,-7,1037,6,-3,1
R,8068,15,1.0,2,-7,1037,5,-3,1
R,8105,15,1.0,1,-7,1037,5,-3,1
R,8145,26,1.0,1,-7,1037,5,-3,1
R,8185,12,1.0,2,-7,1037,6,-3,1
R,8225,6,1.0,2,-7,1037,5,-3,1
R,8265,9,1.0,2,-8,1037,6,-3,1
R,8305,17,1.0,2,-6,1037,6,-3,1
R,8345,11,1.0,2,-6,1037,5,-3,1
R,8385,13,1.0,2,-6,1037,6,-3,1
R,8426,14,1.0,2,-7,1037,6,-3,1
R,8466,8,1.0,2,-6,1037,5,-3,1
R,8506,18,1.0,2,-6,1037,6,-3,1
R,8546,21,1.1,1,-7,1038,6,-3,1
R,8586,5,1.1,1,-6,1037,6,-3,1
R,8625,12,1.1,2,-7,1037,6,-3,1
R,8665,28,1.1,1,-7,1037,6,-3,1
R,8706,12,1.1,2,-7,1037,6,-3,1
R,8745,14,1.1,2,-7,1037,6,-3,1
R,8785,21,1.1,2,-7,1037,6,-3,1
R,8825,3,1.1,1,-6,1037,5,-3,1
R,8864,4,1.1,1,-6,1037,5,-3,1
R,8905,14,1.1,2,-7,1037,5,-3,1
R,8960,1,1.1,3,-6,1037,5,-3,1
R,8986,13,1.1,2,-6,1038,5,-3,1
R,9025,14,1.1,2,-7,1038,5,-2,1
R,9067,17,1.1,2,-7,1037,6,-2,1
R,9105,17,1.1,1,-6,1038,5,-3,1
R,9146,19,1.1,1,-6,1037,5,-3,1
R,9187,5,1.1,1,-6,1037,6,-3,1
R,9225,7,1.1,2,-8,1037,6,-3,1
R,9266,1,1.1,2,-6,1038,6,-3,1
R,9306,28,1.1,2,-8,1037,6,-2,1
R,9344,32,1.1,1,-7,1037,6,-3,1
R,9384,23,1.2,1,-7,1037,6,-3,1
R,9425,22,1.2,1,-7,1037,5,-3,1
R,9465,13,1.2,2,-7,1036,5,-3,1
R,9505,12,1.2,2,-7,1037,6,-3,1
R,9546,29,1.2,2,-6,1038,6,-3,1
R,9585,14,1.2,1,-6,1037,5,-2,1
R,9625,45,1.2,2,-6,1037,6,-3,1
R,9665,5,1.2,2,-6,1038,6,-3,1
R,9704,3,1.2,2,-6,1037,6,-3,1
R,9745,15,1.2,1,-7,1037,5,-3,1
R,9785,25,1.2,1,-6,1037,6,-3,1
R,9825,26,1.2,1,-7,1037,6,-3,1
R,9865,11,1.2,2,-7,1037,5,-3,1
R,9905,8,1.2,1,-6,1037,6,-3,1
R,9961,8,1.2,2,-7,1037,5,-2,1
R,9986,17,1.3,2,-7,1037,6,-2,1
R,10026,7,1.3,2,-7,1037,5,-3,1
R,10068,32,1.3,1,-7,1037,5,-3,1
R,10105,18,1.3,1,-7,1037,6,-3,1
R,10146,19,1.3,1,-7,1037,6,-2,1
R,10185,16,1.3,2,-6,1037,6,-3,1
R,10226,12,1.3,2,-6,1037,6,-3,1
R,10266,29,1.3,2,-7,1037,6,-3,1
R,10305,36,1.3,2,-7,1037,6,-3,1
R,10344,9,1.3,2,-7,1037,6,-3,1
R,10385,6,1.3,2,-7,1037,6,-2,1
R,10425,22,1.3,2,-7,1036,5,-3,1
R,10465,16,1.3,1,-6,1036,5,-3,1
R,10505,14,1.3,2,-6,1037,5,-2,1
R,10546,6,1.3,2,-6,1036,6,-3,1
R,10586,21,1.3,1,-7,1037,6,-3,1
R,10626,14,1.4,2,-6,1037,5,-3,1
R,10665,11,1.4,1,-7,1037,5,-3,1
R,10706,5,1.4,2,-8,1037,6,-3,1
R,10745,7,1.4,1,-7,1037,5,-3,1
R,10785,8,1.4,2,-7,1037,5,-3,1
R,10824,14,1.4,2,-7,1037,6,-3,1
R,10865,27,1.4,2,-6,1037,6,-2,1
R,10904,31,1.4,1,-6,1037,5,-3,1
R,10959,28,1.4,2,-7,1037,6,-3,1
R,10986,15,1.4,2,-7,1037,6,-3,1
R,11025,8,1.4,2,-7,1037,6,-3,1
R,11069,18,1.4,1,-7,1037,6,-3,1
R,11106,23,1.4,1,-7,1037,6,-3,1
R,11145,9,1.4,2,-7,1037,6,-2,1
R,11186,6,1.4,2,-7,1037,5,-3,1
R,11226,6,1.4,3,-7,1037,5,-3,1
R,11265,12,1.4,2,-7,1037,5,-3,1
R,11304,16,1.4,1,-8,1037,6,-3,1
R,11344,3,1.4,1,-7,1037,6,-3,1
R,11386,10,1.4,2,-7,1037,6,-2,1
R,11425,1,1.4,2,-7,1037,6,-3,1
R,11465,15,1.5,2,-7,1038,6,-3,1
R,11505,33,1.5,2,-7,1037,6,-3,1
R,11545,25,1.5,3,-7,1036,6,-3,1
R,11586,37,1.5,1,-7,1037,6,-2,1
R,11625,12,1.5,2,-7,1037,5,-3,1
R,11666,29,1.5,3,-6,1037,5,-3,1
R,11705,33,1.5,1,-7,1037,6,-2,1
R,11746,7,1.5,2,-7,1037,6,-2,1
R,11785,19,1.5,2,-6,1037,5,-3,1
R,11826,13,1.5,2,-6,1037,5,-3,1
R,11865,12,1.5,2,-6,1036,5,-3,1
R,11905,1,1.5,1,-7,1037,5,-2,1
R,11962,13,1.5,1,-7,1037,5,-3,1
R,12025,17,1.5,1,-7,1037,6,-3,1
R,12068,16,1.6,1,-7,1038,6,-3,1
R,12106,4,1.6,2,-7,1037,5,-3,1
R,12145,17,1.6,2,-6,1037,6,-3,1
R,12186,8,1.6,2,-7,1037,6,-2,1
R,12226,20,1.6,1,-7,1037,6,-3,1
R,12266,12,1.6,1,-6,1037,5,-2,1
R,12304,15,1.6,1,-7,1036,6,-3,1
R,12345,15,1.6,2,-7,1037,6,-2,1
R,12385,23,1.6,2,-6,1037,5,-3,1
R,12425,1,1.6,2,-7,1037,6,-3,1
R,12465,19,1.6,2,-7,1036,6,-3,1
R,12505,21,1.6,2,-8,1037,6,-3,1
R,12545,12,1.6,2,-6,1037,5,-3,1
R,12585,8,1.6,2,-7,1037,6,-3,1
R,12626,13,1.6,2,-7,1038,6,-3,1
R,12665,28,1.6,2,-7,1037,5,-3,1
R,12704,15,1.6,2,-7,1037,6,-3,1
R,12745,14,1.6,2,-7,1037,6,-3,1
R,12784,20,1.6,3,-6,1037,6,-3,1
R,12824,16,1.7,2,-7,1037,5,-2,1
R,12865,22,1.7,2,-6,1037,5,-3,1
R,12905,26,1.7,2,-6,1037,6,-3,1
R,12959,26,1.7,2,-7,1037,5,-3,1
R,12985,6,1.7,1,-6,1037,6,-3,1
R,13025,13,1.7,1,-7,1036,5,-3,1
R,13067,17,1.7,1,-7,1037,5,-2,1
R,13104,5,1.7,1,-7,1037,5,-3,1
R,13144,18,1.7,2,-7,1036,5,-3,1
R,13185,6,1.7,2,-7,1037,6,-3,1
R,13226,13,1.7,2,-6,1037,6,-3,1
R,13265,22,1.7,2,-7,1037,5,-3,1
R,13305,8,1.7,2,-7,1037,6,-3,1
R,13344,10,1.7,2,-6,1037,5,-3,1
R,13385,18,1.7,2,-7,1037,6,-3,1
R,13425,11,1.7,1,-7,1037,5,-3,1
R,13465,33,1.7,2,-7,1037,6,-3,1
R,13505,21,1.8,2,-7,1037,6,-2,1
R,13545,27,1.8,2,-7,1038,6,-3,1
R,13585,6,1.8,2,-8,1037,5,-2,1
R,13626,26,1.8,2,-7,1037,6,-3,1
R,13665,25,1.8,2,-5,1037,6,-3,1
R,13705,11,1.8,2,-7,1036,6,-3,1
R,13745,6,1.8,2,-7,1036,5,-3,1
R,13786,10,1.8,2,-7,1037,6,-3,1
R,13824,17,1.8,2,-7,1037,5,-3,1
R,13865,17,1.8,2,-7,1037,5,-3,1
R,13905,13,1.8,1,-7,1037,5,-3,1
R,13959,11,1.8,1,-7,1037,6,-2,1
R,13985,20,1.8,1,-7,1037,6,-3,1
R,14025,17,1.8,2,-8,1037,6,-3,1
R,14067,5,1.8,2,-7,1037,6,-3,1
R,14105,25,1.8,1,-7,1037,6,-3,1
R,14145,8,1.8,1,-6,1037,6,-3,1
R,14186,5,1.8,2,-8,1037,6,-3,1
R,14225,30,1.9,2,-7,1036,6,-2,1
R,14265,9,1.9,3,-7,1037,6,-3,1
R,14304,15,1.9,2,-7,1037,5,-3,1
R,14345,11,1.9,1,-7,1037,6,-3,1
R,14386,26,1.9,1,-6,1037,6,-3,1
R,14425,3,1.9,1,-7,1037,5,-2,1
R,14465,10,1.9,2,-7,1037,5,-3,1
R,14505,12,1.9,3,-7,1036,6,-3,1
R,14545,14,1.9,2,-7,1037,6,-3,1
R,14585,5,1.9,2,-7,1037,6,-3,1
R,14625,17,1.9,1,-8,1037,6,-3,1
R,14665,18,1.9,1,-8,1037,6,-3,1
R,14705,18,1.9,1,-7,1037,6,-3,1
R,14744,19,1.9,2,-7,1038,5,-2,1
R,14785,13,1.9,2,-6,1037,5,-2,1
R,14825,15,1.9,1,-7,1037,6,-3,1
R,14865,13,1.9,2,-7,1038,6,-3,1
R,14905,9,1.9,2,-7,1037,5,-3,1
R,14959,19,1.9,2,-6,1037,6,-3,1
R,14985,3,2.0,1,-7,1037,6,-2,1
R,15025,26,2.0,1,-7,1038,5,-2,1
R,15067,15,2.0,2,-7,1037,6,-3,1
R,15105,8,2.0,2,-6,1037,6,-3,1
R,15145,19,2.0,2,-6,1037,6,-3,1
R,15185,11,2.0,1,-7,1037,5,-3,1
R,15225,14,2.0,2,-6,1036,5,-3,1
R,15264,8,2.0,2,-6,1037,6,-2,1
R,15304,6,2.0,1,-7,1037,6,-3,1
R,15345,14,2.0,2,-7,1037,6,-3,1
R,15385,18,2.0,2,-7,1036,6,-3,1
R,15425,3,2.0,1,-7,1037,6,-3,1
R,15465,24,2.0,2,-7,1037,6,-3,1
R,15505,17,2.0,2,-7,1037,6,-3,1
R,15546,14,2.0,1,-7,1037,5,-3,1
R,15585,4,2.0,2,-7,1037,6,-3,1
R,15626,14,2.0,2,-7,1037,5,-3,1
R,15665,17,2.0,1,-6,1036,5,-3,1
R,15705,5,2.0,1,-6,1037,6,-3,1
R,15744,19,2.0,2,-7,1037,5,-3,1
R,15784,7,2.0,1,-6,1037,5,-3,1
R,15825,19,2.1,1,-7,1037,5,-3,1
R,15866,20,2.1,1,-7,1037,6,-3,1
R,15905,26,2.1,2,-6,1037,6,-3,1
R,15961,19,2.1,1,-7,1037,5,-3,1
R,15986,15,2.1,1,-7,1037,5,-3,1
R,16025,33,2.1,2,-7,1037,6,-3,1
R,16067,25,2.1,1,-8,1037,6,-3,1
R,16106,18,2.1,2,-7,1037,5,-3,1
R,16146,10,2.1,2,-7,1037,6,-3,1
R,16185,20,2.1,1,-7,1037,6,-3,1
R,16225,27,2.1,2,-6,1037,5,-3,1
R,16265,6,2.1,2,-7,1037,6,-3,1
R,16305,33,2.1,2,-7,1037,6,-3,1
R,16345,20,2.2,1,-8,1037,6,-3,1
R,16385,24,2.2,1,-7,1037,6,-3,1
R,16424,28,2.2,2,-6,1037,6,-3,1
R,16465,6,2.2,2,-6,1037,6,-3,1
R,16505,5,2.2,1,-6,1037,5,-2,1
R,16544,21,2.2,1,-7,1038,5,-2,1
R,16585,10,2.2,2,-6,1037,5,-3,1
R,16625,13,2.2,2,-7,1037,6,-3,1
R,16664,12,2.2,2,-7,1037,5,-3,1
R,16704,17,2.2,2,-7,1036,5,-3,1
R,16745,14,2.2,2,-7,1037,6,-3,1
R,16785,18,2.2,2,-8,1037,5,-3,1
R,16826,24,2.2,2,-7,1037,6,-3,1
R,16865,18,2.2,2,-6,1036,6,-3,1
R,16905,22,2.2,2,-7,1037,5,-3,1
R,16960,2,2.2,1,-7,1037,5,-2,1
R,16986,25,2.2,1,-7,1037,5,-2,1
R,17025,22,2.3,1,-8,1037,6,-3,1
R,17068,11,2.3,1,-8,1037,5,-3,1
R,17105,1,2.3,2,-8,1037,6,-3,1
R,17145,26,2.3,3,-7,1036,5,-3,1
R,17184,4,2.3,2,-7,1036,6,-2,1
R,17224,14,2.3,1,-7,1037,6,-3,1
R,17265,11,2.3,1,-7,1037,5,-3,1
R,17304,7,2.3,2,-7,1037,5,-3,1
R,17345,7,2.3,2,-8,1037,6,-3,1
R,17386,19,2.3,1,-7,1037,5,-3,1
R,17426,8,2.3,2,-7,1036,5,-3,1
R,17466,17,2.3,1,-6,1037,5,-3,1
R,17506,14,2.3,1,-7,1037,6,-3,1
R,17545,13,2.3,1,-8,1037,6,-3,1
R,17585,10,2.3,2,-7,1037,5,-3,1
R,17626,26,2.3,2,-7,1037,6,-3,1
R,17665,20,2.3,2,-7,1037,6,-2,1
R,17704,43,2.3,1,-8,1037,5,-3,1
R,17744,5,2.4,1,-8,1037,5,-2,1
R,17785,24,2.4,2,-7,1037,6,-3,1
R,17826,13,2.4,2,-7,1037,6,-3,1
R,17865,6,2.4,2,-7,1037,6,-3,1
R,17905,21,2.4,2,-7,1037,6,-3,1
R,17960,16,2.4,2,-7,1037,5,-3,1
R,17986,1,2.4,2,-8,1037,6,-2,1
R,18026,15,2.4,2,-7,1036,5,-3,1
R,18067,21,2.4,2,-7,1037,5,-3,1
R,18106,17,2.4,3,-7,1037,6,-3,1
R,18146,5,2.4,2,-7,1037,6,-3,1
R,18184,17,2.4,2,-7,1037,5,-3,1
R,18224,26,2.4,1,-7,1037,6,-3,1
R,18266,10,2.4,1,-7,1037,5,-3,1
R,18306,25,2.4,2,-7,1037,5,-3,1
R,18345,20,2.4,1,-6,1036,5,-2,1
R,18387,3,2.4,2,-7,1036,6,-2,1
R,18426,11,2.4,1,-7,1037,6,-3,1
R,18465,7,2.4,2,-7,1036,5,-3,1
R,18506,26,2.5,1,-6,1037,5,-3,1
R,18546,15,2.5,2,-7,1036,5,-3,1
R,18586,6,2.5,2,-7,1037,6,-3,1
R,18626,13,2.5,1,-8,1037,5,-2,1
R,18664,16,2.5,1,-7,1036,6,-3,1
R,18704,15,2.5,1,-7,1037,6,-3,1
R,18746,23,2.5,2,-7,1036,5,-3,1
R,18786,13,2.5,1,-8,1036,5,-3,1
R,18825,9,2.5,2,-8,1037,6,-3,1
R,18865,30,2.5,1,-6,1037,6,-3,1
R,18905,23,2.5,2,-6,1036,6,-2,1
R,18960,12,2.5,2,-7,1037,5,-3,1
R,18985,10,2.5,2,-6,1037,6,-3,1
R,19025,10,2.5,2,-7,1037,6,-3,1
R,19067,17,2.5,2,-8,1037,6,-3,1
R,19104,20,2.5,2,-7,1036,6,-3,1
R,19144,5,2.5,2,-7,1037,5,-3,1
R,19183,12,2.5,2,-8,1037,6,-3,1
R,19225,24,2.6,2,-7,1037,5,-3,1
R,19264,20,2.6,2,-8,1037,6,-3,1
R,19305,17,2.6,2,-7,1037,5,-3,1
R,19345,24,2.6,2,-7,1037,5,-3,1
R,19385,15,2.6,1,-7,1037,5,-3,1
R,19426,3,2.6,1,-7,1037,6,-2,1
R,19464,7,2.6,1,-7,1037,6,-2,1
R,19505,8,2.6,2,-6,1037,5,-3,1
R,19544,24,2.6,2,-7,1037,6,-3,1
R,19585,14,2.6,2,-8,1036,6,-3,1
R,19625,4,2.6,2,-6,1036,6,-3,1
R,19663,11,2.6,2,-7,1036,5,-3,1
R,19703,14,2.6,2,-7,1037,5,-3,1
R,19745,8,2.6,2,-7,1037,6,-3,1
R,19785,13,2.6,2,-6,1038,5,-3,1
R,19824,39,2.6,2,-8,1036,6,-3,1
R,19865,15,2.6,1,-7,1037,6,-2,1
R,19904,1,2.6,2,-7,1037,6,-3,1
R,19959,26,2.6,2,-7,1037,6,-3,1
R,19984,17,2.7,2,-6,1036,6,-2,1
[dump] FIN RUN #8 t60=0 t330=0 t660=0 t1320=0
