[dump] RUN #1 heure=21:53:02 src=SEUIL_GPS rollout_ms=0 unit=ALLO9 dyn=4 rate_ms=40 gps=1 pre=15 imuf=2/7 ecu=HP statut=TERMINE
[dump] colonnes: R,elapsed_ms,kmh_x100,dist_ft,ax_mg,ay_mg,az_mg,gx_ds10,gy_ds10,gz_ds10
R,-966,40,0.0,-36,-28,1016,2,0,0
R,-913,40,0.0,-35,-28,1017,2,0,0
R,-852,40,0.0,-36,-28,1016,2,0,0
R,-788,40,0.0,-36,-28,1016,2,0,0
R,-721,40,0.0,-35,-27,1017,1,0,0
R,-661,40,0.0,-36,-27,1017,1,-1,0
R,-592,40,0.0,-36,-28,1017,2,0,1
R,-528,40,0.0,-35,-28,1016,2,0,0
R,-465,40,0.0,-35,-28,1016,2,0,0
R,-401,40,0.0,-35,-28,1017,1,0,0
R,-340,40,0.0,-35,-27,1017,1,-1,0
R,-255,40,0.0,-36,-28,1017,2,0,0
R,-191,40,0.0,-36,-27,1016,2,0,0
R,-127,40,0.0,-36,-27,1016,1,0,0
R,-64,40,0.0,-36,-28,1017,2,0,0
R,51,519,0.2,-35,-28,1016,2,0,1
R,92,686,0.4,-36,-28,1017,1,0,0
R,131,852,0.7,-36,-27,1017,1,0,0
R,172,1019,1.0,-35,-28,1016,2,0,0
R,212,1185,1.4,-35,-28,1016,2,0,0
R,252,1351,1.9,-36,-28,1017,1,0,0
R,292,1518,2.4,-36,-28,1016,2,0,0
R,332,1684,3.0,-35,-28,1017,2,0,0
R,371,1851,3.6,-35,-28,1017,2,0,0
R,412,2017,4.4,-36,-28,1018,2,0,0
R,452,2183,5.1,-35,-27,1017,2,0,0
R,492,2294,5.9,-35,-28,1016,2,0,0
R,532,2398,6.8,-36,-28,1017,2,0,0
R,572,2502,7.7,-36,-28,1017,2,0,0
R,612,2606,8.6,-36,-27,1017,2,0,0
R,651,2710,9.6,-35,-28,1017,2,0,0
R,692,2814,10.6,-34,-28,1017,2,0,0
R,732,2918,11.6,-35,-27,1016,2,0,0
R,772,3022,12.7,-35,-28,1017,1,0,0
R,812,3126,13.8,-35,-28,1017,2,0,0
R,852,3230,15.0,-35,-28,1016,1,0,0
R,892,3334,16.2,-35,-27,1017,2,-1,0
R,932,3438,17.4,-36,-28,1017,2,0,0
R,972,3521,18.7,-36,-28,1017,1,0,0
R,1012,3573,20.0,-35,-28,1017,2,0,0
R,1052,3625,21.3,-35,-28,1016,2,0,0
R,1091,3677,22.6,-35,-28,1017,2,0,0
R,1132,3729,24.0,-35,-28,1017,2,0,0
R,1172,3781,25.4,-36,-28,1017,2,0,0
R,1211,3833,26.7,-35,-28,1017,2,0,1
R,1252,3885,28.2,-36,-28,1017,2,0,0
R,1291,3937,29.5,-35,-28,1017,2,0,0
R,1332,3989,31.0,-36,-27,1016,2,0,0
R,1372,4041,32.5,-35,-28,1017,2,0,0
R,1411,4093,33.9,-35,-28,1017,2,0,0
R,1452,4145,35.5,-35,-27,1017,2,0,0
R,1491,4197,37.0,-35,-27,1016,2,0,0
R,1532,4249,38.5,-35,-27,1016,2,0,1
R,1572,4301,40.1,-35,-28,1017,2,0,0
R,1612,4353,41.7,-36,-28,1016,2,0,0
R,1652,4405,43.3,-35,-28,1017,2,0,0
R,1691,4457,44.8,-36,-28,1016,2,0,0
R,1732,4509,46.5,-35,-28,1017,2,0,0
R,1772,4561,48.2,-36,-27,1017,2,0,0
R,1811,4613,49.8,-36,-28,1016,2,0,0
R,1852,4665,51.5,-36,-28,1016,2,0,0
R,1891,4717,53.2,-35,-27,1017,2,0,0
R,1932,4769,55.0,-36,-27,1017,2,0,0
R,1971,4839,56.7,-36,-28,1016,2,0,0
R,2012,4938,58.5,-36,-28,1017,2,0,0
R,2051,5037,60.3,-35,-28,1016,2,0,1
R,2092,5135,62.2,-35,-27,1016,2,0,0
R,2133,5237,64.1,-35,-27,1017,2,0,0
R,2173,5335,66.0,-36,-28,1017,2,0,0
R,2213,5434,68.0,-36,-28,1017,2,0,0
R,2252,5533,70.0,-36,-29,1016,1,0,0
R,2293,5631,72.0,-36,-27,1016,2,0,0
R,2338,5745,74.4,-35,-28,1017,1,0,0
R,2379,5843,76.5,-36,-27,1018,2,0,0
R,2419,5942,78.7,-36,-28,1016,2,0,0
R,2459,6041,80.9,-36,-28,1016,2,0,0
R,2499,6139,83.1,-36,-28,1016,2,0,0
R,2538,6238,85.3,-36,-28,1017,2,0,0
R,2579,6337,87.6,-35,-29,1016,2,0,1
R,2619,6435,90.0,-36,-28,1016,2,0,0
R,2658,6534,92.3,-35,-28,1017,2,0,0
R,2699,6633,94.7,-35,-28,1017,2,0,0
R,2739,6731,97.2,-36,-28,1016,2,0,0
R,2779,6830,99.6,-36,-28,1016,2,0,0
R,2819,6929,102.1,-36,-28,1016,2,0,0
R,2858,7027,104.6,-36,-28,1016,2,0,0
R,2899,7126,107.3,-35,-28,1018,2,0,0
R,2939,7225,109.9,-35,-28,1017,2,0,0
R,2991,7355,113.3,-35,-28,1016,2,0,0
R,3032,7454,116.1,-35,-27,1017,2,0,0
R,3072,7553,118.8,-35,-27,1017,1,0,0
R,3111,7651,121.5,-35,-27,1016,2,0,0
R,3151,7750,124.4,-35,-28,1017,2,0,0
R,3191,7849,127.2,-36,-28,1017,2,0,0
R,3231,7947,130.1,-36,-28,1017,2,0,0
R,3272,8046,133.1,-35,-28,1017,2,0,0
R,3312,8145,136.0,-35,-28,1017,2,0,0
R,3352,8243,139.0,-35,-28,1017,2,0,0
R,3392,8342,142.0,-35,-28,1017,2,0,0
R,3432,8441,145.1,-35,-28,1017,2,0,0
R,3472,8518,148.2,-35,-28,1016,2,0,0
R,3512,8563,151.3,-36,-28,1017,2,0,1
R,3552,8608,154.4,-35,-28,1017,2,0,1
R,3592,8653,157.6,-35,-28,1017,1,0,0
R,3640,8707,161.4,-36,-29,1017,2,0,0
R,3680,8751,164.5,-35,-29,1017,2,0,0
R,3719,8796,167.7,-36,-28,1017,2,0,0
R,3760,8841,171.0,-36,-28,1016,2,0,0
R,3800,8886,174.2,-36,-28,1017,2,0,0
R,3839,8931,177.4,-36,-29,1017,2,0,1
R,3880,8976,180.7,-36,-28,1016,2,0,0
R,3920,9021,184.0,-35,-28,1017,2,0,0
R,3960,9066,187.3,-35,-28,1017,2,0,0
R,4000,9111,190.6,-35,-28,1016,2,0,0
R,4040,9156,193.9,-36,-28,1016,2,0,0
R,4080,9200,197.3,-36,-28,1016,1,0,1
R,4119,9245,200.5,-36,-27,1016,2,0,0
R,4159,9290,203.9,-35,-27,1016,2,0,0
R,4200,9335,207.4,-36,-27,1017,2,0,1
R,4240,9380,210.8,-36,-28,1017,2,0,0
R,4289,9436,215.0,-36,-28,1017,2,0,0
R,4330,9481,218.5,-37,-28,1018,1,0,1
R,4370,9526,222.0,-35,-28,1018,2,-1,0
R,4409,9571,225.4,-36,-28,1017,2,0,0
R,4450,9616,229.0,-35,-28,1018,2,0,0
R,4490,9661,232.5,-35,-28,1018,1,0,0
R,4530,9706,236.0,-35,-29,1016,2,0,0
R,4570,9750,239.6,-36,-28,1016,2,0,0
R,4610,9795,243.1,-35,-28,1017,1,0,0
R,4650,9840,246.7,-37,-28,1017,1,-1,0
R,4690,9885,250.3,-35,-28,1016,2,0,0
R,4730,9930,253.9,-35,-28,1017,2,0,0
R,4770,9975,257.6,-35,-28,1016,2,0,0
R,4810,10020,261.2,-36,-28,1017,2,0,0
R,4850,10065,264.9,-35,-27,1017,2,0,0
R,4890,10110,268.5,-35,-28,1017,2,0,0
R,4935,10161,272.7,-36,-27,1017,2,0,0
R,4976,10206,276.5,-35,-28,1017,2,0,0
R,5016,10251,280.2,-35,-29,1018,2,0,0
R,5055,10296,283.9,-36,-28,1018,2,0,1
R,5096,10341,287.7,-35,-28,1017,2,0,0
R,5136,10386,291.5,-36,-28,1017,2,0,0
R,5176,10431,295.3,-35,-28,1017,2,0,0
R,5216,10476,299.1,-36,-27,1018,2,0,0
R,5256,10520,302.9,-35,-28,1017,2,0,0
R,5295,10565,306.7,-36,-27,1016,2,0,0
R,5335,10610,310.6,-36,-27,1017,2,0,0
R,5376,10655,314.5,-36,-27,1018,2,0,0
R,5416,10700,318.4,-36,-27,1016,2,0,0
R,5456,10735,322.3,-36,-28,1016,2,0,0
R,5496,10771,326.2,-35,-28,1018,2,0,0
R,5536,10806,330.2,-36,-28,1017,2,0,0
R,5585,10850,335.0,-36,-28,1017,2,0,0
R,5625,10886,339.0,-35,-28,1016,2,0,0
R,5665,10921,343.0,-36,-28,1017,2,0,0
R,5706,10956,347.0,-35,-28,1016,2,0,0
R,5746,10992,351.0,-35,-28,1016,2,0,0
R,5786,11027,355.1,-36,-28,1017,2,0,1
R,5826,11062,359.1,-36,-28,1017,2,0,0
R,5866,11098,363.1,-35,-28,1017,2,0,0
R,5906,11133,367.2,-35,-27,1016,2,0,0
R,5946,11168,371.2,-35,-28,1017,2,0,0
R,5986,11204,375.3,-35,-28,1016,2,0,0
R,6026,11239,379.4,-35,-27,1017,2,0,0
R,6065,11274,383.4,-35,-28,1017,2,0,0
R,6106,11310,387.6,-35,-27,1017,2,0,0
R,6146,11345,391.8,-35,-28,1017,2,0,0
R,6186,11380,395.9,-36,-28,1017,2,0,0
R,6237,11426,401.2,-35,-28,1017,2,0,0
R,6278,11462,405.5,-36,-28,1017,2,0,0
R,6318,11497,409.7,-36,-28,1016,2,0,0
R,6358,11532,413.9,-35,-28,1017,2,0,0
R,6398,11568,418.1,-35,-28,1017,2,0,0
R,6437,11603,422.2,-36,-29,1017,2,0,0
R,6478,11639,426.5,-36,-28,1017,2,0,0
R,6518,11674,430.8,-36,-28,1016,2,0,0
R,6558,11709,435.0,-35,-27,1017,2,0,0
R,6598,11745,439.3,-35,-28,1016,2,0,0
R,6637,11780,443.5,-35,-27,1017,2,0,0
R,6678,11815,447.9,-36,-28,1017,2,0,0
R,6718,11851,452.2,-37,-28,1017,2,0,0
R,6758,11886,456.5,-36,-27,1017,2,0,0
R,6798,11921,460.9,-35,-28,1017,2,0,0
R,6837,11957,465.1,-35,-28,1017,2,0,0
R,6886,12000,470.5,-36,-28,1017,2,0,0
R,6927,12035,475.0,-35,-28,1017,2,0,0
R,6967,12071,479.4,-36,-28,1017,2,0,0
R,7007,12106,483.8,-35,-28,1017,2,0,0
R,7047,12141,488.2,-36,-28,1017,2,0,0
R,7087,12177,492.6,-35,-27,1017,2,0,0
R,7126,12212,496.9,-35,-28,1017,2,0,0
R,7167,12247,501.5,-35,-28,1017,2,0,0
R,7207,12283,506.0,-36,-28,1017,2,0,0
R,7246,12318,510.4,-35,-28,1017,2,0,0
R,7287,12353,515.0,-36,-28,1016,1,0,0
R,7327,12389,519.5,-36,-28,1018,1,0,0
R,7367,12424,524.0,-36,-27,1016,2,0,0
R,7407,12459,528.5,-35,-27,1017,2,0,0
R,7447,12495,533.1,-35,-27,1017,2,0,0
R,7487,12530,537.6,-36,-28,1017,2,0,0
R,7532,12571,542.8,-36,-27,1017,2,0,0
R,7573,12606,547.5,-36,-27,1016,2,0,0
R,7613,12642,552.1,-36,-28,1017,2,0,0
R,7653,12677,556.7,-36,-28,1017,2,0,0
R,7693,12712,561.3,-36,-28,1017,2,0,0
R,7733,12748,566.0,-36,-28,1016,2,0,0
R,7772,12783,570.5,-35,-28,1017,2,0,0
R,7813,12818,575.3,-36,-28,1016,2,0,0
R,7853,12854,580.0,-35,-28,1017,2,0,0
R,7893,12889,584.7,-36,-28,1017,2,0,0
R,7933,12924,589.4,-35,-28,1016,2,0,0
R,7973,12960,594.1,-34,-28,1016,2,0,0
R,8013,12995,598.8,-35,-28,1017,2,0,0
R,8053,13030,603.6,-35,-28,1017,1,0,1
R,8093,13066,608.3,-35,-29,1018,2,0,1
R,8133,13101,613.1,-34,-28,1017,2,0,0
R,8182,13145,619.0,-36,-28,1017,2,0,0
R,8223,13181,623.9,-36,-28,1017,1,0,0
R,8263,13216,628.7,-35,-27,1016,2,0,0
R,8303,13252,633.5,-36,-28,1017,2,0,0
R,8343,13288,638.3,-36,-27,1017,2,0,0
R,8384,13323,643.3,-36,-28,1016,2,0,0
R,8424,13358,648.2,-36,-28,1016,2,0,0
R,8464,13382,653.1,-36,-28,1018,2,0,0
R,8503,13406,657.8,-36,-28,1017,2,0,0
R,8545,13429,663.0,-36,-28,1017,2,0,0
R,8585,13452,667.9,-36,-29,1018,2,0,0
R,8625,13475,672.8,-36,-28,1016,2,0,0
R,8665,13498,677.7,-36,-28,1016,2,0,0
R,8703,13521,682.4,-35,-28,1017,2,0,1
R,8745,13545,687.5,-35,-28,1017,2,0,0
R,8785,13568,692.5,-36,-27,1016,2,0,0
R,8834,13597,698.5,-36,-27,1016,2,0,0
R,8875,13620,703.6,-36,-27,1016,2,0,0
R,8914,13643,708.5,-36,-28,1016,1,0,0
R,8955,13666,713.6,-35,-28,1017,2,0,0
R,8995,13689,718.6,-36,-29,1016,2,0,0
R,9035,13712,723.6,-36,-28,1016,1,0,0
R,9075,13735,728.6,-35,-28,1016,2,0,0
R,9115,13759,733.6,-35,-28,1016,2,0,0
R,9155,13782,738.6,-36,-28,1017,1,0,1
R,9195,13805,743.6,-36,-29,1017,2,0,0
R,9235,13828,748.7,-35,-28,1015,2,-1,0
R,9275,13851,753.7,-35,-29,1016,2,0,0
R,9315,13874,758.7,-36,-27,1016,1,0,0
R,9355,13897,763.8,-35,-28,1016,1,0,0
R,9394,13921,768.8,-37,-28,1016,2,0,1
R,9435,13944,774.0,-35,-28,1017,2,0,0
R,9483,13972,780.1,-34,-28,1017,2,0,0
R,9524,13995,785.3,-36,-28,1016,2,0,0
R,9564,14018,790.4,-36,-28,1017,2,0,0
R,9604,14041,795.5,-35,-28,1016,2,0,0
R,9644,14065,800.6,-36,-27,1017,2,0,0
R,9684,14088,805.8,-36,-28,1017,2,0,0
R,9724,14111,810.9,-35,-27,1016,1,-1,0
R,9764,14134,816.1,-36,-28,1016,2,0,0
R,9804,14157,821.2,-35,-28,1016,2,0,1
R,9843,14180,826.2,-36,-28,1019,1,-1,0
R,9884,14203,831.5,-36,-28,1016,2,0,0
R,9924,14227,836.7,-34,-28,1018,2,0,0
R,9963,14250,841.8,-35,-28,1018,1,0,0
R,10004,14273,847.1,-36,-28,1016,1,0,0
R,10044,14296,852.3,-36,-27,1016,1,1,0
R,10083,14319,857.4,-35,-27,1016,1,0,0
R,10129,14346,863.4,-37,-27,1017,2,-1,0
R,10170,14369,868.8,-35,-27,1016,2,0,0
R,10210,14392,874.0,-35,-28,1017,2,0,0
R,10250,14415,879.3,-36,-28,1017,2,0,0
R,10290,14438,884.5,-36,-28,1017,2,0,0
R,10330,14461,889.8,-36,-28,1017,2,-1,0
R,10370,14485,895.1,-36,-28,1016,2,0,0
R,10410,14508,900.4,-36,-27,1017,2,0,0
R,10450,14531,905.7,-36,-28,1017,2,0,0
R,10490,14554,911.0,-36,-27,1016,1,0,0
R,10530,14577,916.3,-35,-28,1016,2,0,0
R,10570,14600,921.6,-36,-28,1017,2,0,0
R,10610,14623,926.9,-36,-28,1016,1,0,0
R,10650,14647,932.2,-36,-28,1018,1,0,0
R,10690,14670,937.6,-35,-28,1017,2,0,1
R,10729,14693,942.8,-35,-27,1017,2,0,0
R,10779,14722,949.5,-35,-28,1017,2,0,0
R,10820,14745,955.0,-35,-28,1018,1,-1,0
R,10860,14768,960.4,-36,-28,1016,2,0,0
R,10900,14791,965.8,-36,-28,1016,2,0,0
R,10940,14814,971.2,-35,-27,1016,1,0,0
R,10980,14838,976.6,-36,-27,1017,2,-1,0
R,11020,14861,982.0,-35,-28,1017,2,0,0
R,11060,14884,987.4,-35,-28,1017,2,0,0
R,11100,14907,992.9,-35,-28,1017,1,0,1
R,11140,14930,998.3,-34,-28,1016,2,0,0
R,11179,14953,1003.6,-35,-27,1017,2,0,0
R,11220,14976,1009.2,-36,-27,1017,1,0,0
R,11260,15000,1014.7,-36,-27,1016,2,0,0
R,11300,15023,1020.1,-36,-28,1017,2,0,0
R,11340,15046,1025.6,-36,-28,1018,2,0,0
R,11380,15069,1031.1,-36,-28,1016,2,0,0
R,11431,15099,1038.1,-36,-28,1016,2,0,0
R,11471,15122,1043.6,-36,-27,1017,2,0,0
R,11512,15145,1049.3,-36,-28,1016,2,0,0
R,11552,15168,1054.8,-35,-28,1016,2,0,0
R,11592,15192,1060.3,-36,-28,1018,2,0,0
R,11632,15215,1065.9,-36,-28,1016,2,0,0
R,11672,15238,1071.4,-36,-27,1017,2,0,0
R,11712,15261,1077.0,-36,-28,1017,1,0,0
R,11752,15284,1082.5,-35,-28,1016,1,0,0
R,11792,15307,1088.1,-36,-28,1016,2,0,0
R,11832,15330,1093.7,-36,-28,1016,2,0,1
R,11872,15354,1099.3,-36,-28,1015,2,0,0
R,11912,15377,1104.9,-35,-28,1016,2,0,0
R,11952,15400,1110.5,-35,-28,1016,2,0,0
R,11992,15423,1116.1,-36,-28,1016,2,-1,0
R,12032,15446,1121.8,-36,-27,1016,2,0,0
R,12080,15474,1128.5,-35,-27,1016,2,0,0
R,12121,15498,1134.3,-36,-28,1016,2,0,0
R,12161,15521,1140.0,-36,-28,1016,2,0,0
R,12200,15544,1145.5,-36,-28,1016,2,0,0
R,12241,15567,1151.3,-37,-28,1016,2,0,0
R,12281,15590,1157.0,-36,-28,1016,2,0,0
R,12321,15613,1162.7,-35,-27,1017,2,0,0
R,12361,15636,1168.4,-35,-28,1017,2,0,0
R,12401,15660,1174.1,-35,-28,1017,2,0,0
R,12441,15683,1179.8,-35,-27,1017,2,0,0
R,12481,15706,1185.5,-35,-28,1017,2,0,0
R,12521,15729,1191.2,-35,-28,1017,2,0,0
R,12563,15753,1197.2,-35,-28,1017,1,0,0
R,12603,15776,1203.0,-34,-28,1016,2,0,0
R,12642,15800,1208.6,-35,-28,1017,1,0,0
R,12683,15823,1214.5,-35,-28,1016,2,0,1
R,12729,15849,1221.2,-35,-27,1017,2,0,1
R,12768,15872,1226.8,-35,-27,1016,2,0,0
R,12809,15896,1232.7,-36,-28,1017,2,0,0
R,12849,15919,1238.5,-35,-28,1017,2,0,0
R,12889,15942,1244.3,-36,-27,1017,2,-1,0
R,12929,15965,1250.1,-36,-28,1017,2,0,0
R,12969,15988,1256.0,-36,-28,1017,2,0,0
R,13008,16011,1261.7,-35,-27,1016,2,0,0
R,13049,16034,1267.6,-36,-27,1016,2,0,0
R,13088,16058,1273.3,-36,-28,1017,2,0,0
R,13129,16081,1279.4,-36,-28,1016,2,0,0
R,13169,16104,1285.2,-37,-28,1017,2,0,0
R,13209,16127,1291.1,-36,-28,1017,2,0,0
R,13248,16150,1296.8,-36,-28,1017,2,0,0
R,13289,16103,1302.9,-36,-28,1017,1,0,0
R,13329,16005,1308.7,-35,-28,1016,2,0,0
R,13375,15889,1315.4,-36,-28,1016,2,0,0
R,13416,15791,1321.3,-36,-28,1016,2,0,0
[dump] J60 t_ms=1900
[dump] J330 t_ms=5377 vcross_x100=10813 vtrap_x100=10450
[dump] J660 t_ms=8362 vcross_x100=13420 vtrap_x100=13215
[dump] J1320 t_ms=13247 vcross_x100=15796 vtrap_x100=16022
[dump] FIN RUN #1 t60=1900 t330=5377 t660=8362 t1320=13247
