[dump] RUN #1 heure=23:16:32 src=SEUIL_GPS rollout_ms=0 unit=ALLO9 dyn=4 rate_ms=40 gps=1 pre=11 imuf=2/7 ecu=HP statut=TERMINE
[dump] CAL cal=1 gxo_mdps=190 gyo_mdps=-285 gzo_mdps=59 cal_tempC=43 run_tempC=25
[dump] colonnes: R,elapsed_ms,kmh_x100,dist_ft,ax_mg,ay_mg,az_mg,gx_ds10,gy_ds10,gz_ds10
R,-1482,40,0.0,-40,-21,1016,2,0,0
R,-1351,40,0.0,-39,-21,1017,2,0,0
R,-1212,40,0.0,-40,-21,1017,2,0,0
R,-1079,40,0.0,-39,-21,1016,2,0,0
R,-943,40,0.0,-40,-21,1017,2,0,0
R,-811,40,0.0,-39,-20,1016,2,0,0
R,-679,40,0.0,-39,-21,1016,2,0,0
R,-540,40,0.0,-39,-20,1017,2,0,0
R,-403,40,0.0,-40,-21,1017,1,0,0
R,-271,40,0.0,-40,-21,1017,2,0,1
R,-132,40,0.0,-39,-21,1016,2,0,0
R,150,1272,1.3,-40,-22,1017,2,0,0
R,191,1439,1.8,-39,-21,1017,2,0,0
R,231,1605,2.4,-39,-21,1017,2,0,0
R,271,1772,3.0,-40,-21,1017,1,0,0
R,311,1938,3.7,-39,-21,1016,2,0,0
R,351,2104,4.4,-40,-22,1016,2,0,1
R,391,2244,5.2,-39,-21,1016,2,0,0
R,431,2348,6.0,-40,-21,1017,2,0,0
R,471,2452,6.9,-39,-21,1016,2,0,1
R,510,2556,7.8,-40,-22,1016,2,0,0
R,551,2660,8.8,-39,-21,1016,2,0,0
R,591,2764,9.8,-39,-21,1017,2,0,0
R,631,2868,10.8,-40,-21,1017,2,0,1
R,671,2972,11.9,-40,-21,1016,2,0,1
R,710,3076,12.9,-39,-21,1016,2,0,0
R,751,3180,14.1,-39,-20,1016,2,0,0
R,791,3284,15.3,-39,-21,1017,2,0,0
R,831,3388,16.5,-39,-21,1017,2,0,0
R,871,3492,17.7,-40,-20,1016,2,0,0
R,911,3548,19.0,-40,-21,1016,2,0,1
R,951,3600,20.3,-39,-21,1016,2,0,0
R,991,3652,21.7,-40,-20,1017,2,0,0
R,1031,3704,23.0,-39,-21,1017,2,0,0
R,1071,3756,24.4,-39,-22,1016,2,0,1
R,1111,3808,25.7,-39,-21,1017,2,0,0
R,1151,3860,27.1,-40,-22,1016,2,0,0
R,1191,3912,28.5,-39,-21,1016,2,0,0
R,1230,3964,29.9,-39,-21,1017,2,0,0
R,1271,4016,31.4,-39,-21,1017,2,0,1
R,1311,4068,32.9,-39,-20,1016,2,0,0
R,1351,4120,34.4,-40,-21,1016,2,0,0
R,1391,4172,35.9,-40,-21,1017,2,0,0
R,1431,4224,37.4,-40,-21,1017,2,0,0
R,1471,4276,39.0,-40,-22,1016,2,0,0
R,1510,4328,40.5,-39,-22,1016,2,0,0
R,1551,4380,42.1,-39,-21,1017,2,0,1
R,1590,4432,43.7,-39,-21,1016,2,0,0
R,1631,4484,45.4,-39,-22,1016,2,0,1
R,1671,4536,47.0,-39,-22,1016,2,0,0
R,1711,4588,48.7,-39,-21,1017,2,0,0
R,1751,4640,50.4,-39,-21,1018,2,0,0
R,1790,4692,52.0,-39,-21,1017,2,0,0
R,1831,4744,53.8,-39,-22,1017,2,0,0
R,1871,4796,55.5,-39,-20,1016,2,0,0
R,1911,4891,57.3,-39,-21,1017,2,0,0
R,1951,4990,59.1,-40,-21,1017,2,0,1
R,1991,5089,60.9,-40,-21,1017,2,0,1
R,2031,5187,62.8,-40,-21,1017,2,0,0
R,2071,5286,64.7,-40,-21,1016,2,0,0
R,2110,5385,66.6,-40,-21,1016,2,0,0
R,2151,5483,68.6,-40,-21,1017,2,0,0
R,2191,5582,70.7,-39,-22,1016,2,0,1
R,2231,5681,72.7,-39,-21,1017,2,0,0
R,2271,5779,74.8,-40,-22,1018,2,0,0
R,2311,5878,76.9,-40,-20,1017,2,0,0
R,2351,5977,79.1,-40,-21,1017,2,0,1
R,2391,6075,81.3,-40,-22,1016,2,0,0
R,2430,6174,83.5,-40,-22,1017,2,0,0
R,2471,6273,85.8,-39,-20,1017,2,0,0
R,2510,6371,88.0,-39,-21,1017,2,0,0
R,2551,6470,90.4,-39,-22,1017,2,0,0
R,2591,6569,92.8,-40,-21,1017,2,0,0
R,2631,6667,95.2,-40,-21,1017,2,0,0
R,2671,6766,97.7,-39,-22,1016,2,0,0
R,2711,6865,100.2,-40,-21,1018,2,0,0
R,2751,6963,102.7,-39,-22,1017,2,0,0
R,2791,7062,105.2,-39,-22,1017,2,0,0
R,2831,7161,107.8,-39,-21,1017,2,0,1
R,2871,7259,110.4,-39,-21,1017,2,0,0
R,2910,7358,113.0,-39,-21,1017,2,0,0
R,2951,7457,115.8,-39,-21,1017,2,0,1
R,2990,7555,118.5,-39,-21,1016,2,0,0
R,3031,7654,121.3,-39,-21,1016,2,0,1
R,3071,7753,124.1,-39,-21,1016,2,0,0
R,3111,7851,127.0,-40,-21,1016,2,0,0
R,3151,7950,129.9,-40,-22,1017,2,0,0
R,3191,8049,132.8,-40,-22,1017,2,0,0
R,3231,8147,135.7,-40,-22,1016,2,0,0
R,3270,8246,138.6,-40,-22,1017,2,0,0
R,3311,8345,141.7,-39,-21,1017,2,0,0
R,3351,8443,144.8,-39,-21,1017,2,0,0
R,3391,8519,147.9,-39,-21,1016,2,0,0
R,3431,8564,151.0,-40,-22,1018,2,0,0
R,3471,8609,154.1,-39,-21,1017,2,0,0
R,3511,8654,157.3,-40,-21,1017,2,0,0
R,3551,8699,160.4,-39,-20,1017,2,0,0
R,3591,8744,163.6,-39,-21,1017,2,0,0
R,3630,8788,166.7,-39,-22,1017,2,0,0
R,3671,8833,170.0,-39,-21,1017,2,0,0
R,3710,8878,173.2,-39,-21,1016,2,0,0
R,3751,8923,176.5,-39,-21,1017,2,0,0
R,3791,8968,179.8,-40,-21,1017,2,0,1
R,3831,9013,183.0,-39,-21,1017,2,0,1
R,3871,9058,186.3,-39,-21,1017,2,0,1
R,3910,9103,189.6,-39,-21,1017,2,0,0
R,3951,9148,193.0,-39,-21,1017,2,0,1
R,3991,9193,196.3,-39,-21,1016,2,0,1
R,4031,9237,199.7,-39,-21,1017,2,0,0
R,4071,9282,203.0,-39,-21,1017,2,0,1
R,4111,9327,206.4,-40,-20,1017,1,0,0
R,4151,9372,209.8,-40,-21,1017,2,0,1
R,4190,9417,213.2,-39,-21,1016,2,0,0
R,4231,9462,216.7,-40,-21,1017,2,0,0
R,4270,9507,220.1,-40,-21,1017,2,0,0
R,4311,9552,223.6,-40,-21,1016,2,0,0
R,4351,9597,227.1,-39,-21,1016,2,0,0
R,4391,9642,230.6,-39,-21,1017,2,0,1
R,4431,9686,234.2,-39,-22,1017,2,0,1
R,4471,9731,237.7,-39,-21,1016,2,0,0
R,4511,9776,241.3,-40,-21,1016,2,0,0
R,4551,9821,244.8,-40,-21,1017,2,0,1
R,4591,9866,248.4,-39,-21,1016,2,0,1
R,4631,9911,252.0,-40,-21,1017,2,0,1
R,4671,9956,255.6,-39,-21,1017,2,0,1
R,4711,10001,259.3,-39,-21,1016,2,0,0
R,4751,10046,262.9,-40,-21,1016,2,0,0
R,4791,10091,266.6,-39,-21,1016,2,0,0
R,4831,10135,270.3,-40,-22,1017,2,0,0
R,4870,10180,273.9,-40,-21,1017,2,0,1
R,4911,10225,277.7,-39,-21,1017,2,0,0
R,4951,10270,281.5,-39,-21,1017,2,0,0
R,4991,10315,285.2,-40,-21,1016,2,0,0
R,5030,10360,288.9,-39,-21,1016,2,0,0
R,5071,10405,292.8,-39,-21,1016,2,0,0
R,5111,10450,296.6,-40,-21,1017,2,0,1
R,5151,10495,300.4,-40,-21,1016,2,0,0
R,5191,10539,304.2,-39,-20,1017,2,0,0
R,5231,10584,308.1,-40,-20,1016,2,0,1
R,5271,10629,311.9,-40,-21,1018,2,0,0
R,5311,10674,315.8,-40,-21,1017,2,0,1
R,5351,10715,319.7,-40,-21,1017,2,0,0
R,5391,10750,323.6,-40,-21,1017,2,0,1
R,5431,10786,327.5,-39,-21,1016,2,0,1
R,5471,10821,331.5,-39,-21,1017,2,0,1
R,5511,10856,335.4,-39,-21,1016,2,0,0
R,5551,10892,339.4,-40,-21,1016,2,0,1
R,5591,10927,343.4,-40,-21,1016,2,0,0
R,5631,10962,347.4,-39,-21,1017,2,0,1
R,5671,10998,351.4,-39,-21,1017,2,0,0
R,5710,11033,355.3,-40,-21,1016,2,0,1
R,5751,11069,359.4,-40,-21,1016,2,0,0
R,5790,11104,363.4,-39,-21,1017,2,0,0
R,5831,11139,367.5,-40,-21,1017,2,0,0
R,5871,11175,371.6,-40,-21,1016,2,0,0
R,5911,11210,375.7,-40,-21,1017,2,0,0
R,5951,11245,379.8,-40,-21,1016,2,0,0
R,5991,11281,383.9,-40,-21,1017,2,0,1
R,6030,11316,387.9,-40,-20,1017,2,0,0
R,6071,11351,392.1,-40,-21,1017,2,0,0
R,6111,11387,396.3,-39,-21,1016,2,0,1
R,6151,11422,400.4,-40,-21,1017,2,0,0
R,6191,11457,404.6,-39,-21,1017,2,0,0
R,6231,11493,408.8,-40,-22,1017,2,0,1
R,6271,11528,413.0,-39,-20,1017,2,0,0
R,6311,11563,417.2,-40,-21,1017,2,0,0
R,6350,11599,421.3,-40,-20,1017,2,0,1
R,6391,11634,425.6,-40,-20,1017,2,0,1
R,6431,11669,429.9,-39,-21,1017,2,0,1
R,6471,11705,434.1,-39,-21,1018,2,0,0
R,6511,11740,438.4,-40,-21,1016,2,0,0
R,6551,11775,442.7,-39,-21,1017,2,0,0
R,6591,11811,447.0,-39,-21,1017,2,0,0
R,6631,11846,451.3,-39,-21,1016,2,0,0
R,6671,11882,455.6,-40,-22,1017,2,0,0
R,6711,11917,460.0,-40,-21,1017,2,0,0
R,6751,11952,464.3,-39,-22,1017,2,0,1
R,6791,11988,468.7,-40,-21,1017,2,0,0
R,6831,12023,473.1,-39,-21,1017,2,0,1
R,6870,12058,477.3,-40,-21,1017,2,0,0
R,6911,12094,481.8,-40,-22,1017,2,0,0
R,6951,12129,486.3,-40,-21,1016,2,0,0
R,6991,12164,490.7,-40,-21,1017,2,0,1
R,7031,12200,495.1,-39,-21,1017,2,0,1
R,7071,12235,499.6,-40,-21,1017,2,0,0
R,7110,12270,503.9,-39,-21,1018,2,0,0
R,7150,12306,508.4,-40,-21,1017,2,0,0
R,7191,12341,513.0,-39,-21,1018,1,0,1
R,7231,12376,517.5,-40,-21,1017,2,0,1
R,7271,12412,522.0,-40,-21,1017,2,0,0
R,7311,12447,526.6,-39,-20,1017,2,0,0
R,7351,12482,531.1,-39,-21,1017,2,0,1
R,7390,12518,535.6,-39,-21,1017,2,0,0
R,7431,12553,540.2,-39,-21,1016,2,0,0
R,7471,12589,544.8,-39,-22,1017,2,0,0
R,7510,12624,549.3,-40,-21,1016,2,0,0
R,7551,12659,554.0,-39,-21,1016,2,0,0
R,7590,12695,558.5,-39,-22,1017,2,0,0
R,7631,12730,563.3,-39,-22,1016,2,0,1
R,7671,12765,567.9,-39,-21,1017,2,0,0
R,7711,12801,572.6,-40,-22,1016,2,0,0
R,7750,12836,577.2,-39,-21,1017,2,0,0
R,7790,12871,581.8,-40,-21,1017,2,0,0
R,7831,12907,586.7,-40,-21,1017,2,0,0
R,7871,12942,591.4,-40,-21,1017,2,0,0
R,7911,12977,596.1,-39,-21,1017,2,0,1
R,7950,13013,600.7,-39,-22,1017,2,0,0
R,7991,13048,605.6,-39,-21,1017,2,0,1
R,8031,13083,610.3,-39,-21,1017,2,0,0
R,8071,13119,615.1,-40,-21,1017,2,0,0
R,8111,13154,619.9,-40,-21,1017,2,0,1
R,8151,13189,624.7,-40,-21,1018,2,0,1
R,8191,13225,629.5,-40,-20,1018,2,0,0
R,8231,13260,634.3,-40,-22,1017,2,0,0
R,8271,13295,639.2,-40,-21,1017,2,0,0
R,8311,13331,644.0,-40,-22,1017,2,0,1
R,8350,13364,648.8,-39,-21,1016,2,0,0
R,8391,13387,653.8,-39,-21,1017,2,0,1
R,8431,13410,658.7,-39,-21,1017,2,0,1
R,8471,13433,663.6,-39,-21,1016,2,0,0
R,8511,13457,668.5,-39,-21,1016,2,0,0
R,8551,13480,673.4,-40,-21,1017,2,0,0
R,8591,13503,678.3,-40,-21,1017,2,0,1
R,8630,13526,683.1,-39,-21,1017,2,0,0
R,8671,13549,688.2,-39,-21,1017,2,0,0
R,8711,13572,693.1,-40,-21,1018,2,0,1
R,8751,13595,698.0,-40,-21,1017,2,0,1
R,8791,13619,703.0,-40,-21,1017,2,0,0
R,8830,13642,707.9,-39,-21,1018,2,0,1
R,8871,13665,713.0,-38,-21,1017,2,0,0
R,8911,13688,717.9,-40,-20,1017,2,0,0
R,8951,13711,722.9,-40,-21,1016,2,0,1
R,8991,13734,727.9,-39,-22,1017,2,0,1
R,9031,13757,732.9,-39,-21,1016,2,0,0
R,9071,13781,738.0,-40,-20,1017,2,0,1
R,9110,13804,742.9,-39,-21,1016,2,0,0
R,9151,13827,748.0,-40,-21,1016,2,0,0
R,9190,13850,752.9,-40,-21,1017,2,0,0
R,9231,13873,758.1,-40,-21,1017,2,0,0
R,9271,13896,763.2,-40,-21,1017,2,0,0
R,9310,13919,768.1,-40,-21,1017,2,0,0
R,9351,13943,773.3,-39,-21,1017,2,0,1
R,9391,13966,778.4,-39,-21,1017,2,0,0
R,9431,13989,783.5,-39,-22,1018,2,0,1
R,9471,14012,788.6,-40,-21,1018,2,0,0
R,9510,14035,793.6,-39,-22,1017,2,0,0
R,9551,14058,798.9,-40,-22,1017,2,0,0
R,9591,14081,804.0,-40,-21,1017,2,0,1
R,9631,14105,809.1,-39,-21,1017,2,0,1
R,9671,14128,814.3,-40,-21,1017,2,0,1
R,9711,14151,819.4,-40,-21,1017,2,0,0
R,9751,14174,824.6,-39,-21,1017,2,0,0
R,9791,14197,829.8,-39,-21,1017,2,0,0
R,9831,14220,834.9,-40,-21,1017,2,0,1
R,9871,14243,840.1,-39,-21,1016,2,0,0
R,9911,14267,845.3,-39,-21,1017,2,0,1
R,9951,14290,850.5,-39,-21,1018,2,0,1
R,9991,14313,855.7,-40,-21,1017,2,0,1
R,10031,14336,861.0,-40,-21,1018,2,0,1
R,10071,14359,866.2,-40,-21,1018,2,0,0
R,10111,14382,871.4,-39,-21,1016,2,-1,0
R,10151,14405,876.7,-40,-21,1016,2,0,0
R,10191,14429,881.9,-40,-21,1017,2,0,0
R,10231,14452,887.2,-39,-22,1017,2,0,0
R,10270,14475,892.3,-39,-21,1017,2,0,0
R,10311,14498,897.7,-39,-20,1017,2,0,0
R,10351,14521,903.0,-40,-21,1016,2,0,0
R,10391,14544,908.3,-39,-21,1017,2,0,0
R,10430,14567,913.5,-39,-21,1017,2,0,1
R,10471,14590,919.0,-40,-21,1018,2,0,0
R,10511,14614,924.3,-39,-21,1018,2,0,0
R,10551,14637,929.6,-40,-21,1017,2,0,0
R,10591,14660,935.0,-39,-22,1017,2,0,0
R,10631,14683,940.3,-39,-20,1017,2,0,0
R,10671,14706,945.7,-39,-21,1017,2,0,0
R,10711,14729,951.0,-40,-21,1017,2,0,1
R,10751,14752,956.4,-39,-23,1017,2,0,0
R,10791,14776,961.8,-39,-22,1017,2,0,0
R,10831,14799,967.2,-40,-21,1017,2,0,0
R,10871,14822,972.6,-39,-21,1017,2,0,0
R,10911,14845,978.0,-39,-21,1017,2,0,0
R,10951,14868,983.4,-39,-21,1016,2,0,1
R,10991,14891,988.8,-39,-21,1017,2,0,1
R,11030,14914,994.1,-40,-21,1017,2,0,0
R,11071,14938,999.7,-39,-21,1017,2,0,0
R,11111,14961,1005.1,-39,-21,1016,2,0,0
R,11151,14984,1010.6,-39,-21,1016,2,0,0
R,11191,15007,1016.1,-40,-22,1017,2,0,0
R,11231,15030,1021.5,-40,-21,1017,2,0,1
R,11271,15053,1027.0,-39,-21,1017,2,0,0
R,11311,15076,1032.5,-39,-21,1017,2,0,0
R,11351,15100,1038.0,-39,-20,1016,2,0,0
R,11391,15123,1043.5,-40,-21,1017,2,0,1
R,11431,15146,1049.0,-39,-21,1017,2,0,0
R,11471,15169,1054.6,-40,-21,1016,2,0,0
R,11510,15192,1060.0,-39,-21,1017,2,0,0
R,11551,15215,1065.6,-39,-21,1017,2,0,0
R,11591,15238,1071.2,-39,-21,1017,2,0,1
R,11631,15262,1076.7,-39,-20,1017,2,0,0
R,11671,15285,1082.3,-40,-21,1017,2,0,1
R,11711,15308,1087.9,-39,-21,1017,2,0,0
R,11751,15331,1093.5,-40,-21,1018,2,0,1
R,11791,15354,1099.1,-39,-21,1017,2,0,1
R,11830,15377,1104.5,-39,-21,1017,2,0,1
R,11871,15400,1110.3,-40,-21,1017,2,0,1
R,11911,15424,1115.9,-41,-21,1017,2,0,0
R,11951,15447,1121.5,-38,-20,1017,2,0,0
R,11991,15470,1127.2,-40,-21,1018,2,0,1
R,12031,15493,1132.8,-40,-22,1017,2,-1,0
R,12071,15516,1138.5,-40,-21,1017,2,0,0
R,12111,15539,1144.1,-39,-21,1017,2,0,1
R,12151,15562,1149.8,-39,-20,1017,2,0,0
R,12191,15586,1155.5,-40,-21,1018,2,0,0
R,12231,15609,1161.2,-40,-21,1016,2,0,1
R,12271,15632,1166.8,-39,-21,1017,2,0,1
R,12311,15655,1172.5,-39,-21,1017,2,0,1
R,12351,15678,1178.3,-39,-20,1018,2,0,1
R,12391,15701,1184.0,-40,-21,1017,2,0,0
R,12430,15724,1189.6,-39,-21,1016,2,0,0
R,12471,15748,1195.4,-39,-21,1017,2,0,0
R,12511,15771,1201.2,-39,-21,1017,2,0,1
R,12551,15794,1206.9,-39,-21,1017,2,0,0
R,12591,15817,1212.7,-39,-21,1017,2,0,0
R,12631,15840,1218.5,-39,-21,1017,2,0,0
R,12671,15863,1224.3,-40,-21,1017,2,0,0
R,12711,15886,1230.0,-40,-20,1017,2,0,1
R,12751,15910,1235.8,-40,-22,1016,2,0,0
R,12791,15933,1241.6,-40,-21,1016,2,0,0
R,12830,15956,1247.3,-40,-22,1016,2,0,0
R,12870,15979,1253.1,-39,-20,1017,2,0,0
R,12911,16002,1259.1,-39,-21,1016,2,0,0
R,12951,16025,1264.9,-39,-21,1016,2,0,0
R,12991,16048,1270.8,-40,-21,1017,2,0,0
R,13030,16071,1276.5,-39,-21,1017,2,0,0
R,13071,16095,1282.5,-39,-21,1017,2,0,0
R,13111,16118,1288.4,-39,-21,1017,2,0,0
R,13151,16141,1294.3,-40,-21,1017,2,0,1
R,13191,16143,1300.1,-40,-21,1017,2,0,0
R,13231,16044,1306.0,-39,-21,1016,2,0,0
R,13271,15946,1311.8,-39,-21,1016,2,0,0
R,13311,15847,1317.6,-39,-21,1016,2,0,0
R,13351,15749,1323.4,-39,-21,1017,2,0,0
[dump] J60 t_ms=1878
[dump] J330 t_ms=5352 vcross_x100=10817 vtrap_x100=10450
[dump] J660 t_ms=8336 vcross_x100=13421 vtrap_x100=13215
[dump] J1320 t_ms=13220 vcross_x100=15790 vtrap_x100=16058
[dump] FIN RUN #1 t60=1878 t330=5352 t660=8336 t1320=13220
