[dump] RUN #1 heure=23:27:34 src=SEUIL_GPS rollout_ms=0 unit=ALLO9 dyn=4 rate_ms=40 gps=1 pre=7 imuf=2/7 ecu=HP statut=TERMINE
[dump] CAL cal=1 gxo_cdps=23 gyo_cdps=-6 gzo_cdps=8 cal_tempC=43 run_tempC=25
[dump] colonnes: R,elapsed_ms,kmh_x100,dist_ft,ax_mg,ay_mg,az_mg,gx_ds10,gy_ds10,gz_ds10
R,-1383,40,0.0,-40,-21,1016,2,0,0
R,-1185,40,0.0,-39,-22,1016,2,0,0
R,-989,40,0.0,-40,-21,1016,2,0,0
R,-795,40,0.0,-40,-21,1016,2,0,0
R,-583,40,0.0,-40,-21,1016,2,0,0
R,-390,40,0.0,-40,-22,1016,2,0,0
R,-197,40,0.0,-40,-21,1017,2,0,1
R,223,1509,2.1,-40,-21,1017,2,0,0
R,263,1676,2.7,-40,-21,1017,2,0,1
R,304,1842,3.4,-40,-21,1016,2,0,0
R,344,2009,4.1,-40,-21,1016,2,0,0
R,384,2175,4.8,-40,-20,1017,2,0,0
R,424,2288,5.6,-40,-21,1018,2,0,0
R,464,2392,6.5,-40,-20,1017,2,0,1
R,504,2496,7.4,-40,-20,1017,2,0,0
R,544,2600,8.3,-40,-20,1016,2,0,0
R,584,2704,9.3,-40,-21,1016,2,0,0
R,624,2808,10.3,-40,-21,1016,2,0,0
R,663,2912,11.3,-40,-21,1017,2,0,0
R,703,3016,12.4,-39,-21,1016,2,0,0
R,744,3120,13.5,-40,-20,1017,2,0,0
R,784,3224,14.7,-40,-22,1017,2,0,0
R,825,3331,15.9,-40,-20,1017,2,0,0
R,865,3435,17.1,-40,-20,1017,2,0,0
R,905,3520,18.4,-40,-21,1017,2,0,0
R,945,3572,19.7,-40,-21,1016,2,0,1
R,985,3624,21.0,-40,-21,1016,2,0,0
R,1025,3676,22.3,-40,-21,1017,2,0,0
R,1065,3728,23.7,-39,-21,1017,2,0,0
R,1105,3779,25.1,-40,-20,1017,2,0,0
R,1145,3831,26.4,-40,-21,1016,2,0,0
R,1185,3884,27.9,-40,-21,1017,2,0,0
R,1225,3936,29.3,-40,-21,1017,2,0,0
R,1265,3988,30.7,-40,-21,1017,2,0,1
R,1305,4040,32.2,-40,-22,1017,2,0,0
R,1345,4092,33.7,-40,-21,1016,2,0,1
R,1385,4144,35.2,-40,-21,1016,2,0,0
R,1425,4196,36.7,-40,-22,1016,2,0,0
R,1465,4248,38.2,-40,-21,1017,2,0,0
R,1505,4300,39.8,-39,-21,1017,2,0,0
R,1544,4352,41.3,-40,-21,1016,2,0,0
R,1585,4404,43.0,-40,-21,1016,2,0,0
R,1625,4456,44.6,-40,-22,1017,2,0,0
R,1665,4508,46.2,-40,-21,1017,2,0,0
R,1705,4560,47.9,-39,-21,1016,2,0,0
R,1745,4612,49.5,-40,-21,1016,2,0,0
R,1784,4664,51.2,-40,-22,1016,2,0,0
R,1825,4716,52.9,-40,-22,1017,2,0,0
R,1865,4768,54.7,-40,-22,1017,2,0,0
R,1905,4837,56.4,-40,-20,1016,2,0,0
R,1945,4936,58.2,-40,-20,1016,2,0,0
R,1985,5034,60.0,-39,-21,1016,2,0,0
R,2025,5133,61.9,-40,-21,1016,2,0,0
R,2065,5232,63.8,-40,-21,1016,2,0,0
R,2105,5330,65.7,-40,-21,1017,2,0,0
R,2147,5436,67.7,-39,-21,1016,2,0,0
R,2188,5535,69.8,-39,-22,1017,2,0,0
R,2228,5634,71.8,-40,-21,1018,2,0,0
R,2267,5732,73.8,-40,-21,1017,2,0,0
R,2308,5831,76.0,-40,-21,1017,2,0,0
R,2348,5930,78.2,-40,-21,1017,2,0,0
R,2388,6028,80.3,-40,-21,1016,2,0,0
R,2428,6127,82.5,-40,-21,1016,2,0,0
R,2468,6226,84.8,-39,-22,1017,2,0,0
R,2508,6324,87.1,-40,-21,1017,2,0,0
R,2548,6423,89.4,-40,-21,1016,2,0,1
R,2588,6522,91.8,-40,-21,1017,2,0,1
R,2628,6620,94.2,-40,-21,1017,2,0,0
R,2668,6719,96.6,-40,-21,1016,2,0,0
R,2708,6818,99.1,-40,-21,1016,2,0,0
R,2747,6916,101.5,-40,-21,1016,2,0,0
R,2799,7042,104.8,-40,-20,1016,2,0,0
R,2838,7141,107.3,-39,-20,1017,2,0,1
R,2879,7240,110.0,-40,-21,1017,2,0,0
R,2919,7338,112.7,-39,-21,1017,2,0,0
R,2959,7437,115.4,-40,-21,1017,2,0,0
R,2998,7536,118.0,-39,-21,1016,2,0,0
R,3039,7634,120.9,-40,-22,1017,2,0,0
R,3079,7733,123.7,-40,-22,1017,2,0,0
R,3119,7832,126.5,-40,-21,1017,2,0,0
R,3159,7930,129.4,-39,-21,1017,2,0,0
R,3199,8029,132.3,-39,-21,1017,2,0,0
R,3239,8128,135.2,-39,-22,1017,2,0,0
R,3279,8226,138.2,-40,-21,1016,2,0,0
R,3319,8325,141.2,-40,-21,1017,2,0,0
R,3359,8424,144.3,-40,-21,1017,2,0,0
R,3399,8510,147.4,-40,-21,1017,2,0,0
R,3448,8566,151.2,-40,-21,1017,2,0,0
R,3489,8611,154.4,-40,-21,1017,2,0,0
R,3529,8656,157.5,-40,-20,1017,2,0,0
R,3569,8701,160.7,-40,-21,1016,2,0,0
R,3609,8746,163.9,-39,-21,1017,2,0,0
R,3649,8791,167.1,-40,-21,1017,2,0,0
R,3689,8836,170.3,-39,-21,1017,2,0,0
R,3729,8881,173.5,-40,-22,1017,2,0,0
R,3769,8925,176.8,-40,-21,1016,2,0,0
R,3809,8970,180.0,-40,-22,1017,2,0,1
R,3848,9015,183.2,-40,-21,1017,2,0,0
R,3888,9060,186.5,-40,-21,1017,2,0,0
R,3929,9105,189.9,-40,-21,1016,2,0,1
R,3969,9150,193.2,-40,-21,1016,2,0,0
R,4009,9195,196.6,-40,-20,1016,2,0,0
R,4049,9240,199.9,-40,-21,1017,2,0,0
R,4094,9291,203.7,-40,-21,1016,2,0,0
R,4135,9336,207.2,-40,-21,1017,2,0,0
R,4175,9381,210.6,-40,-21,1017,2,0,1
R,4215,9426,214.1,-40,-21,1017,2,0,0
R,4255,9471,217.5,-40,-20,1017,2,0,0
R,4295,9516,221.0,-40,-21,1016,2,0,1
R,4335,9561,224.4,-40,-21,1016,2,0,1
R,4375,9606,227.9,-39,-21,1017,2,0,0
R,4414,9651,231.4,-39,-21,1017,2,0,0
R,4455,9695,235.0,-40,-21,1017,2,0,0
R,4495,9740,238.5,-40,-20,1017,2,0,0
R,4535,9785,242.1,-40,-21,1017,2,0,0
R,4575,9830,245.6,-39,-21,1017,2,0,0
R,4615,9875,249.2,-39,-21,1017,2,0,0
R,4654,9920,252.8,-40,-21,1017,2,0,0
R,4695,9965,256.5,-40,-21,1016,2,0,0
R,4744,10021,260.9,-39,-20,1016,2,0,0
R,4785,10066,264.7,-40,-21,1016,2,0,0
R,4825,10111,268.4,-40,-21,1017,2,0,0
R,4865,10156,272.1,-40,-21,1017,2,0,0
R,4904,10201,275.7,-40,-21,1017,2,0,0
R,4945,10245,279.5,-40,-21,1017,2,0,0
R,4984,10290,283.1,-40,-21,1016,2,0,0
R,5025,10335,287.0,-40,-21,1017,2,0,1
R,5065,10380,290.8,-40,-22,1017,2,0,0
R,5104,10425,294.5,-40,-20,1016,2,0,0
R,5145,10470,298.4,-40,-21,1017,2,0,0
R,5185,10515,302.2,-40,-22,1017,2,0,0
R,5225,10560,306.0,-40,-21,1017,2,0,1
R,5265,10605,309.9,-40,-21,1017,1,0,0
R,5305,10649,313.8,-40,-22,1016,2,0,0
R,5345,10694,317.7,-40,-21,1017,2,0,0
R,5396,10741,322.6,-40,-21,1016,2,0,0
R,5436,10776,326.6,-40,-21,1017,2,0,1
R,5476,10811,330.5,-40,-21,1016,2,0,0
R,5516,10847,334.4,-40,-21,1016,2,0,0
R,5556,10882,338.4,-40,-21,1018,2,0,0
R,5596,10917,342.4,-40,-21,1017,2,0,0
R,5636,10953,346.4,-40,-21,1017,2,0,0
R,5676,10988,350.4,-40,-21,1017,2,0,0
R,5716,11023,354.4,-40,-21,1016,2,0,0
R,5756,11059,358.4,-40,-21,1016,2,0,0
R,5796,11094,362.4,-40,-21,1016,2,0,1
R,5836,11129,366.5,-39,-21,1017,2,0,0
R,5876,11165,370.6,-39,-22,1017,2,0,0
R,5916,11200,374.6,-39,-20,1017,2,0,0
R,5956,11236,378.7,-40,-20,1016,2,0,0
R,5996,11271,382.8,-40,-21,1016,1,0,0
R,6045,11315,387.9,-40,-22,1017,2,0,0
R,6086,11350,392.1,-40,-21,1017,2,0,0
R,6126,11386,396.2,-40,-21,1017,2,0,0
R,6166,11421,400.4,-40,-21,1017,2,0,0
R,6206,11456,404.6,-40,-21,1017,2,0,0
R,6246,11492,408.8,-40,-21,1016,2,0,0
R,6286,11527,413.0,-40,-21,1017,2,0,0
R,6326,11563,417.2,-40,-21,1017,2,0,0
R,6365,11598,421.3,-40,-21,1017,2,0,0
R,6406,11633,425.6,-40,-21,1016,2,0,0
R,6446,11669,429.9,-40,-21,1016,2,0,0
R,6486,11704,434.1,-40,-21,1017,2,0,0
R,6526,11739,438.4,-40,-21,1017,2,0,1
R,6566,11775,442.7,-39,-21,1016,2,0,0
R,6605,11810,446.9,-40,-22,1017,2,0,1
R,6646,11845,451.3,-40,-21,1016,2,0,1
R,6693,11887,456.4,-40,-21,1016,2,0,1
R,6733,11922,460.7,-40,-20,1017,2,0,0
R,6773,11958,465.1,-40,-21,1016,2,0,0
R,6813,11993,469.4,-40,-21,1017,2,0,0
R,6853,12028,473.8,-39,-21,1017,2,0,0
R,6893,12064,478.2,-40,-21,1017,2,0,1
R,6933,12099,482.6,-40,-21,1017,2,0,0
R,6973,12134,487.0,-40,-21,1016,2,0,0
R,7013,12170,491.5,-40,-21,1017,2,0,0
R,7053,12205,495.9,-40,-21,1016,2,0,0
R,7093,12240,500.4,-40,-21,1018,2,0,0
R,7133,12276,504.8,-40,-21,1017,2,0,0
R,7173,12311,509.3,-40,-21,1016,2,0,0
R,7213,12346,513.8,-40,-21,1016,2,0,0
R,7253,12382,518.3,-39,-21,1016,1,0,1
R,7292,12417,522.7,-39,-21,1017,2,0,0
R,7340,12459,528.2,-39,-21,1016,2,0,0
R,7381,12495,532.8,-40,-22,1016,2,0,0
R,7421,12530,537.4,-39,-21,1016,2,0,0
R,7461,12566,541.9,-40,-22,1017,1,0,0
R,7501,12601,546.5,-40,-20,1016,2,0,0
R,7541,12636,551.1,-40,-21,1017,2,0,0
R,7581,12672,555.7,-40,-20,1016,2,0,1
R,7621,12707,560.4,-40,-21,1016,2,0,0
R,7661,12742,565.0,-39,-21,1016,2,0,0
R,7701,12778,569.7,-40,-21,1016,2,0,0
R,7741,12813,574.3,-40,-21,1016,2,0,0
R,7781,12848,579.0,-40,-22,1016,2,0,0
R,7821,12884,583.7,-40,-21,1016,2,0,0
R,7861,12919,588.4,-39,-20,1016,2,0,0
R,7901,12954,593.1,-40,-21,1017,2,0,1
R,7940,12990,597.7,-40,-21,1017,2,0,0
R,7992,13036,603.9,-40,-21,1017,2,0,0
R,8034,13072,608.9,-40,-21,1016,2,0,1
R,8074,13107,613.7,-39,-21,1016,2,0,0
R,8114,13143,618.4,-40,-21,1017,2,0,1
R,8154,13178,623.2,-39,-21,1017,2,0,1
R,8195,13214,628.2,-40,-21,1016,2,0,0
R,8234,13250,632.9,-40,-21,1017,2,0,0
R,8275,13285,637.8,-40,-21,1016,2,0,0
R,8315,13320,642.7,-40,-21,1016,2,0,0
R,8354,13356,647.4,-40,-21,1017,2,0,0
R,8395,13380,652.4,-39,-20,1016,2,0,0
R,8434,13403,657.2,-40,-21,1016,2,0,0
R,8474,13427,662.1,-39,-21,1017,2,0,0
R,8515,13450,667.1,-40,-21,1017,2,0,0
R,8555,13473,672.0,-40,-21,1016,2,0,0
R,8595,13496,676.9,-40,-22,1017,2,0,0
R,8641,13523,682.6,-40,-21,1017,2,0,0
R,8681,13546,687.5,-39,-21,1017,2,0,0
R,8721,13569,692.5,-39,-21,1016,2,0,0
R,8761,13592,697.4,-39,-21,1016,2,0,0
R,8801,13615,702.4,-40,-21,1017,2,0,0
R,8841,13638,707.3,-39,-21,1016,2,0,0
R,8880,13661,712.2,-40,-21,1017,2,0,0
R,8921,13685,717.3,-40,-22,1016,2,0,0
R,8961,13708,722.3,-41,-22,1016,2,0,0
R,9000,13731,727.2,-40,-21,1016,2,0,0
R,9041,13754,732.3,-40,-21,1016,2,0,0
R,9081,13777,737.3,-40,-21,1016,2,0,0
R,9121,13800,742.3,-40,-21,1017,2,0,0
R,9161,13823,747.4,-40,-22,1017,2,0,0
R,9201,13847,752.4,-40,-21,1017,2,0,0
R,9241,13870,757.5,-40,-22,1017,2,0,1
R,9287,13897,763.3,-40,-21,1016,2,0,0
R,9327,13920,768.4,-40,-21,1016,2,0,0
R,9367,13943,773.4,-40,-21,1016,2,0,0
R,9408,13966,778.7,-40,-21,1018,2,0,0
R,9448,13989,783.7,-40,-21,1017,2,0,0
R,9488,14013,788.9,-40,-21,1017,2,0,0
R,9528,14036,794.0,-40,-21,1016,2,0,0
R,9568,14059,799.1,-40,-20,1016,2,0,0
R,9608,14082,804.2,-40,-21,1016,2,0,0
R,9648,14105,809.4,-40,-21,1016,2,0,0
R,9687,14128,814.4,-40,-21,1016,2,0,1
R,9728,14151,819.7,-40,-21,1016,2,0,0
R,9768,14175,824.8,-40,-21,1017,2,0,0
R,9808,14198,830.0,-40,-21,1017,2,0,0
R,9848,14221,835.2,-40,-21,1016,2,0,0
R,9888,14244,840.4,-40,-21,1017,2,0,0
R,9937,14273,846.7,-40,-22,1016,2,0,0
R,9978,14296,852.1,-40,-21,1016,2,0,0
R,10018,14319,857.3,-40,-20,1016,2,0,1
R,10058,14342,862.5,-39,-21,1017,1,0,0
R,10098,14365,867.7,-40,-21,1016,2,0,0
R,10138,14389,873.0,-40,-22,1017,2,0,1
R,10178,14412,878.2,-39,-20,1016,2,0,0
R,10218,14435,883.5,-40,-21,1016,2,0,0
R,10258,14458,888.7,-39,-20,1017,2,0,0
R,10298,14481,894.0,-39,-21,1017,2,0,0
R,10338,14504,899.3,-39,-21,1017,2,0,0
R,10378,14527,904.6,-40,-21,1017,2,0,0
R,10418,14551,909.9,-40,-21,1016,2,0,0
R,10458,14574,915.2,-40,-21,1017,2,0,0
R,10498,14597,920.5,-40,-21,1016,2,0,0
R,10538,14620,925.8,-39,-22,1016,2,0,0
R,10586,14648,932.2,-40,-23,1016,2,0,0
R,10627,14671,937.7,-40,-21,1016,2,0,0
R,10667,14695,943.1,-40,-21,1016,2,0,0
R,10707,14718,948.4,-40,-21,1017,2,0,0
R,10747,14741,953.8,-40,-22,1016,2,0,1
R,10787,14764,959.2,-40,-21,1017,1,0,0
R,10827,14787,964.6,-39,-21,1016,2,0,0
R,10867,14810,970.0,-40,-21,1017,2,0,0
R,10907,14833,975.4,-39,-21,1016,2,0,0
R,10947,14857,980.8,-40,-21,1016,2,0,0
R,10987,14880,986.2,-40,-21,1017,2,0,0
R,11027,14903,991.6,-39,-22,1016,2,0,0
R,11067,14926,997.1,-40,-21,1017,2,0,0
R,11107,14949,1002.5,-40,-21,1016,2,0,0
R,11147,14972,1008.0,-39,-21,1016,2,0,0
R,11186,14995,1013.3,-40,-21,1017,2,0,0
R,11235,15024,1020.0,-39,-21,1016,2,0,0
R,11276,15047,1025.6,-40,-21,1016,2,0,0
R,11315,15070,1031.0,-40,-21,1016,2,0,0
R,11356,15093,1036.6,-40,-21,1016,2,0,0
R,11396,15116,1042.1,-39,-22,1016,2,0,0
R,11435,15140,1047.5,-40,-21,1016,2,0,0
R,11476,15163,1053.1,-40,-22,1016,2,0,1
R,11515,15186,1058.5,-40,-21,1016,2,0,0
R,11556,15209,1064.2,-39,-21,1016,2,0,0
R,11596,15232,1069.8,-40,-22,1017,2,0,0
R,11635,15255,1075.2,-40,-21,1017,2,0,0
R,11676,15278,1080.9,-40,-21,1017,2,0,0
R,11716,15301,1086.5,-40,-21,1016,2,0,0
R,11756,15325,1092.0,-40,-22,1017,2,0,0
R,11796,15348,1097.6,-39,-21,1016,2,0,0
R,11836,15371,1103.2,-40,-21,1016,2,0,0
R,11887,15401,1110.4,-40,-21,1016,2,0,0
R,11927,15424,1116.0,-40,-21,1017,2,0,0
R,11968,15447,1121.8,-40,-20,1017,2,0,0
R,12008,15470,1127.4,-40,-21,1017,2,0,0
R,12048,15494,1133.0,-40,-21,1017,2,0,0
R,12088,15517,1138.7,-40,-20,1016,2,0,0
R,12128,15540,1144.4,-40,-21,1017,2,0,0
R,12168,15563,1150.0,-40,-22,1016,2,0,0
R,12207,15586,1155.6,-40,-21,1017,2,0,0
R,12248,15609,1161.4,-40,-21,1016,2,0,0
R,12288,15632,1167.1,-40,-20,1017,2,0,0
R,12328,15656,1172.8,-40,-21,1016,2,0,0
R,12368,15679,1178.5,-40,-22,1016,2,0,0
R,12408,15702,1184.2,-39,-22,1017,2,0,0
R,12448,15725,1190.0,-40,-21,1016,2,0,0
R,12488,15748,1195.7,-39,-21,1016,2,0,0
R,12533,15775,1202.2,-40,-22,1016,2,0,0
R,12574,15798,1208.0,-40,-21,1016,2,0,0
R,12613,15821,1213.7,-39,-20,1016,2,0,0
R,12654,15844,1219.6,-40,-21,1016,2,0,0
R,12694,15867,1225.4,-40,-20,1016,2,0,0
R,12734,15890,1231.2,-39,-20,1016,2,0,0
R,12774,15914,1236.9,-40,-21,1017,2,0,0
R,12814,15937,1242.8,-40,-21,1017,2,0,0
R,12855,15960,1248.7,-40,-21,1016,2,0,0
R,12894,15984,1254.4,-40,-21,1016,2,0,0
R,12935,16007,1260.4,-40,-21,1017,2,0,0
R,12974,16030,1266.1,-40,-21,1016,2,0,1
R,13015,16053,1272.1,-40,-21,1016,2,0,0
R,13055,16076,1277.9,-40,-21,1017,2,0,0
R,13095,16099,1283.8,-40,-21,1016,2,0,0
R,13135,16122,1289.6,-40,-22,1017,2,0,0
R,13183,16151,1296.7,-40,-21,1017,2,0,0
R,13224,16101,1302.7,-40,-21,1016,2,0,0
R,13264,16002,1308.6,-40,-21,1017,2,0,0
R,13304,15904,1314.4,-39,-21,1017,2,0,0
R,13344,15806,1320.2,-40,-21,1016,2,0,0
R,13384,15707,1325.9,-40,-22,1016,2,0,0
[dump] J60 t_ms=1901
[dump] J330 t_ms=5376 vcross_x100=10816 vtrap_x100=10450
[dump] J660 t_ms=8360 vcross_x100=13422 vtrap_x100=13215
[dump] J1320 t_ms=13245 vcross_x100=15792 vtrap_x100=16022
[dump] FIN RUN #1 t60=1901 t330=5376 t660=8360 t1320=13245
