[dump] === board=20881255F188 fw=v7.4.00 -- 1 run(s) en memoire ===
[dump] RUN #1 heure=12:34:36 src=SEUIL_GPS rollout_ms=0 statut=ABANDON
[dump] colonnes: R,elapsed_ms,kmh_x100,dist_ft,ax_mg,ay_mg,az_mg,gx_ds10,gy_ds10,gz_ds10
R,41,203,0.1,130,-126,997,0,-14,-8
R,81,236,0.1,131,-122,1003,-1,-13,-8
R,121,218,0.2,122,-127,1015,-3,-15,-8
R,160,191,0.3,137,-121,1022,-2,-18,-8
R,201,158,0.4,127,-125,993,-4,-14,-6
R,251,113,0.4,130,-122,1003,-7,-15,-7
R,281,70,0.5,121,-113,997,-12,-23,-8
R,321,127,0.5,51,-367,1364,-935,229,-698
R,361,303,0.6,10,-193,824,-1036,377,-1472
R,401,407,0.7,233,-138,-3,801,-91,-501
R,441,474,0.9,22,-13,1062,668,-40,-190
R,481,497,1.0,419,-141,725,-199,88,92
R,521,483,1.2,-78,-254,1035,51,-77,42
R,561,455,1.4,160,-145,954,39,-14,15
R,601,419,1.5,115,-128,1007,12,-17,7
R,640,379,1.7,126,-120,1004,24,-21,19
R,681,338,1.8,142,-114,1002,84,-31,57
R,721,285,1.9,118,-120,1006,0,-18,0
R,761,237,2.0,125,-125,1017,0,-15,0
R,801,204,2.1,124,-121,1003,-3,-13,2
R,841,155,2.2,116,-112,1005,-1,-16,12
R,892,118,2.2,114,-120,1007,-2,-23,67
R,920,115,2.3,117,-139,932,15,-18,82
R,960,118,2.3,121,-109,991,0,-33,141
R,1000,134,2.4,164,-130,1024,-2,-20,63
R,1040,156,2.4,124,-129,1016,-3,-18,-4
R,1080,152,2.5,126,-128,1002,-3,-12,-8
R,1120,115,2.5,123,-127,1001,-1,-13,-8
R,1160,85,2.5,93,-183,963,-4,-5,34
R,1201,104,2.6,122,-127,1006,0,-14,-7
R,1250,133,2.6,122,-130,976,0,-6,-7
R,1280,140,2.7,123,-122,1015,-4,-10,-5
R,1320,139,2.7,128,-131,1030,-5,-11,-4
R,1360,138,2.8,123,-127,1004,-4,-12,-4
R,1400,146,2.8,123,-124,1012,-3,-13,-4
R,1440,153,2.9,123,-127,1003,-2,-14,-7
R,1480,160,2.9,118,-124,994,-2,-12,-6
R,1539,140,3.0,126,-121,1011,-4,-12,-7
R,1561,121,3.0,116,-121,996,0,-14,-8
R,1601,113,3.1,120,-123,991,-1,-13,-7
R,1641,113,3.1,128,-123,1020,-3,-13,-8
R,1681,110,3.2,127,-125,1001,-3,-12,-7
R,1721,98,3.2,121,-129,1008,-3,-12,-7
R,1761,75,3.2,119,-120,984,0,-14,-6
R,1801,58,3.3,124,-125,1019,-2,-12,-6
R,1841,49,3.3,124,-120,1005,0,-12,-7
R,1880,47,3.3,124,-126,1015,-1,-13,-6
R,1921,45,3.3,128,-125,1004,-1,-13,-8
R,1961,52,3.3,128,-119,1010,-2,-14,-7
R,2001,59,3.4,131,-125,1026,-5,-12,-5
R,2043,52,3.4,117,-129,1027,0,-12,-6
R,2081,40,3.4,122,-122,1000,-1,-13,-7
R,2121,13,3.4,123,-125,1009,-1,-13,-7
R,2162,17,3.4,128,-126,1012,-1,-12,-7
R,2201,35,3.4,120,-122,999,0,-12,-6
R,2251,34,3.4,123,-118,989,0,-12,-6
R,2280,36,3.4,125,-116,1023,-1,-14,-5
R,2321,25,3.5,127,-123,1008,-3,-13,-5
R,2361,14,3.5,125,-116,1024,-1,-13,-5
R,2401,18,3.5,124,-122,998,0,-12,-5
R,2441,19,3.5,128,-120,1011,0,-14,-6
R,2481,11,3.5,132,-125,1002,0,-14,-6
R,2521,9,3.5,121,-124,1008,-2,-11,-7
R,2560,15,3.5,122,-121,1003,-2,-12,-6
R,2601,22,3.5,121,-121,1002,-1,-12,-6
R,2640,18,3.5,125,-125,1012,-2,-12,-6
R,2680,11,3.5,122,-122,1007,0,-12,-6
R,2721,4,3.5,127,-123,1017,-2,-12,-7
R,2760,7,3.5,128,-129,1014,-2,-14,-7
R,2801,7,3.5,126,-128,1022,-2,-12,-7
R,2841,7,3.5,129,-132,996,-1,-15,-6
R,2881,3,3.5,126,-132,1007,-3,-12,-6
R,2920,3,3.5,115,-118,992,-1,-13,-7
R,2961,8,3.5,123,-124,1002,-1,-13,-7
R,3000,6,3.5,132,-123,1024,-2,-11,-1
R,3041,6,3.5,121,-126,985,2,-11,0
R,3082,9,3.5,124,-120,999,0,-11,0
R,3120,5,3.5,126,-124,1015,0,-10,1
R,3160,6,3.5,125,-122,1010,0,-10,1
R,3201,12,3.5,125,-122,1021,-1,-10,1
R,3251,11,3.5,125,-124,1014,0,-12,1
R,3281,4,3.5,131,-122,1003,0,-11,0
R,3322,3,3.5,123,-122,997,0,-10,1
R,3360,3,3.5,127,-127,995,2,-10,3
R,3400,2,3.5,124,-123,1002,0,-10,2
R,3441,6,3.5,124,-130,990,1,-11,1
R,3488,4,3.5,121,-120,990,0,-12,1
R,3520,5,3.6,127,-127,1001,0,-11,2
R,3561,1,3.6,120,-116,1012,0,-11,1
R,3601,5,3.6,127,-122,1014,0,-11,1
R,3641,3,3.6,123,-127,972,2,-11,1
R,3681,5,3.6,120,-124,989,1,-11,1
R,3721,4,3.6,124,-126,1016,0,-11,2
R,3761,5,3.6,123,-124,1007,0,-11,2
R,3801,11,3.6,122,-125,1012,0,-13,2
R,3841,14,3.6,132,-124,1008,0,-12,1
R,3881,10,3.6,127,-124,1016,0,-11,2
R,3921,8,3.6,121,-126,998,0,-11,2
R,3961,5,3.6,114,-131,989,0,-11,2
R,4000,5,3.6,125,-121,1005,1,-12,2
R,4041,9,3.6,121,-121,1021,0,-11,2
R,4081,3,3.6,126,-122,1015,1,-12,3
R,4137,5,3.6,119,-126,981,2,-10,1
R,4161,8,3.6,126,-127,993,0,-10,1
R,4201,5,3.6,117,-131,987,2,-11,2
R,4251,6,3.6,125,-125,1013,0,-10,4
R,4281,8,3.6,122,-123,1004,1,-10,3
R,4321,11,3.6,122,-131,993,0,-9,3
R,4361,6,3.6,121,-122,1000,0,-11,2
R,4401,5,3.6,128,-128,1007,0,-12,2
R,4441,5,3.6,126,-126,1004,0,-11,3
R,4481,12,3.6,126,-127,994,0,-11,2
R,4520,24,3.6,117,-123,999,1,-11,2
R,4561,23,3.6,125,-120,1017,0,-11,3
R,4601,3,3.6,121,-119,994,2,-11,4
R,4641,14,3.6,134,-125,1035,1,-12,4
R,4681,8,3.6,132,-125,994,1,-10,5
R,4721,13,3.6,121,-131,1014,0,-9,2
R,4761,26,3.6,118,-126,987,-3,-11,3
R,4801,35,3.7,121,-123,979,2,-10,3
R,4841,33,3.7,124,-116,1002,4,-11,3
R,4880,13,3.7,129,-123,1018,-2,-10,4
R,4920,25,3.7,125,-124,1007,-1,-11,3
R,4961,41,3.7,117,-123,987,2,-11,3
R,5000,60,3.7,120,-121,1012,1,-8,0
R,5041,35,3.7,119,-124,1011,-2,-11,3
R,5081,105,3.8,120,-126,1021,-3,-9,4
R,5121,135,3.8,117,-126,984,4,-13,2
R,5161,143,3.9,123,-124,1010,4,-11,2
R,5201,129,3.9,125,-125,1007,0,-11,4
R,5251,116,4.0,123,-124,1016,0,-8,4
R,5281,171,4.0,134,-124,1028,-1,-11,2
R,5321,128,4.1,118,-129,999,0,-10,1
R,5361,102,4.1,127,-125,1015,-1,-9,0
R,5400,84,4.1,124,-124,990,0,-12,0
R,5441,77,4.2,175,-145,1009,-5,-8,-50
R,5481,95,4.2,50,4,1041,-82,40,-226
R,5521,79,4.2,120,-120,1003,13,-12,8
R,5561,45,4.2,125,-108,1024,-3,-9,-14
R,5601,32,4.3,125,-118,1013,12,-12,12
R,5641,21,4.3,103,-115,996,23,-17,27
R,5680,22,4.3,122,-126,1015,1,-13,6
R,5720,58,4.3,124,-122,998,2,-12,6
R,5761,103,4.3,120,-125,1016,3,-11,5
R,5800,127,4.4,123,-125,1012,0,-10,4
R,5840,161,4.4,121,-114,996,1,-11,5
R,5881,205,4.5,124,-113,999,0,-10,11
R,5920,243,4.6,124,-125,1015,0,-12,23
R,5961,279,4.7,218,-147,908,-1,-3,-45
R,6001,299,4.8,101,-143,985,16,-19,0
R,6041,299,4.9,132,-109,987,7,-11,-4
R,6084,306,5.0,116,-147,1056,-4,-5,-1
R,6121,309,5.1,128,-128,996,0,-8,4
R,6160,301,5.2,124,-124,969,-3,-8,5
R,6200,291,5.3,128,-121,986,-1,-11,4
R,6251,282,5.4,122,-122,1007,0,-10,4
R,6280,283,5.5,121,-124,996,0,-9,5
R,6320,293,5.6,129,-125,989,5,-12,5
R,6361,286,5.7,123,-118,1010,1,-11,4
R,6400,252,5.8,122,-123,1004,1,-10,5
R,6440,224,5.9,126,-119,1009,1,-12,5
R,6481,237,6.0,124,-126,1015,-1,-10,6
R,6521,256,6.1,133,-121,1013,-6,-7,5
R,6561,319,6.2,123,-126,1016,0,-6,4
R,6601,353,6.3,128,-120,1016,1,-10,5
R,6640,392,6.4,122,-119,985,0,-7,5
R,6680,432,6.6,128,-122,1002,3,-10,5
R,6733,478,6.8,127,-122,994,2,-10,5
R,6760,518,6.9,125,-123,999,0,-10,5
R,6800,514,7.1,127,-120,1012,0,-9,6
R,6841,490,7.3,127,-128,996,2,-9,6
R,6880,463,7.5,122,-123,1015,0,-11,5
R,6921,441,7.7,121,-123,997,1,-9,4
R,6961,418,7.8,125,-121,1016,2,-12,5
R,7001,398,8.0,128,-123,983,2,-9,5
R,7041,403,8.1,129,-116,1016,0,-9,5
R,7081,447,8.3,120,-124,993,2,-13,3
R,7121,523,8.4,101,-121,1048,-9,-10,5
R,7161,573,8.6,123,-119,982,2,-9,5
R,7201,589,8.8,128,-119,1014,1,-10,5
R,7251,599,9.1,123,-120,986,2,-10,4
R,7280,608,9.3,134,-107,1003,1,-10,0
R,7321,585,9.5,128,-122,1016,-7,-3,9
R,7380,518,9.8,120,-120,1009,1,-11,4
R,7401,453,9.9,126,-119,999,-1,-9,6
R,7441,390,10.0,126,-129,1034,-3,-10,7
R,7481,324,10.2,124,-128,1032,-9,-2,7
R,7524,261,10.3,127,-122,981,6,-13,5
R,7562,228,10.4,126,-117,1000,3,-11,6
R,7601,241,10.5,123,-122,1013,1,-12,6
R,7642,219,10.5,126,-122,1017,2,-12,5
R,7681,229,10.6,125,-116,1011,1,-10,5
R,7722,237,10.7,127,-129,1013,0,-11,6
R,7762,265,10.8,121,-118,982,2,-9,5
R,7801,281,10.9,121,-126,1002,2,-10,7
R,7841,309,11.0,84,-90,700,54,-21,81
R,7882,350,11.1,114,-72,749,-4,8,-18
R,7921,397,11.3,111,-136,1161,-30,31,11
R,7961,392,11.4,123,-119,1001,3,-15,3
R,8001,370,11.5,122,-120,991,3,-10,5
R,8041,339,11.7,134,-113,1026,-4,-11,4
R,8081,303,11.8,128,-117,998,-5,-5,6
R,8121,280,11.9,122,-116,989,4,-10,6
R,8161,273,12.0,121,-123,988,5,-11,6
R,8201,253,12.1,128,-123,1014,2,-12,6
R,8251,215,12.2,126,-115,991,-5,-4,5
R,8281,190,12.3,130,-127,1010,0,-10,6
R,8321,194,12.3,128,-122,1019,-1,-8,6
R,8361,222,12.4,125,-112,972,-1,-8,3
R,8401,285,12.5,124,-126,998,2,-7,10
R,8441,303,12.6,124,-128,990,5,-13,10
R,8481,323,12.7,122,-122,1008,2,-9,5
R,8521,349,12.8,122,-122,1004,2,-9,7
R,8561,353,13.0,124,-122,1001,0,-10,5
R,8605,310,13.1,127,-120,1035,0,-11,5
R,8641,292,13.2,124,-123,995,1,-10,6
R,8681,306,13.3,133,-119,1018,3,-9,6
R,8722,316,13.4,122,-116,1012,4,-10,7
R,8761,336,13.5,131,-122,1015,0,-8,7
R,8801,340,13.7,124,-124,1013,0,-9,8
R,8841,295,13.8,116,-135,904,-17,-7,9
R,8880,251,13.9,115,-125,972,1,-11,5
R,8921,238,14.0,120,-123,1015,-1,-8,7
R,8961,230,14.1,125,-122,1031,2,-11,6
R,9001,241,14.1,123,-120,1010,2,-11,4
R,9041,231,14.2,125,-119,994,-5,-8,7
R,9082,269,14.3,123,-124,1006,2,-11,7
R,9121,313,14.4,123,-126,1005,1,-9,7
R,9161,348,14.5,125,-123,1020,1,-9,6
R,9201,348,14.7,129,-121,1017,0,-9,6
R,9251,320,14.8,126,-125,1023,0,-9,7
R,9281,277,14.9,124,-120,993,0,-8,8
R,9329,232,15.0,122,-121,996,1,-9,7
R,9361,194,15.1,129,-113,1016,-1,-7,8
R,9401,169,15.1,130,-120,996,1,-9,6
R,9441,185,15.2,125,-122,1002,0,-10,7
R,9481,201,15.3,123,-124,1005,0,-10,7
R,9521,235,15.4,127,-122,996,1,-8,7
R,9561,271,15.4,120,-119,999,4,-10,8
R,9602,311,15.6,121,-114,999,0,-11,7
R,9641,353,15.7,127,-125,1011,2,-8,8
R,9681,373,15.8,122,-120,1005,1,-10,7
R,9721,417,16.0,127,-124,1016,0,-9,8
R,9761,439,16.1,124,-124,1005,0,-9,7
R,9801,445,16.3,126,-118,1007,2,-11,8
R,9841,446,16.4,124,-119,983,5,-12,7
R,9881,447,16.6,121,-120,1091,-19,-5,8
R,9921,462,16.8,129,-125,993,8,-19,6
R,9978,481,17.0,123,-127,1006,0,-8,7
R,10001,497,17.1,122,-125,1003,0,-8,7
R,10041,514,17.3,122,-125,1008,7,-13,2
R,10081,478,17.5,375,-220,1006,-12,14,-264
R,10121,431,17.6,104,-125,1031,4,-15,15
R,10161,385,17.8,126,-110,996,4,-6,7
R,10201,362,17.9,129,-110,973,4,-11,15
R,10251,345,18.1,127,-121,1001,20,-13,22
R,10281,348,18.2,125,-121,1011,1,-9,9
R,10321,373,18.3,126,-119,1012,2,-11,9
R,10361,417,18.5,124,-120,1002,0,-9,9
R,10406,455,18.6,128,-124,1025,-1,-8,8
R,10441,490,18.8,125,-117,1013,2,-10,8
R,10483,506,19.0,122,-117,1005,1,-9,7
R,10522,526,19.2,122,-120,1006,3,-11,7
R,10561,562,19.4,124,-117,1016,2,-9,8
R,10602,604,19.6,122,-120,1011,2,-10,9
R,10642,648,19.8,127,-128,1018,-1,-9,9
R,10682,632,20.0,126,-123,992,3,-10,9
R,10722,591,20.3,125,-119,1021,3,-10,8
R,10761,533,20.5,122,-129,984,2,-13,8
R,10801,480,20.6,128,-122,978,0,-9,8
R,10842,462,20.8,127,-120,1025,0,-8,9
R,10881,463,21.0,131,-128,999,2,-9,8
R,10922,486,21.2,123,-127,1010,0,-8,8
R,10962,497,21.3,125,-143,1012,2,-10,-1
R,11001,480,21.5,128,-81,1013,-2,-9,24
R,11041,472,21.7,130,-134,1030,4,-9,16
R,11082,453,21.9,124,-115,973,2,-12,9
R,11121,429,22.0,122,-116,1025,4,-9,10
R,11162,398,22.2,125,-120,993,4,-10,12
R,11202,388,22.3,127,-113,1021,2,-10,11
R,11252,382,22.5,122,-122,1015,2,-11,11
R,11281,390,22.6,125,-118,1018,-1,-10,11
R,11322,371,22.7,122,-119,1004,0,-8,10
R,11362,346,22.9,124,-117,993,4,-11,8
R,11402,324,23.0,128,-125,987,3,-9,10
R,11442,293,23.1,121,-122,1034,-1,-7,10
R,11482,274,23.2,122,-119,1001,1,-8,9
R,11521,262,23.3,124,-114,996,4,-10,8
R,11561,263,23.4,129,-132,993,4,-10,3
R,11602,256,23.5,137,-102,1021,-9,-6,12
R,11642,251,23.6,126,-121,996,0,-10,11
R,11682,251,23.7,119,-118,989,3,-9,10
R,11722,226,23.8,123,-120,1004,3,-9,9
R,11762,201,23.8,124,-121,1033,1,-10,10
R,11801,171,23.9,120,-115,992,1,-10,10
R,11842,143,24.0,118,-130,1015,4,-12,11
R,11882,108,24.0,123,-121,1007,2,-7,9
R,11925,69,24.0,126,-120,987,0,-9,10
R,11962,30,24.1,126,-130,1014,2,-10,10
R,12002,12,24.1,128,-118,1015,1,-8,11
R,12041,31,24.1,113,-117,997,1,-8,18
R,12082,50,24.1,122,-137,1006,6,-12,9
R,12122,72,24.1,132,-105,950,4,-4,7
R,12162,117,24.1,122,-137,1016,4,-10,8
R,12202,122,24.2,124,-118,1002,4,-10,8
R,12252,132,24.2,125,-121,1006,2,-11,8
R,12281,162,24.3,123,-119,971,0,-6,9
R,12322,176,24.3,128,-120,1009,1,-9,9
R,12364,167,24.4,122,-121,1020,0,-8,9
R,12401,153,24.5,116,-115,1005,4,-12,9
R,12442,121,24.5,125,-120,996,1,-9,10
R,12482,81,24.6,123,-123,1019,-1,-8,11
R,12521,79,24.6,124,-125,1002,3,-8,9
R,12574,114,24.6,123,-118,988,2,-8,10
R,12602,134,24.7,123,-119,996,5,-13,9
R,12642,164,24.7,127,-120,1012,3,-9,9
R,12683,204,24.8,124,-124,1022,3,-9,8
R,12723,228,24.9,115,-119,1029,6,-13,14
R,12762,222,24.9,123,-122,993,3,-11,7
R,12802,193,25.0,121,-117,1004,-7,-5,11
R,12843,175,25.1,126,-115,988,4,-9,9
R,12883,197,25.2,124,-116,996,1,-8,9
R,12923,209,25.2,118,-119,997,4,-10,8
R,12962,222,25.3,124,-116,1010,-1,-8,9
R,13001,208,25.4,164,-237,1023,12,-11,-51
R,13042,194,25.5,179,-59,1006,14,-14,105
R,13083,203,25.5,124,-121,974,13,-30,5
R,13123,220,25.6,94,-89,1016,3,0,40
R,13163,228,25.7,157,-183,1010,12,-15,26
R,13221,225,25.8,121,-114,995,2,-12,8
R,13253,232,25.9,124,-127,1003,2,-8,9
R,13282,237,25.9,124,-120,998,4,-11,9
R,13323,233,26.0,124,-122,994,3,-10,8
R,13363,213,26.1,126,-127,1009,2,-9,9
R,13402,196,26.2,125,-121,1016,3,-9,10
R,13442,187,26.2,122,-122,1002,0,-7,9
R,13482,177,26.3,124,-119,996,5,-10,9
R,13522,165,26.4,119,-116,1001,1,-7,9
R,13563,158,26.4,124,-120,1002,0,-9,9
R,13603,194,26.5,120,-118,987,3,-9,9
R,13642,211,26.6,133,-121,997,2,-8,9
R,13682,236,26.7,127,-120,996,2,-8,10
R,13722,261,26.7,113,-129,1002,6,-12,3
R,13762,278,26.8,-77,-79,1004,11,-14,-30
R,13802,275,26.9,126,-126,1017,-4,-6,21
R,13843,257,27.0,120,-113,1019,-2,-8,8
R,13882,246,27.1,125,-115,1006,-1,-8,13
R,13922,251,27.2,126,-121,991,4,-10,11
R,13962,258,27.3,124,-124,1022,1,-9,10
R,14002,253,27.4,125,-119,1019,0,-8,10
R,14042,231,27.5,122,-122,1005,1,-10,10
R,14082,200,27.6,126,-123,1002,7,-12,8
R,14122,197,27.6,126,-121,1022,1,-11,10
R,14162,210,27.7,126,-125,1008,1,-8,9
R,14202,207,27.8,125,-120,1009,3,-9,10
R,14252,190,27.9,125,-121,1011,2,-8,9
R,14282,186,27.9,122,-106,998,3,-10,8
R,14323,224,28.0,127,-116,1007,3,-9,9
R,14363,306,28.1,122,-116,998,4,-11,9
R,14402,380,28.2,124,-125,991,3,-9,8
R,14443,436,28.4,129,-130,1018,8,-10,-7
R,14483,424,28.5,73,-70,947,-22,-10,-4
R,14523,373,28.7,125,-112,1020,0,-10,12
R,14563,300,28.8,127,-114,1011,1,-11,16
R,14602,234,28.9,128,-127,978,1,-7,25
R,14642,189,29.0,125,-126,1031,0,-8,16
R,14682,162,29.0,122,-120,1000,1,-7,12
R,14722,142,29.1,123,-121,1008,2,-9,11
R,14762,130,29.2,127,-122,1004,2,-9,11
R,14802,132,29.2,122,-117,992,3,-10,10
R,14844,128,29.3,122,-120,990,3,-9,10
R,14882,124,29.3,125,-121,1010,3,-11,10
R,14922,131,29.3,122,-119,1001,2,-9,9
R,14963,138,29.4,124,-121,983,1,-8,10
R,15002,149,29.4,126,-114,1012,4,-11,10
R,15042,148,29.5,121,-95,986,7,-12,11
R,15083,170,29.6,126,-126,987,0,-8,9
R,15122,210,29.6,127,-122,1002,5,-12,11
R,15171,276,29.7,124,-121,997,2,-9,10
R,15203,330,29.8,124,-115,1009,-1,-8,10
R,15253,360,30.0,128,-117,1001,1,-11,11
R,15282,388,30.1,122,-113,973,9,-13,8
R,15323,405,30.2,126,-118,1009,4,-11,10
R,15363,418,30.4,123,-123,1008,2,-8,11
R,15403,440,30.5,121,-118,1004,3,-8,11
R,15443,468,30.7,125,-128,1026,1,-9,11
R,15483,491,30.9,126,-122,995,0,-9,10
R,15522,516,31.1,122,-118,990,3,-9,11
R,15562,495,31.2,127,-120,1012,3,-9,11
R,15602,468,31.4,123,-124,1007,3,-10,12
R,15642,453,31.6,122,-129,1044,0,-4,11
R,15682,428,31.7,136,-125,966,12,-21,11
R,15723,390,31.9,120,-120,1024,-2,-9,8
R,15763,367,32.0,121,-120,1011,-4,-9,10
R,15820,371,32.2,125,-122,998,2,-9,10
R,15843,376,32.3,123,-130,1010,2,-9,11
R,15884,393,32.4,121,-117,991,3,-9,11
R,15923,403,32.6,129,-124,992,3,-9,9
R,15962,400,32.7,125,-124,1007,2,-9,11
R,16002,402,32.9,126,-121,1018,2,-9,5
R,16042,385,33.0,121,-119,1006,1,-8,11
R,16082,348,33.2,128,-124,1019,1,-11,11
R,16122,294,33.3,124,-129,1029,1,-10,11
R,16162,235,33.4,125,-118,993,2,-8,11
R,16203,188,33.4,128,-121,1017,2,-9,10
R,16253,150,33.5,127,-122,990,2,-9,12
R,16282,130,33.6,123,-120,994,3,-9,12
R,16322,124,33.6,118,-119,1049,-5,-7,12
R,16362,118,33.6,130,-121,969,7,-4,9
R,16402,107,33.7,124,-117,1005,-1,-10,10
R,16442,100,33.7,120,-124,1025,-7,-2,11
R,16482,105,33.8,123,-121,995,2,-11,10
R,16522,102,33.8,124,-122,1016,2,-8,10
R,16561,130,33.8,124,-118,1011,5,-9,9
R,16603,180,33.9,119,-124,999,3,-8,10
R,16642,220,34.0,126,-119,998,3,-8,3
R,16682,233,34.1,124,-117,998,0,-8,12
R,16723,229,34.1,122,-117,1023,-1,-7,20
R,16762,217,34.2,128,-123,993,3,-9,12
R,16802,219,34.3,127,-119,1006,2,-8,10
R,16842,209,34.4,123,-126,1008,1,-9,11
R,16881,211,34.5,125,-128,1000,2,-9,10
R,16922,217,34.5,126,-121,1004,4,-9,9
R,16962,215,34.6,130,-119,995,5,-8,10
R,17001,232,34.7,124,-120,987,3,-8,10
R,17042,265,34.8,121,-121,1008,3,-9,11
R,17083,302,34.9,123,-118,1011,1,-9,10
R,17122,336,35.0,126,-122,1028,2,-8,11
R,17162,350,35.1,122,-125,1017,2,-10,12
R,17202,320,35.3,122,-122,989,1,-8,11
R,17252,257,35.4,127,-125,1019,1,-9,12
R,17281,180,35.4,129,-125,993,1,-9,14
R,17322,114,35.5,128,-127,1011,4,-10,11
R,17362,82,35.5,123,-123,1021,1,-9,6
R,17401,109,35.6,18,-354,1178,-73,-13,-146
R,17441,126,35.6,294,-178,508,-112,-318,863
R,17482,131,35.7,59,-525,1246,326,-15,-148
R,17522,136,35.7,108,-123,838,12,-26,0
R,17562,136,35.8,131,-124,920,12,-30,11
R,17603,134,35.8,118,-139,1012,-2,-7,12
R,17642,124,35.9,122,-125,1004,1,-10,12
R,17683,133,35.9,128,-129,991,6,-6,12
R,17723,130,35.9,128,-136,1024,0,-10,11
R,17767,141,36.0,122,-130,996,5,-8,13
R,17802,174,36.1,127,-134,1010,4,-9,13
R,17842,212,36.1,128,-134,1052,17,0,13
R,17882,233,36.2,89,-122,939,105,67,-18
R,17922,251,36.3,77,-169,1022,-114,-94,32
R,17962,260,36.4,126,-126,992,1,-16,13
R,18002,263,36.5,125,-141,1015,7,-7,11
R,18042,270,36.6,122,-136,988,14,-5,11
R,18083,255,36.7,123,-134,1007,0,-6,11
R,18122,211,36.8,122,-134,1026,-3,-9,13
R,18162,180,36.8,120,-127,1008,3,-10,12
R,18203,174,36.9,119,-128,993,3,-9,11
R,18253,174,37.0,121,-132,1009,5,-9,11
R,18282,166,37.0,123,-131,1005,1,-8,11
R,18322,159,37.1,122,-134,1008,0,-10,13
R,18363,144,37.1,123,-131,1007,1,-9,14
R,18416,135,37.2,123,-132,1008,3,-8,15
R,18442,144,37.2,127,-127,996,7,-8,15
R,18482,166,37.3,123,-136,1019,2,-10,12
R,18523,192,37.4,123,-131,995,3,-9,11
R,18563,224,37.4,121,-131,989,1,-12,12
R,18602,271,37.5,117,-122,1005,-2,-7,12
R,18642,312,37.6,122,-132,1013,5,-8,12
R,18682,356,37.8,120,-123,1001,3,-12,12
R,18722,351,37.9,122,-128,1011,0,-9,12
R,18762,347,38.0,115,-134,1003,2,-9,13
R,18801,320,38.1,121,-133,996,0,-8,12
R,18842,291,38.2,118,-128,999,2,-11,12
R,18882,243,38.3,119,-119,1001,8,-5,12
R,18922,193,38.4,123,-128,988,0,-10,11
R,18962,174,38.5,121,-129,1006,4,-8,12
R,19003,168,38.5,126,-131,1014,1,-9,11
R,19042,186,38.6,121,-129,1008,1,-8,12
R,19082,185,38.7,123,-127,996,3,-9,13
R,19122,170,38.7,124,-128,1006,2,-10,12
R,19162,152,38.8,124,-130,1005,4,-9,12
R,19202,151,38.9,123,-127,991,1,-9,12
R,19254,156,38.9,116,-122,994,5,-7,12
R,19282,168,39.0,132,-137,1028,4,-8,13
R,19322,199,39.0,118,-127,994,3,-9,13
R,19364,203,39.1,128,-133,1017,1,-9,12
R,19402,171,39.2,113,-129,984,9,-6,13
R,19442,156,39.2,133,-127,1007,-1,-13,12
R,19483,153,39.3,118,-128,991,2,-7,13
R,19523,137,39.3,131,-134,1030,1,-8,14
R,19563,155,39.4,124,-138,1033,0,0,14
R,19602,174,39.5,121,-126,1000,2,-10,13
R,19642,179,39.5,117,-126,998,4,-7,12
R,19682,167,39.6,122,-126,981,4,-8,14
R,19722,128,39.6,117,-130,1015,2,-7,13
R,19763,90,39.7,114,-125,1001,0,-10,13
R,19802,64,39.7,118,-129,1010,4,-7,13
R,19843,53,39.7,127,-129,1006,2,-10,12
R,19883,54,39.8,120,-129,978,4,-7,13
R,19923,58,39.8,123,-125,1016,3,-11,13
R,19963,54,39.8,131,-136,1037,0,-10,13
[dump] FIN RUN #1 t60=0 t330=0 t660=0 t1320=0
[dump] === fin ===
