[dump] RUN #1 heure=19:11:48 src=SEUIL_GPS rollout_ms=0 unit=00004 dyn=4 rate_ms=40 gps=1 pre=15 imuf=2/7 ecu=HP statut=TERMINE
[dump] colonnes: R,elapsed_ms,kmh_x100,dist_ft,ax_mg,ay_mg,az_mg,gx_ds10,gy_ds10,gz_ds10
R,-610,40,0.0,39,-4,1032,-3,-5,-5
R,-569,40,0.0,39,-5,1032,-3,-6,-5
R,-528,40,0.0,39,-4,1033,-3,-5,-5
R,-488,40,0.0,39,-5,1032,-3,-5,-5
R,-447,40,0.0,39,-4,1034,-4,-5,-5
R,-406,40,0.0,39,-3,1033,-3,-5,-5
R,-365,40,0.0,38,-5,1032,-3,-5,-5
R,-325,40,0.0,39,-4,1032,-3,-6,-5
R,-284,40,0.0,39,-4,1032,-3,-5,-5
R,-244,40,0.0,39,-3,1032,-3,-6,-5
R,-203,40,0.0,40,-4,1032,-4,-6,-5
R,-163,40,0.0,39,-4,1032,-3,-5,-5
R,-122,40,0.0,40,-5,1032,-3,-5,-5
R,-81,40,0.0,38,-4,1032,-3,-6,-5
R,-41,40,0.0,39,-5,1032,-3,-5,-5
R,53,340,0.1,38,-4,1031,-3,-5,-5
R,93,507,0.3,39,-4,1032,-3,-5,-5
R,132,673,0.5,39,-4,1033,-3,-5,-5
R,173,840,0.8,40,-4,1033,-3,-6,-5
R,213,1006,1.1,38,-4,1032,-3,-6,-5
R,253,1172,1.5,39,-4,1033,-3,-5,-5
R,293,1339,1.9,39,-4,1032,-3,-6,-5
R,333,1505,2.5,38,-5,1031,-3,-6,-5
R,373,1672,3.0,39,-5,1031,-3,-6,-5
R,413,1838,3.7,39,-5,1032,-3,-5,-5
R,453,2004,4.4,38,-5,1032,-3,-5,-5
R,493,2171,5.1,39,-5,1032,-3,-6,-5
R,533,2286,6.0,39,-5,1032,-3,-5,-5
R,580,2408,7.0,40,-5,1032,-3,-6,-5
R,620,2512,7.9,39,-5,1032,-3,-5,-5
R,660,2616,8.8,39,-5,1032,-3,-5,-5
R,700,2720,9.8,39,-5,1032,-3,-5,-5
R,740,2824,10.8,39,-4,1032,-3,-6,-5
R,780,2928,11.8,39,-4,1033,-3,-5,-5
R,819,3032,12.9,39,-4,1032,-3,-5,-5
R,860,3136,14.0,39,-4,1032,-3,-6,-5
R,900,3240,15.2,40,-5,1032,-3,-5,-5
R,940,3344,16.4,39,-4,1031,-3,-6,-5
R,980,3448,17.6,39,-5,1032,-3,-6,-5
R,1020,3526,18.9,39,-4,1032,-3,-5,-5
R,1060,3578,20.2,39,-4,1032,-3,-5,-5
R,1100,3630,21.5,39,-4,1032,-3,-6,-5
R,1139,3682,22.8,38,-4,1032,-3,-5,-5
R,1180,3734,24.2,38,-4,1032,-3,-5,-5
R,1220,3786,25.6,39,-4,1032,-3,-5,-5
R,1260,3838,27.0,39,-4,1032,-3,-5,-5
R,1300,3890,28.4,39,-5,1032,-3,-6,-5
R,1340,3942,29.8,38,-5,1032,-3,-6,-5
R,1380,3994,31.2,39,-4,1031,-3,-6,-5
R,1419,4046,32.7,38,-5,1032,-3,-6,-5
R,1460,4098,34.2,38,-4,1032,-3,-5,-5
R,1500,4150,35.7,39,-5,1032,-3,-5,-5
R,1540,4202,37.2,38,-4,1032,-4,-6,-5
R,1580,4254,38.8,38,-5,1032,-3,-5,-5
R,1620,4306,40.3,38,-4,1032,-3,-5,-5
R,1660,4358,41.9,39,-4,1032,-3,-6,-5
R,1700,4410,43.5,39,-4,1032,-3,-5,-5
R,1740,4462,45.1,38,-4,1032,-3,-5,-5
R,1780,4514,46.8,38,-5,1032,-4,-5,-6
R,1820,4566,48.4,38,-4,1032,-3,-5,-5
R,1860,4618,50.1,38,-3,1033,-3,-6,-5
R,1899,4670,51.7,38,-5,1032,-3,-5,-5
R,1940,4722,53.5,39,-4,1032,-3,-6,-5
R,1980,4774,55.2,39,-5,1032,-3,-5,-5
R,2019,4849,56.9,40,-4,1032,-3,-6,-5
R,2060,4948,58.8,38,-4,1032,-3,-6,-5
R,2100,5047,60.6,40,-4,1032,-4,-6,-5
R,2140,5145,62.4,38,-5,1032,-3,-5,-5
R,2180,5244,64.3,40,-4,1032,-3,-6,-5
R,2220,5343,66.3,40,-4,1032,-3,-6,-5
R,2260,5441,68.2,39,-4,1032,-3,-6,-5
R,2300,5540,70.2,39,-4,1032,-3,-5,-5
R,2340,5639,72.3,39,-3,1031,-3,-5,-5
R,2380,5737,74.3,39,-4,1032,-3,-6,-5
R,2420,5836,76.5,38,-4,1033,-3,-6,-5
R,2460,5935,78.6,38,-4,1032,-3,-6,-5
R,2499,6033,80.7,39,-3,1033,-3,-6,-5
R,2540,6132,83.0,39,-3,1032,-3,-6,-5
R,2580,6231,85.2,39,-4,1032,-3,-5,-5
R,2620,6329,87.5,38,-5,1032,-3,-6,-5
R,2660,6428,89.9,39,-4,1033,-3,-5,-5
R,2700,6527,92.2,39,-4,1032,-3,-6,-5
R,2740,6625,94.6,38,-4,1032,-3,-5,-5
R,2780,6724,97.1,39,-4,1033,-3,-5,-5
R,2820,6823,99.5,39,-4,1033,-3,-5,-5
R,2860,6921,102.0,39,-5,1032,-3,-5,-5
R,2900,7020,104.6,39,-4,1033,-3,-5,-5
R,2940,7119,107.1,39,-4,1032,-3,-6,-5
R,2980,7217,109.8,38,-4,1032,-3,-5,-5
R,3020,7316,112.4,38,-4,1033,-3,-5,-5
R,3059,7415,115.0,39,-5,1032,-3,-5,-5
R,3100,7513,117.8,39,-4,1033,-4,-5,-5
R,3139,7612,120.5,39,-4,1032,-4,-5,-5
R,3180,7711,123.4,39,-3,1032,-3,-5,-5
R,3220,7809,126.2,39,-3,1032,-3,-6,-5
R,3260,7908,129.1,39,-5,1032,-3,-5,-5
R,3299,8007,131.9,40,-5,1033,-3,-6,-5
R,3340,8105,134.9,39,-5,1032,-3,-5,-5
R,3380,8204,137.9,39,-4,1032,-3,-6,-5
R,3420,8303,140.9,40,-4,1032,-3,-6,-5
R,3460,8401,143.9,39,-5,1031,-3,-5,-5
R,3500,8500,147.0,38,-4,1032,-3,-6,-5
R,3540,8545,150.1,38,-4,1032,-4,-6,-5
R,3580,8590,153.2,38,-5,1032,-3,-5,-5
R,3619,8635,156.3,39,-4,1032,-3,-5,-5
R,3660,8680,159.5,38,-3,1032,-3,-5,-5
R,3700,8724,162.7,39,-4,1032,-3,-6,-5
R,3739,8769,165.8,39,-5,1032,-4,-5,-5
R,3780,8814,169.1,39,-3,1032,-3,-5,-5
R,3820,8859,172.3,39,-3,1032,-4,-5,-5
R,3860,8904,175.6,38,-4,1033,-3,-5,-5
R,3900,8949,178.8,39,-5,1032,-3,-5,-5
R,3940,8994,182.1,38,-5,1032,-3,-5,-5
R,3979,9039,185.3,38,-4,1032,-3,-5,-5
R,4020,9084,188.7,40,-5,1032,-3,-5,-5
R,4060,9129,192.0,39,-4,1033,-3,-6,-5
R,4100,9173,195.3,39,-5,1032,-3,-6,-5
R,4140,9218,198.7,39,-5,1032,-3,-5,-5
R,4180,9263,202.0,38,-5,1033,-3,-5,-5
R,4220,9308,205.4,40,-5,1033,-3,-5,-5
R,4260,9353,208.8,39,-4,1032,-3,-5,-5
R,4300,9398,212.3,40,-4,1033,-3,-5,-5
R,4340,9443,215.7,39,-5,1033,-3,-5,-5
R,4380,9488,219.1,39,-4,1033,-3,-6,-5
R,4420,9533,222.6,40,-3,1033,-3,-5,-5
R,4460,9578,226.1,38,-4,1032,-3,-6,-5
R,4500,9622,229.6,38,-4,1033,-3,-5,-5
R,4539,9667,233.0,39,-4,1032,-3,-6,-5
R,4580,9712,236.6,39,-4,1032,-3,-5,-5
R,4620,9757,240.2,39,-5,1032,-3,-6,-5
R,4660,9802,243.7,38,-4,1032,-3,-6,-5
R,4700,9847,247.3,40,-4,1032,-3,-6,-5
R,4740,9892,250.9,39,-4,1032,-3,-6,-5
R,4780,9937,254.5,40,-4,1032,-3,-6,-5
R,4820,9982,258.2,39,-5,1031,-3,-6,-5
R,4860,10027,261.8,39,-4,1032,-3,-6,-5
R,4900,10071,265.5,39,-5,1032,-3,-5,-5
R,4940,10116,269.2,39,-4,1032,-3,-5,-6
R,4979,10161,272.8,38,-4,1033,-4,-5,-5
R,5020,10206,276.6,39,-3,1032,-3,-6,-5
R,5060,10251,280.3,39,-5,1032,-3,-6,-5
R,5100,10296,284.0,39,-4,1032,-3,-5,-5
R,5140,10341,287.8,39,-4,1033,-3,-6,-5
R,5180,10386,291.6,39,-5,1032,-3,-5,-5
R,5220,10431,295.4,38,-4,1032,-3,-5,-5
R,5260,10476,299.2,38,-3,1032,-3,-5,-5
R,5300,10520,303.0,38,-3,1031,-3,-6,-5
R,5340,10565,306.9,38,-4,1032,-3,-6,-5
R,5380,10610,310.7,39,-5,1032,-3,-5,-5
R,5419,10655,314.5,39,-4,1032,-3,-5,-5
R,5460,10700,318.5,39,-4,1032,-3,-5,-6
R,5500,10735,322.4,38,-4,1032,-3,-6,-5
R,5540,10771,326.3,40,-4,1031,-3,-5,-5
R,5580,10806,330.2,38,-4,1032,-3,-5,-5
R,5619,10841,334.1,39,-5,1032,-3,-6,-5
R,5660,10877,338.2,39,-3,1033,-3,-5,-5
R,5700,10912,342.1,38,-5,1032,-3,-5,-5
R,5740,10947,346.1,38,-4,1032,-3,-5,-5
R,5780,10983,350.1,39,-3,1033,-3,-6,-5
R,5820,11018,354.1,39,-5,1032,-3,-6,-5
R,5860,11053,358.1,39,-4,1032,-3,-6,-5
R,5900,11089,362.2,39,-4,1032,-3,-6,-5
R,5940,11124,366.2,39,-4,1032,-3,-6,-5
R,5980,11160,370.3,39,-4,1032,-3,-6,-5
R,6020,11195,374.4,39,-5,1032,-3,-6,-5
R,6060,11230,378.4,38,-4,1032,-3,-5,-5
R,6100,11266,382.5,39,-5,1032,-4,-6,-5
R,6140,11301,386.7,39,-5,1033,-3,-6,-5
R,6180,11336,390.8,39,-4,1032,-3,-5,-5
R,6219,11372,394.8,39,-4,1033,-4,-6,-5
R,6260,11407,399.1,38,-4,1032,-3,-5,-5
R,6300,11442,403.2,39,-4,1033,-3,-6,-5
R,6340,11478,407.4,39,-3,1033,-3,-6,-5
R,6380,11513,411.6,39,-5,1033,-3,-6,-5
R,6420,11548,415.8,39,-5,1033,-4,-5,-5
R,6460,11584,420.0,38,-4,1033,-4,-5,-5
R,6500,11619,424.3,39,-4,1032,-3,-6,-5
R,6540,11654,428.5,38,-4,1032,-3,-6,-5
R,6580,11690,432.8,39,-5,1032,-3,-5,-5
R,6620,11725,437.0,38,-5,1032,-3,-6,-5
R,6659,11760,441.2,39,-4,1032,-4,-5,-5
R,6700,11796,445.6,39,-4,1033,-3,-6,-5
R,6740,11831,449.9,39,-4,1032,-3,-6,-5
R,6780,11867,454.2,39,-4,1032,-3,-6,-5
R,6820,11902,458.6,38,-4,1032,-3,-6,-5
R,6860,11937,462.9,39,-5,1032,-3,-5,-5
R,6899,11973,467.1,39,-4,1032,-3,-5,-5
R,6940,12008,471.6,39,-3,1033,-3,-5,-5
R,6980,12043,476.0,39,-4,1032,-3,-5,-5
R,7019,12079,480.3,39,-4,1032,-4,-5,-5
R,7060,12114,484.8,39,-4,1032,-3,-5,-5
R,7100,12149,489.2,39,-4,1031,-3,-5,-5
R,7140,12185,493.7,39,-4,1032,-3,-5,-6
R,7180,12220,498.1,39,-4,1032,-3,-5,-5
R,7220,12255,502.6,39,-4,1033,-4,-5,-5
R,7260,12291,507.1,38,-4,1032,-4,-6,-5
R,7300,12326,511.5,39,-5,1032,-3,-5,-5
R,7340,12361,516.0,38,-4,1032,-4,-5,-5
R,7380,12397,520.6,38,-5,1032,-3,-5,-5
R,7420,12432,525.1,39,-3,1032,-3,-5,-5
R,7460,12467,529.6,39,-4,1032,-3,-6,-5
R,7500,12503,534.2,39,-4,1032,-3,-5,-5
R,7540,12538,538.7,39,-4,1032,-4,-5,-5
R,7580,12573,543.3,38,-5,1032,-3,-5,-5
R,7620,12609,547.9,39,-4,1032,-3,-5,-5
R,7660,12644,552.5,40,-4,1033,-3,-5,-5
R,7700,12680,557.1,38,-5,1032,-3,-5,-5
R,7740,12715,561.8,39,-5,1033,-3,-6,-5
R,7780,12750,566.4,39,-4,1032,-4,-5,-5
R,7820,12786,571.0,39,-4,1032,-3,-6,-5
R,7860,12821,575.7,39,-5,1032,-3,-5,-5
R,7900,12856,580.4,39,-5,1032,-3,-6,-5
R,7940,12892,585.1,39,-4,1033,-3,-6,-5
R,7980,12927,589.8,40,-4,1032,-3,-5,-5
R,8020,12962,594.5,39,-4,1032,-3,-5,-5
R,8060,12998,599.2,38,-4,1032,-4,-6,-5
R,8099,13033,603.9,39,-4,1032,-4,-5,-5
R,8140,13068,608.7,39,-4,1032,-4,-5,-5
R,8180,13104,613.5,39,-5,1032,-3,-5,-5
R,8220,13139,618.3,39,-3,1032,-3,-5,-5
R,8260,13174,623.1,38,-4,1032,-3,-6,-5
R,8300,13210,627.9,38,-4,1032,-3,-6,-5
R,8340,13245,632.7,39,-4,1032,-4,-6,-5
R,8379,13280,637.4,39,-4,1032,-3,-5,-5
R,8420,13316,642.4,38,-4,1032,-3,-5,-5
R,8460,13351,647.3,39,-4,1032,-3,-6,-5
R,8500,13377,652.1,39,-4,1031,-3,-6,-5
R,8540,13400,657.0,38,-4,1032,-3,-6,-5
R,8580,13424,661.9,39,-5,1032,-3,-6,-5
R,8620,13447,666.8,38,-5,1032,-3,-5,-5
R,8660,13470,671.7,39,-4,1031,-3,-5,-5
R,8699,13493,676.5,38,-4,1032,-3,-5,-5
R,8740,13516,681.6,39,-4,1032,-3,-6,-5
R,8780,13539,686.5,38,-3,1032,-3,-5,-6
R,8820,13562,691.4,39,-4,1032,-3,-6,-5
R,8860,13586,696.4,39,-4,1032,-3,-5,-5
R,8900,13609,701.3,37,-4,1031,-3,-5,-5
R,8939,13632,706.2,39,-4,1033,-3,-5,-5
R,8980,13655,711.3,40,-4,1032,-4,-5,-5
R,9020,13678,716.3,39,-4,1032,-4,-6,-5
R,9060,13701,721.2,38,-4,1032,-3,-6,-5
R,9100,13724,726.2,39,-4,1033,-3,-5,-5
R,9140,13748,731.2,39,-4,1033,-3,-5,-5
R,9180,13771,736.3,39,-4,1032,-3,-6,-5
R,9220,13794,741.3,39,-4,1033,-3,-6,-5
R,9260,13817,746.3,39,-4,1033,-3,-5,-5
R,9300,13840,751.4,38,-4,1032,-3,-5,-5
R,9339,13863,756.3,39,-4,1032,-3,-6,-5
R,9380,13886,761.5,38,-5,1032,-3,-6,-5
R,9420,13910,766.5,39,-4,1032,-3,-6,-5
R,9460,13933,771.6,39,-4,1032,-3,-5,-5
R,9500,13956,776.7,38,-5,1031,-3,-6,-5
R,9540,13979,781.8,38,-4,1032,-3,-6,-5
R,9580,14002,786.9,39,-4,1033,-3,-5,-5
R,9620,14025,792.0,38,-4,1032,-3,-6,-5
R,9660,14048,797.1,39,-4,1032,-3,-6,-5
R,9700,14072,802.2,39,-3,1032,-3,-6,-5
R,9740,14095,807.4,39,-4,1033,-4,-5,-5
R,9780,14118,812.5,39,-5,1032,-4,-5,-5
R,9819,14141,817.5,39,-4,1033,-3,-6,-5
R,9860,14164,822.8,38,-5,1032,-3,-6,-5
R,9900,14187,828.0,39,-4,1032,-3,-6,-5
R,9939,14210,833.0,39,-5,1032,-3,-5,-5
R,9980,14234,838.4,38,-4,1032,-3,-5,-5
R,10020,14257,843.5,39,-4,1032,-3,-5,-5
R,10060,14280,848.7,40,-4,1033,-3,-5,-5
R,10100,14303,854.0,40,-5,1032,-3,-5,-5
R,10140,14326,859.2,39,-4,1032,-3,-6,-5
R,10180,14349,864.4,38,-5,1032,-3,-6,-5
R,10220,14372,869.6,40,-4,1031,-3,-5,-5
R,10260,14396,874.9,39,-5,1032,-3,-6,-5
R,10299,14419,880.0,39,-4,1033,-4,-6,-5
R,10340,14442,885.4,39,-5,1032,-3,-6,-5
R,10380,14465,890.7,39,-4,1031,-3,-5,-5
R,10420,14488,895.9,38,-4,1032,-4,-5,-5
R,10460,14511,901.2,39,-4,1032,-3,-5,-5
R,10500,14534,906.5,39,-4,1032,-3,-5,-5
R,10540,14558,911.8,39,-4,1033,-3,-5,-5
R,10580,14581,917.1,39,-4,1033,-3,-5,-5
R,10620,14604,922.4,38,-5,1032,-3,-5,-5
R,10660,14627,927.8,38,-4,1033,-3,-5,-5
R,10700,14650,933.1,40,-4,1033,-3,-5,-5
R,10740,14673,938.5,39,-4,1033,-3,-6,-5
R,10780,14696,943.8,39,-5,1033,-3,-5,-5
R,10820,14720,949.2,39,-4,1032,-3,-5,-5
R,10860,14743,954.5,39,-4,1032,-3,-5,-5
R,10900,14766,959.9,40,-5,1032,-3,-5,-5
R,10940,14789,965.3,39,-4,1032,-3,-5,-5
R,10980,14812,970.7,39,-5,1032,-3,-5,-5
R,11020,14835,976.1,39,-4,1032,-3,-5,-5
R,11060,14858,981.5,40,-5,1033,-3,-5,-5
R,11100,14881,986.9,40,-4,1033,-3,-5,-5
R,11140,14905,992.4,39,-4,1033,-3,-5,-5
R,11179,14928,997.7,40,-4,1034,-3,-5,-5
R,11220,14951,1003.3,38,-4,1031,-3,-5,-5
R,11260,14974,1008.7,39,-5,1033,-3,-5,-5
R,11300,14997,1014.2,39,-5,1032,-4,-5,-5
R,11340,15020,1019.6,38,-4,1033,-3,-5,-5
R,11380,15043,1025.1,38,-4,1032,-3,-5,-5
R,11420,15067,1030.6,39,-4,1033,-3,-5,-5
R,11460,15090,1036.1,38,-4,1032,-3,-5,-5
R,11500,15113,1041.6,39,-5,1033,-3,-5,-5
R,11540,15136,1047.1,38,-5,1033,-3,-5,-5
R,11580,15159,1052.6,38,-4,1033,-4,-5,-5
R,11620,15182,1058.2,39,-3,1032,-3,-5,-5
R,11660,15205,1063.7,39,-3,1032,-3,-5,-5
R,11700,15229,1069.3,39,-4,1033,-3,-5,-5
R,11740,15252,1074.8,40,-4,1033,-3,-5,-5
R,11780,15275,1080.4,39,-5,1032,-3,-5,-5
R,11819,15298,1085.8,39,-4,1032,-3,-6,-5
R,11860,15321,1091.5,39,-4,1032,-3,-5,-5
R,11900,15344,1097.1,39,-5,1032,-3,-6,-5
R,11940,15367,1102.7,39,-4,1032,-3,-5,-5
R,11980,15391,1108.3,39,-4,1033,-3,-6,-5
R,12020,15414,1113.9,39,-5,1032,-3,-6,-5
R,12060,15437,1119.6,39,-4,1033,-3,-5,-5
R,12100,15460,1125.2,39,-4,1032,-3,-6,-5
R,12140,15483,1130.8,39,-3,1031,-3,-5,-5
R,12180,15506,1136.5,38,-5,1030,-4,-5,-5
R,12220,15529,1142.1,39,-3,1032,-3,-6,-5
R,12260,15553,1147.8,39,-4,1032,-3,-5,-6
R,12299,15576,1153.3,38,-4,1032,-3,-6,-6
R,12340,15599,1159.2,39,-5,1032,-3,-5,-5
R,12380,15622,1164.9,39,-5,1032,-3,-6,-5
R,12419,15645,1170.4,39,-5,1034,-4,-5,-5
R,12460,15668,1176.3,40,-2,1031,-2,-6,-5
R,12500,15691,1182.0,38,-3,1028,-4,-6,-5
R,12540,15715,1187.7,37,-4,1022,-3,-7,-5
R,12580,15738,1193.4,40,-4,1014,0,-8,-5
R,12620,15761,1199.2,38,-3,1050,-2,-6,-5
R,12660,15784,1204.9,41,-4,1039,-3,-6,-5
R,12700,15807,1210.7,38,-4,1021,-3,-6,-5
R,12740,15830,1216.5,39,-3,1036,-1,-7,-5
R,12780,15853,1222.2,39,-3,1033,-3,-6,-6
R,12820,15877,1228.0,40,-4,1036,-3,-5,-5
R,12860,15900,1233.8,39,-4,1031,-3,-6,-5
R,12900,15923,1239.6,39,-4,1034,-2,-6,-5
R,12940,15946,1245.4,39,-4,1034,-3,-6,-6
R,12980,15969,1251.2,39,-4,1028,-4,-5,-5
R,13020,15992,1257.1,39,-3,1030,-2,-6,-5
R,13059,16015,1262.7,39,-3,1035,-3,-6,-5
R,13100,16039,1268.7,39,-4,1031,-3,-6,-5
R,13140,16062,1274.6,39,-3,1029,-2,-6,-5
R,13180,16085,1280.4,39,-3,1034,-2,-6,-5
R,13220,16108,1286.3,40,-3,1036,-3,-6,-5
R,13260,16131,1292.2,39,-3,1033,-4,-5,-5
R,13300,16154,1298.1,40,-4,1027,-2,-6,-5
R,13340,16086,1303.9,40,-2,1037,-2,-6,-5
R,13380,15988,1309.8,40,-3,1034,-4,-5,-5
R,13420,15889,1315.6,39,-2,1029,-4,-5,-5
R,13460,15791,1321.4,40,-3,1037,-4,-5,-5
[dump] J60 t_ms=1907
[dump] J330 t_ms=5386 vcross_x100=10813 vtrap_x100=10450
[dump] J660 t_ms=8371 vcross_x100=13420 vtrap_x100=13191
[dump] J1320 t_ms=13255 vcross_x100=15797 vtrap_x100=16058
[dump] FIN RUN #1 t60=1907 t330=5386 t660=8371 t1320=13255
