[dump] RUN #1 heure=15:01:45 src=SEUIL_GPS rollout_ms=0 unit=00001 dyn=4 rate_ms=40 gps=1 pre=10 imuf=2/7 ecu=HP statut=TERMINE
[dump] colonnes: R,elapsed_ms,kmh_x100,dist_ft,ax_mg,ay_mg,az_mg,gx_ds10,gy_ds10,gz_ds10
R,-1474,40,0.0,36,-7,1018,2,0,1
R,-1330,40,0.0,36,-7,1016,2,0,1
R,-1177,40,0.0,36,-7,1018,2,0,1
R,-1025,40,0.0,35,-8,1018,2,0,0
R,-876,40,0.0,36,-7,1017,2,0,0
R,-731,40,0.0,37,-7,1018,2,0,0
R,-585,40,0.0,36,-8,1017,2,0,0
R,-440,40,0.0,36,-7,1018,2,0,0
R,-295,40,0.0,36,-7,1018,2,0,0
R,-148,40,0.0,36,-8,1017,2,0,0
R,144,736,0.6,36,-7,1019,2,0,1
R,184,902,0.9,35,-7,1017,2,0,0
R,225,1068,1.2,36,-8,1017,2,0,1
R,265,1235,1.7,36,-8,1018,2,0,1
R,305,1401,2.1,36,-9,1019,2,0,0
R,345,1568,2.7,36,-7,1017,1,0,0
R,385,1734,3.3,36,-7,1017,2,0,0
R,424,1900,3.9,36,-7,1017,2,0,1
R,464,2067,4.7,36,-8,1018,2,0,0
R,505,2221,5.5,35,-7,1019,2,0,1
R,545,2325,6.3,36,-7,1017,2,0,1
R,585,2429,7.1,36,-6,1018,2,0,0
R,625,2533,8.1,36,-7,1018,2,0,0
R,664,2637,9.0,35,-7,1018,2,0,0
R,705,2741,10.0,35,-7,1018,2,0,0
R,745,2845,11.0,36,-7,1017,2,0,1
R,785,2949,12.0,36,-8,1018,2,0,1
R,825,3053,13.1,36,-7,1017,2,0,0
R,865,3157,14.3,36,-7,1018,2,0,0
R,905,3261,15.4,36,-8,1017,2,0,1
R,945,3365,16.7,35,-7,1019,2,0,0
R,985,3469,17.9,36,-8,1018,2,0,0
R,1025,3536,19.2,36,-8,1017,2,0,1
R,1064,3588,20.4,36,-7,1017,2,0,0
R,1105,3640,21.8,36,-8,1018,2,0,0
R,1145,3692,23.1,36,-7,1018,2,0,0
R,1185,3744,24.5,37,-8,1016,2,0,0
R,1225,3796,25.9,36,-8,1016,2,0,1
R,1265,3848,27.3,35,-8,1018,2,0,0
R,1305,3900,28.7,36,-7,1019,2,0,1
R,1345,3952,30.1,36,-8,1016,2,0,1
R,1385,4004,31.5,36,-7,1018,2,0,0
R,1425,4056,33.0,36,-7,1019,2,0,0
R,1465,4108,34.5,36,-9,1018,2,0,0
R,1505,4160,36.0,36,-7,1017,2,0,1
R,1545,4212,37.5,36,-8,1018,2,0,0
R,1585,4264,39.1,36,-8,1018,2,0,0
R,1625,4316,40.6,36,-8,1018,2,0,0
R,1665,4368,42.2,35,-8,1017,2,0,1
R,1705,4420,43.8,36,-8,1018,2,0,0
R,1745,4472,45.4,36,-8,1019,2,0,0
R,1785,4524,47.1,36,-9,1017,2,0,0
R,1825,4576,48.7,37,-8,1018,2,0,0
R,1865,4628,50.4,36,-9,1018,2,0,0
R,1904,4680,52.1,36,-8,1018,2,0,0
R,1945,4732,53.8,37,-8,1018,2,0,0
R,1985,4784,55.6,36,-8,1018,2,0,1
R,2025,4869,57.3,36,-9,1017,2,0,0
R,2065,4968,59.1,36,-8,1019,2,0,1
R,2105,5066,61.0,36,-8,1018,2,0,1
R,2145,5165,62.8,36,-7,1016,2,0,1
R,2184,5264,64.7,36,-7,1019,2,0,1
R,2225,5362,66.7,37,-7,1018,2,0,1
R,2265,5461,68.6,37,-7,1017,2,0,0
R,2305,5560,70.6,36,-8,1016,2,0,0
R,2345,5658,72.7,36,-7,1018,2,0,0
R,2385,5757,74.8,36,-8,1018,2,0,1
R,2425,5856,76.9,35,-8,1018,2,0,0
R,2465,5954,79.0,36,-7,1017,1,0,1
R,2505,6053,81.2,36,-7,1018,2,0,0
R,2545,6152,83.4,35,-7,1018,2,0,0
R,2585,6250,85.7,35,-7,1017,2,0,1
R,2625,6349,88.0,35,-8,1018,2,0,1
R,2665,6448,90.3,36,-8,1018,2,0,0
R,2705,6546,92.7,35,-7,1019,2,0,1
R,2745,6645,95.1,36,-7,1017,2,0,0
R,2785,6744,97.5,36,-8,1017,2,0,0
R,2825,6842,100.0,36,-7,1018,2,0,0
R,2865,6941,102.5,36,-8,1018,2,0,0
R,2905,7040,105.1,36,-8,1017,2,0,0
R,2945,7138,107.7,36,-8,1017,2,0,0
R,2985,7237,110.3,35,-7,1017,2,0,1
R,3025,7336,112.9,36,-7,1018,2,0,0
R,3065,7434,115.6,36,-7,1018,2,0,1
R,3105,7533,118.4,36,-7,1017,2,0,1
R,3145,7632,121.1,36,-8,1019,2,0,0
R,3185,7730,123.9,36,-7,1017,2,0,1
R,3225,7829,126.8,36,-7,1018,2,0,0
R,3265,7928,129.6,36,-8,1018,2,0,0
R,3305,8026,132.5,37,-7,1017,2,0,0
R,3345,8125,135.5,36,-7,1018,2,0,0
R,3384,8224,138.4,36,-7,1016,2,0,0
R,3425,8322,141.5,36,-6,1018,2,0,0
R,3465,8421,144.5,36,-8,1018,2,0,1
R,3505,8509,147.6,36,-7,1018,2,0,1
R,3545,8554,150.7,36,-8,1016,2,0,0
R,3585,8599,153.9,36,-8,1018,2,0,0
R,3625,8644,157.0,36,-8,1017,2,0,0
R,3665,8689,160.2,36,-8,1019,2,0,0
R,3705,8733,163.3,37,-8,1017,2,0,0
R,3745,8778,166.5,36,-8,1017,2,0,1
R,3785,8823,169.7,37,-8,1019,2,0,0
R,3825,8868,173.0,36,-8,1018,2,0,0
R,3864,8913,176.1,35,-7,1017,2,0,1
R,3905,8958,179.5,37,-7,1017,2,0,0
R,3945,9003,182.7,35,-8,1017,2,0,0
R,3985,9048,186.0,35,-7,1017,2,0,0
R,4025,9093,189.3,36,-8,1018,2,0,0
R,4065,9138,192.7,36,-7,1017,2,0,1
R,4105,9182,196.0,36,-9,1017,2,0,0
R,4145,9227,199.3,36,-7,1017,2,0,0
R,4185,9272,202.7,36,-8,1018,3,0,1
R,4224,9317,206.0,37,-8,1020,2,0,1
R,4265,9362,209.5,36,-7,1017,2,0,1
R,4305,9407,212.9,36,-8,1017,2,0,1
R,4345,9452,216.4,37,-7,1018,2,0,0
R,4385,9497,219.8,36,-7,1019,2,0,1
R,4425,9542,223.3,37,-7,1017,2,0,0
R,4465,9587,226.8,37,-8,1017,2,0,0
R,4504,9631,230.2,36,-8,1018,2,0,1
R,4545,9676,233.8,36,-7,1019,2,0,0
R,4585,9721,237.3,36,-7,1017,2,0,0
R,4625,9766,240.9,36,-9,1018,2,0,0
R,4665,9811,244.5,36,-7,1019,2,0,0
R,4705,9856,248.0,36,-8,1018,2,0,1
R,4745,9901,251.6,35,-8,1017,2,0,0
R,4785,9946,255.3,36,-8,1017,2,0,0
R,4825,9991,258.9,36,-8,1018,2,0,1
R,4865,10036,262.5,36,-7,1018,1,0,1
R,4905,10080,266.2,36,-7,1017,2,0,1
R,4945,10125,269.9,36,-8,1017,2,0,1
R,4984,10170,273.5,36,-8,1018,2,0,1
R,5025,10215,277.3,36,-7,1018,2,0,1
R,5064,10260,281.0,36,-7,1018,2,0,1
R,5105,10305,284.8,35,-7,1018,2,0,0
R,5145,10350,288.6,36,-7,1017,2,0,0
R,5185,10395,292.3,36,-6,1018,2,0,1
R,5225,10440,296.1,36,-8,1018,2,0,0
R,5265,10484,300.0,36,-8,1018,2,0,0
R,5305,10529,303.8,36,-8,1017,2,0,0
R,5345,10574,307.6,36,-7,1018,2,0,1
R,5385,10619,311.5,35,-7,1017,2,0,0
R,5425,10664,315.4,35,-8,1018,2,0,1
R,5465,10707,319.3,37,-7,1018,2,0,0
R,5505,10742,323.2,36,-7,1017,2,0,0
R,5545,10778,327.1,36,-7,1019,2,0,1
R,5585,10813,331.0,35,-7,1017,2,0,0
R,5624,10848,334.9,36,-8,1017,2,0,0
R,5665,10884,338.9,36,-7,1017,2,0,0
R,5705,10919,342.9,36,-8,1018,2,0,0
R,5745,10955,346.9,36,-7,1017,2,0,0
R,5785,10990,350.9,36,-7,1017,2,0,0
R,5825,11025,354.9,36,-8,1019,2,0,1
R,5865,11061,358.9,37,-7,1018,2,0,0
R,5904,11096,362.9,36,-7,1018,2,0,1
R,5945,11131,367.0,35,-7,1017,2,0,0
R,5985,11167,371.1,37,-8,1018,2,0,0
R,6025,11202,375.2,36,-8,1018,2,0,1
R,6065,11237,379.3,36,-8,1018,2,0,1
R,6105,11273,383.4,36,-8,1017,2,0,1
R,6145,11308,387.5,36,-8,1019,2,0,0
R,6185,11343,391.6,37,-8,1017,2,0,0
R,6225,11379,395.8,36,-8,1018,2,0,1
R,6265,11414,399.9,35,-6,1018,2,0,1
R,6305,11449,404.1,36,-7,1018,2,0,0
R,6345,11485,408.3,36,-8,1017,2,0,0
R,6385,11520,412.4,37,-8,1017,2,0,0
R,6425,11555,416.7,36,-8,1018,2,0,0
R,6465,11591,420.9,36,-8,1017,2,0,0
R,6505,11626,425.1,36,-7,1018,2,0,1
R,6545,11661,429.3,36,-7,1017,2,0,0
R,6585,11697,433.6,36,-7,1018,2,0,0
R,6625,11732,437.9,36,-7,1017,1,0,0
R,6664,11768,442.1,35,-8,1017,2,0,0
R,6705,11803,446.5,37,-7,1018,2,0,0
R,6745,11838,450.8,36,-8,1018,2,0,0
R,6785,11874,455.1,37,-7,1018,2,0,0
R,6825,11909,459.4,36,-8,1017,2,0,1
R,6865,11944,463.8,36,-8,1018,2,0,1
R,6905,11980,468.1,36,-8,1018,2,0,1
R,6945,12015,472.5,37,-8,1018,2,0,1
R,6985,12050,476.9,37,-7,1017,2,0,0
R,7025,12086,481.3,36,-7,1018,2,0,0
R,7065,12121,485.7,37,-7,1018,1,0,1
R,7105,12156,490.1,36,-8,1017,2,0,0
R,7145,12192,494.6,36,-8,1018,2,0,0
R,7185,12227,499.0,36,-9,1017,2,0,1
R,7225,12262,503.5,37,-7,1017,2,0,0
R,7265,12298,508.0,36,-8,1016,2,0,1
R,7304,12333,512.3,36,-6,1019,2,0,0
R,7345,12368,516.9,37,-7,1018,2,0,0
R,7385,12404,521.5,36,-7,1018,2,0,0
R,7425,12439,526.0,37,-8,1017,2,0,0
R,7465,12475,530.5,37,-7,1019,2,0,1
R,7505,12510,535.1,36,-7,1018,1,0,0
R,7545,12545,539.7,37,-8,1017,2,0,0
R,7585,12581,544.2,37,-7,1017,2,0,0
R,7625,12616,548.8,36,-7,1019,2,0,1
R,7665,12651,553.4,36,-7,1018,1,0,1
R,7705,12687,558.0,35,-7,1016,2,0,0
R,7745,12722,562.7,36,-8,1017,2,0,0
R,7784,12757,567.2,36,-8,1017,2,0,0
R,7825,12793,572.0,37,-7,1017,2,0,1
R,7864,12828,576.5,37,-7,1016,2,0,0
R,7905,12863,581.3,36,-8,1018,2,0,0
R,7945,12899,586.0,36,-8,1018,2,0,1
R,7985,12934,590.7,36,-8,1018,2,0,1
R,8025,12969,595.5,36,-7,1018,2,0,1
R,8064,13005,600.1,37,-7,1017,2,0,0
R,8105,13040,604.9,37,-7,1018,2,0,1
R,8145,13075,609.7,36,-7,1017,2,0,1
R,8185,13111,614.5,37,-7,1018,2,0,0
R,8225,13146,619.3,37,-7,1018,2,0,0
R,8265,13181,624.1,36,-7,1018,2,0,0
R,8305,13217,628.9,36,-8,1017,2,0,0
R,8344,13252,633.6,36,-7,1019,2,0,0
R,8385,13288,638.5,36,-7,1017,2,0,0
R,8424,13323,643.3,36,-8,1018,2,0,0
R,8465,13358,648.2,36,-8,1017,2,0,0
R,8505,13382,653.1,36,-8,1017,2,0,1
R,8545,13405,658.0,36,-7,1018,2,0,0
R,8585,13428,662.9,36,-7,1017,2,0,0
R,8625,13451,667.8,36,-7,1018,2,0,0
R,8665,13475,672.7,36,-8,1018,2,0,0
R,8705,13498,677.6,37,-8,1018,2,0,0
R,8745,13521,682.5,36,-7,1017,2,0,0
R,8785,13544,687.5,36,-8,1019,2,0,1
R,8825,13567,692.4,35,-7,1019,2,0,0
R,8865,13590,697.4,36,-8,1017,2,0,1
R,8904,13613,702.2,36,-8,1018,2,0,1
R,8945,13637,707.3,36,-8,1018,2,0,0
R,8985,13660,712.3,36,-8,1018,2,0,1
R,9025,13683,717.2,36,-8,1018,1,0,1
R,9065,13706,722.2,36,-7,1017,2,0,0
R,9105,13729,727.2,36,-7,1018,2,0,0
R,9145,13752,732.2,37,-7,1018,2,0,0
R,9185,13775,737.3,36,-8,1017,2,0,0
R,9225,13799,742.3,36,-8,1018,2,0,1
R,9264,13822,747.2,36,-6,1018,2,0,0
R,9305,13845,752.4,35,-7,1017,2,0,0
R,9345,13868,757.4,36,-7,1018,2,0,0
R,9385,13891,762.5,35,-6,1018,2,0,0
R,9424,13914,767.4,36,-7,1017,2,0,1
R,9465,13937,772.6,36,-8,1017,2,0,1
R,9505,13960,777.7,36,-8,1018,2,0,0
R,9545,13984,782.8,36,-7,1018,2,0,0
R,9585,14007,787.9,36,-8,1017,2,0,0
R,9625,14030,793.0,35,-8,1017,2,0,0
R,9665,14053,798.1,35,-8,1018,2,0,0
R,9705,14076,803.3,36,-7,1018,2,0,0
R,9745,14099,808.4,36,-7,1018,2,0,0
R,9785,14122,813.5,36,-7,1018,2,0,0
R,9825,14146,818.7,36,-7,1018,2,0,0
R,9865,14169,823.9,36,-7,1018,2,0,1
R,9905,14192,829.0,36,-8,1018,2,0,0
R,9945,14215,834.2,36,-8,1017,2,0,0
R,9985,14238,839.4,37,-7,1017,2,0,1
R,10025,14261,844.6,36,-8,1019,2,0,0
R,10065,14284,849.8,36,-8,1016,2,0,0
R,10104,14308,854.9,36,-7,1018,2,0,1
R,10145,14331,860.2,36,-7,1018,2,0,0
R,10185,14354,865.4,36,-7,1017,2,0,0
R,10225,14377,870.7,36,-8,1019,2,0,1
R,10265,14400,875.9,37,-8,1018,2,0,0
R,10305,14423,881.2,36,-7,1018,2,0,0
R,10345,14446,886.4,36,-7,1017,2,0,1
R,10384,14470,891.6,36,-7,1019,2,0,1
R,10425,14493,897.0,36,-8,1018,2,0,0
R,10465,14516,902.3,36,-7,1018,2,0,0
R,10505,14539,907.6,36,-8,1018,2,0,0
R,10545,14562,912.9,36,-8,1017,2,0,1
R,10584,14585,918.1,36,-6,1018,2,0,0
R,10625,14608,923.5,36,-8,1018,2,0,0
R,10665,14632,928.8,36,-8,1018,2,0,0
R,10705,14655,934.2,36,-8,1017,2,0,1
R,10745,14678,939.5,37,-8,1017,2,0,1
R,10785,14701,944.9,36,-7,1018,2,0,1
R,10825,14724,950.2,36,-7,1018,2,0,0
R,10865,14747,955.6,36,-7,1017,2,0,0
R,10905,14770,961.0,36,-7,1019,2,0,0
R,10945,14794,966.4,36,-7,1019,2,0,0
R,10985,14817,971.8,36,-8,1017,2,0,0
R,11025,14840,977.2,36,-7,1017,2,0,1
R,11065,14863,982.6,35,-8,1018,2,0,1
R,11105,14886,988.0,36,-8,1019,2,0,1
R,11145,14909,993.5,36,-7,1017,2,0,0
R,11185,14932,998.9,36,-7,1018,2,0,1
R,11225,14956,1004.3,37,-7,1017,2,0,1
R,11265,14979,1009.8,36,-8,1018,2,0,0
R,11305,15002,1015.3,36,-7,1017,2,0,0
R,11345,15025,1020.7,36,-8,1017,2,0,1
R,11385,15048,1026.2,36,-8,1018,2,0,1
R,11425,15071,1031.7,37,-7,1016,2,0,0
R,11465,15094,1037.2,37,-6,1019,2,0,0
R,11504,15118,1042.6,36,-8,1018,2,0,1
R,11545,15141,1048.2,37,-7,1018,2,0,1
R,11585,15164,1053.8,37,-7,1018,2,0,1
R,11625,15187,1059.3,36,-7,1019,2,0,0
R,11665,15210,1064.8,35,-7,1018,2,0,0
R,11705,15233,1070.4,35,-8,1018,1,0,0
R,11745,15256,1075.9,36,-7,1017,2,0,0
R,11785,15280,1081.5,36,-8,1019,2,0,1
R,11825,15303,1087.1,37,-7,1018,2,0,1
R,11865,15326,1092.7,36,-8,1017,2,0,0
R,11905,15349,1098.2,37,-7,1017,2,0,0
R,11945,15372,1103.8,37,-7,1018,2,0,0
R,11984,15395,1109.3,36,-7,1018,2,0,1
R,12025,15418,1115.1,36,-7,1017,2,0,0
R,12065,15441,1120.7,36,-8,1017,2,0,0
R,12105,15465,1126.3,37,-7,1018,2,0,0
R,12145,15488,1132.0,36,-7,1018,2,0,1
R,12185,15511,1137.6,37,-8,1017,2,0,1
R,12225,15534,1143.3,36,-7,1017,2,0,0
R,12265,15557,1148.9,36,-8,1019,2,0,0
R,12305,15580,1154.6,36,-7,1018,2,0,1
R,12345,15603,1160.3,37,-6,1018,2,0,0
R,12385,15627,1166.0,36,-7,1018,2,0,0
R,12425,15650,1171.7,36,-8,1018,2,0,0
R,12465,15673,1177.4,36,-7,1017,2,0,1
R,12505,15696,1183.1,36,-8,1018,2,0,0
R,12545,15719,1188.8,36,-6,1018,2,0,0
R,12585,15742,1194.6,36,-8,1017,2,0,1
R,12625,15765,1200.3,36,-7,1017,2,0,0
R,12665,15789,1206.1,35,-8,1017,2,0,0
R,12705,15812,1211.8,36,-7,1018,2,0,1
R,12745,15835,1217.6,36,-8,1016,2,0,0
R,12785,15858,1223.4,36,-7,1018,2,0,0
R,12825,15881,1229.2,36,-8,1018,2,0,0
R,12865,15904,1235.0,36,-7,1017,1,0,0
R,12904,15927,1240.6,36,-8,1017,2,0,0
R,12945,15951,1246.6,36,-7,1018,2,0,0
R,12985,15974,1252.4,36,-7,1018,2,0,1
R,13025,15997,1258.2,36,-7,1017,2,0,1
R,13065,16020,1264.1,37,-7,1018,2,0,1
R,13105,16043,1269.9,36,-8,1018,2,0,0
R,13145,16066,1275.8,36,-7,1018,2,0,1
R,13184,16089,1281.5,37,-8,1017,2,0,1
R,13225,16113,1287.5,36,-8,1018,2,0,0
R,13265,16136,1293.4,37,-8,1017,2,0,0
R,13305,16159,1299.2,36,-7,1018,2,0,1
R,13345,16066,1305.1,36,-8,1017,2,0,0
R,13384,15968,1310.8,37,-7,1018,2,0,0
R,13425,15870,1316.8,36,-8,1018,2,0,1
R,13465,15771,1322.5,36,-7,1018,2,0,0
[dump] J60 t_ms=1908
[dump] J330 t_ms=5387 vcross_x100=10813 vtrap_x100=10450
[dump] J660 t_ms=8372 vcross_x100=13419 vtrap_x100=13191
[dump] J1320 t_ms=13256 vcross_x100=15797 vtrap_x100=16058
[dump] FIN RUN #1 t60=1908 t330=5387 t660=8372 t1320=13256
