[dump] RUN #1 heure=12:34:04 src=SEUIL_GPS rollout_ms=0 unit=DELZO dyn=4 rate_ms=40 gps=2 pre=8 imuf=2/7 ecu=HP statut=ABANDON
[dump] colonnes: R,elapsed_ms,kmh_x100,dist_ft,ax_mg,ay_mg,az_mg,gx_ds10,gy_ds10,gz_ds10
R,-1464,10,0.0,33,-79,1018,2,0,0
R,-1267,8,0.0,33,-80,1019,2,0,0
R,-1088,5,0.0,32,-80,1013,3,-1,1
R,-909,8,0.0,31,-77,1016,3,0,1
R,-732,19,0.0,31,-81,1018,1,0,0
R,-533,18,0.0,22,-61,1034,5,-1,1
R,-350,23,0.0,-48,58,1034,10,11,14
R,-175,89,0.0,-49,89,997,2,1,18
R,210,343,0.6,-58,78,1011,-4,-1,57
R,226,361,0.6,-56,77,1010,-5,0,60
R,251,415,0.7,-57,80,1008,-5,2,63
R,293,458,0.9,-57,82,1005,-8,4,68
R,332,481,1.1,-54,82,1005,-10,5,72
R,373,510,1.3,-56,77,1005,-11,7,75
R,413,552,1.4,-69,70,1002,-14,8,78
R,452,570,1.6,-95,59,1002,-14,9,82
R,491,582,1.9,-121,53,1003,-13,9,89
R,530,597,2.1,-141,51,1010,-15,5,95
R,572,619,2.3,-157,42,1008,-15,-4,103
R,612,655,2.5,-164,11,1020,-12,-15,111
R,650,692,2.8,-175,17,1015,-13,-22,114
R,691,754,3.0,-152,-14,1054,-8,-30,119
R,730,791,3.3,-120,-5,1064,-4,-33,124
R,786,801,3.7,-44,-20,1127,5,-25,128
R,851,844,4.2,-19,-5,1158,21,-6,137
R,894,855,4.5,-45,10,1154,33,2,140
R,937,836,4.9,-77,-14,1144,32,1,146
R,971,818,5.1,-138,33,1109,45,4,152
R,1013,828,5.4,-172,18,1061,49,3,159
R,1053,827,5.7,-180,15,1037,43,4,168
R,1092,868,6.0,-188,26,1006,46,6,175
R,1131,920,6.4,-194,47,985,46,3,181
R,1172,980,6.7,-212,50,967,44,-7,186
R,1213,1001,7.1,-164,43,964,41,-16,190
R,1252,1036,7.4,-168,66,976,40,-12,197
R,1291,1064,7.8,-124,25,1013,37,0,204
R,1331,1088,8.2,-127,47,1026,35,12,212
R,1371,1125,8.6,-150,55,1034,41,17,218
R,1413,1169,9.0,-188,39,1016,41,14,225
R,1450,1209,9.4,-179,42,1029,45,13,229
R,1490,1221,9.9,-136,40,1051,46,22,231
R,1530,1224,10.3,-163,48,1047,47,38,235
R,1571,1224,10.8,-211,48,1031,51,43,239
R,1613,1223,11.3,-248,37,1033,49,35,244
R,1652,1229,11.7,-286,20,1064,61,25,248
R,1692,1270,12.2,-286,-13,1036,62,16,257
R,1731,1329,12.6,-322,-28,1085,75,11,262
R,1785,1381,13.3,-278,8,1043,81,-2,272
R,1852,1461,14.2,-268,44,1027,91,9,279
R,1894,1497,14.7,-293,80,1015,80,-3,280
R,1931,1531,15.2,-301,82,1002,77,-15,280
R,1971,1578,15.8,-290,53,1012,69,-25,282
R,2012,1593,16.4,-229,86,1060,55,-15,285
R,2051,1598,17.0,-295,53,1046,50,-14,286
R,2091,1620,17.5,-310,10,1040,58,-26,285
R,2131,1651,18.1,-272,34,1020,68,-32,287
R,2171,1686,18.7,-249,68,1026,52,-17,296
R,2213,1724,19.4,-315,63,1004,44,-13,309
R,2251,1730,20.0,-276,34,1013,35,-23,318
R,2291,1745,20.6,-148,104,1010,22,-4,326
R,2332,1765,21.3,-170,82,1011,3,19,331
R,2373,1794,21.9,-169,60,1026,-6,26,331
R,2413,1822,22.6,-189,70,1022,-9,40,327
R,2452,1851,23.3,-247,9,1020,-12,37,322
R,2491,1866,23.9,-236,51,1005,-14,39,319
R,2533,1885,24.6,-358,3,997,-21,31,318
R,2573,1900,25.3,-436,-50,1005,-3,-9,309
R,2613,1919,26.0,-401,38,1016,-8,-43,308
R,2654,1935,26.7,-281,-14,1017,-18,-43,307
R,2692,1942,27.4,-237,-11,1023,-16,-37,310
R,2732,1947,28.1,-187,10,1027,-10,-27,309
R,2789,1975,29.1,-108,32,1027,8,-6,307
R,2853,2019,30.3,-119,51,1025,8,7,300
R,2897,2046,31.1,-123,80,1009,15,15,290
R,2936,2056,31.9,-159,78,1011,10,18,282
R,2971,2079,32.5,-151,63,995,-1,23,277
R,3013,2101,33.3,-164,111,1014,-12,28,271
R,3053,2125,34.1,-211,72,1016,-29,16,269
R,3094,2158,34.9,-147,65,1024,-26,11,264
R,3131,2183,35.6,-153,56,1037,-27,14,256
R,3172,2213,36.4,-149,30,1039,-21,20,247
R,3213,2223,37.3,-180,48,1014,-14,24,238
R,3253,2221,38.1,-208,29,1030,-7,20,232
R,3293,2238,38.9,-207,48,1014,0,14,226
R,3332,2256,39.7,-204,57,998,2,8,223
R,3373,2273,40.5,-195,72,985,6,6,220
R,3430,2307,41.7,-187,95,984,2,10,213
R,3452,2343,42.2,-190,97,994,2,10,211
R,3494,2375,43.1,-200,101,999,0,6,205
R,3533,2399,43.9,-172,99,1012,-7,-2,198
R,3574,2414,44.8,-169,86,1031,-8,-5,193
R,3613,2424,45.7,-150,89,1041,-10,-6,187
R,3651,2428,46.5,-130,85,1052,-9,-6,181
R,3692,2456,47.5,-107,94,1048,-5,-5,174
R,3732,2487,48.4,-63,105,1042,-1,0,166
R,3786,2504,49.6,-75,97,1048,0,2,155
R,3852,2555,51.1,-68,104,1036,1,6,140
R,3894,2588,52.1,-76,131,1019,4,4,132
R,3930,2592,52.9,-57,125,1004,1,6,126
R,3970,2597,53.9,-65,129,1010,3,12,121
R,4012,2621,54.9,-81,126,1006,1,15,115
R,4052,2654,55.8,-78,116,996,0,20,112
R,4092,2674,56.8,-128,124,1008,0,26,112
R,4131,2702,57.8,-149,109,1012,0,29,112
R,4171,2730,58.8,-177,108,1019,-1,31,114
R,4211,2743,59.8,-203,117,1023,-4,29,116
R,4251,2759,60.8,-217,105,1024,-1,23,118
R,4291,2782,61.8,-230,113,1034,2,12,116
R,4331,2815,62.8,-195,117,1031,-1,7,114
R,4372,2843,63.8,-197,115,1024,2,3,112
R,4410,2865,64.8,-177,123,1022,1,1,111
R,4450,2896,65.9,-160,122,1023,3,-2,108
R,4491,2929,67.0,-146,134,1029,7,-8,106
R,4531,2965,68.0,-114,135,1019,4,-11,102
R,4572,2988,69.2,-99,152,1017,9,-7,96
R,4611,3018,70.2,-78,161,1020,5,-6,91
R,4651,3048,71.3,-62,163,1031,4,-2,85
R,4692,3080,72.5,-65,179,990,5,0,78
R,4732,3120,73.6,-43,167,1011,5,3,72
R,4788,3137,75.2,-47,173,1022,2,6,66
R,4852,3186,77.0,-58,183,1019,2,7,58
R,4895,3206,78.3,-63,185,1018,3,6,53
R,4936,3237,79.5,-71,179,1028,3,9,49
R,4972,3266,80.6,-80,187,1017,2,10,47
R,5012,3291,81.8,-92,185,1010,1,9,45
R,5053,3329,83.0,-89,192,1016,1,3,43
R,5094,3363,84.3,-77,187,1023,0,3,41
R,5132,3405,85.4,-95,192,1016,2,2,39
R,5171,3441,86.6,-65,197,1004,3,0,36
R,5211,3457,87.9,-65,196,1018,-2,-2,33
R,5253,3486,89.2,-40,197,1018,1,-1,29
R,5291,3536,90.4,-60,201,1008,-1,-2,26
R,5332,3579,91.8,-31,203,1009,1,-6,22
R,5374,3610,93.1,-18,203,1019,-2,-3,18
R,5412,3616,94.4,-22,199,1020,0,-2,16
R,5452,3653,95.7,-22,206,1019,0,-1,13
R,5491,3690,97.0,-9,208,1014,0,3,10
R,5532,3734,98.4,-42,210,1005,0,5,10
R,5572,3775,99.8,-38,227,1018,-1,6,10
R,5611,3806,101.1,-31,220,1022,-2,11,10
R,5651,3845,102.5,-76,221,1014,-1,15,11
R,5693,3862,104.0,-82,218,1004,0,8,10
R,5732,3880,105.4,-76,225,1000,-2,7,11
R,5788,3922,107.4,-91,213,1014,0,0,11
R,5851,4014,109.6,-94,232,1008,0,0,11
R,5896,4057,111.3,-68,245,989,-2,-1,12
R,5931,4078,112.6,-51,245,996,-7,2,12
R,5972,4111,114.1,-51,255,999,-10,9,14
R,6023,4164,116.1,-76,230,1008,-4,6,14
R,6052,4218,117.2,-55,246,1007,-5,9,13
R,6092,4260,118.7,-83,248,1019,-8,10,12
R,6131,4294,120.2,-77,234,1028,-4,12,10
R,6171,4315,121.8,-101,242,997,-3,9,10
R,6211,4348,123.4,-97,243,1013,-2,5,10
R,6252,4404,125.0,-83,261,1007,1,5,11
R,6291,4447,126.6,-107,261,1000,-2,3,13
R,6332,4504,128.3,-75,264,1023,-5,3,12
R,6371,4538,129.9,-85,259,1023,-1,5,13
R,6411,4573,131.5,-89,267,1022,1,5,13
R,6453,4610,133.3,-86,272,1020,-4,2,13
R,6491,4661,134.9,-112,268,1023,4,1,14
R,6532,4714,136.6,-87,269,1039,1,4,13
R,6572,4763,138.4,-84,269,1019,4,4,13
R,6611,4806,140.1,-82,279,1016,4,4,15
R,6670,4849,142.7,-94,291,1011,-1,5,14
R,6692,4886,143.6,-78,291,1007,-2,5,13
R,6731,4927,145.4,-87,288,1002,0,7,12
R,6786,4979,147.9,-85,298,1005,-1,5,11
R,6850,5091,150.8,-94,279,1019,-8,1,11
R,6895,5140,152.9,-66,273,1028,-1,4,9
R,6938,5184,154.9,-79,268,1025,2,5,8
R,6971,5224,156.5,-62,269,1039,8,4,6
R,7013,5258,158.5,-70,283,1027,12,1,3
R,7051,5306,160.3,-40,275,1055,11,-4,1
R,7092,5358,162.3,-59,294,1028,10,-2,0
R,7132,5417,164.3,-55,289,1029,12,-7,-3
R,7172,5451,166.3,-53,305,1026,8,-7,-4
R,7212,5482,168.2,-29,301,1029,5,-5,-5
R,7252,5530,170.3,-57,297,1013,3,-3,-3
R,7293,5578,172.3,-47,282,1036,0,-1,-2
R,7331,5625,174.3,-73,295,1010,0,1,-1
R,7371,5678,176.3,-69,267,1017,-1,2,0
R,7412,5721,178.5,-91,272,1013,1,0,0
R,7451,5767,180.5,-107,257,1050,0,-6,2
R,7493,5817,182.7,-118,262,1029,4,-4,3
R,7532,5855,184.8,-95,277,1018,15,-4,4
R,7572,5894,186.9,-118,260,1016,7,-8,6
R,7612,5940,189.1,-95,273,1011,11,-15,6
R,7651,5977,191.2,-96,255,1038,8,-21,6
R,7693,6015,193.5,-79,283,1026,4,-19,5
R,7731,6069,195.6,-78,255,1041,8,-18,3
R,7786,6113,198.7,-10,285,1033,4,-10,3
R,7851,6206,202.3,-58,268,1010,5,1,2
R,7895,6250,204.8,-83,281,990,0,-2,4
R,7931,6285,206.9,-70,273,987,-1,-1,4
R,7971,6330,209.2,-41,278,981,-4,-3,4
R,8011,6374,211.5,-38,284,987,-8,9,5
R,8051,6418,213.8,-53,263,1005,-14,8,5
R,8092,6470,216.2,-88,250,985,-9,4,5
R,8131,6502,218.5,-67,226,1003,2,0,2
R,8174,6540,221.1,-82,236,1027,4,-4,0
R,8212,6573,223.3,-31,257,1025,9,-2,0
R,8251,6610,225.7,-44,245,1053,8,-4,0
R,8292,6656,228.2,-62,252,1052,7,-5,-1
R,8331,6695,230.5,-36,236,1088,14,-8,-2
R,8370,6748,232.9,-26,264,1083,17,-4,-1
R,8411,6794,235.5,-16,253,1090,12,2,-1
R,8453,6821,238.1,-35,255,1100,17,4,0
R,8490,6866,240.4,-13,270,1066,7,6,0
R,8531,6899,242.9,-48,226,1067,7,8,0
R,8572,6937,245.5,-54,256,1061,12,8,-1
R,8619,6967,248.5,-81,234,1026,1,2,-1
R,8652,7016,250.6,-61,241,1010,0,-1,-1
R,8692,7054,253.2,-71,233,1000,4,-5,-1
R,8731,7082,255.7,-59,227,989,0,-9,-1
R,8786,7124,259.2,-52,224,982,0,-5,0
R,8850,7207,263.4,-41,244,988,5,-12,0
R,8896,7245,266.4,-65,228,976,5,-11,0
R,8937,7291,269.2,-22,244,993,0,-9,0
R,8971,7330,271.4,-30,233,1008,-4,-5,0
R,9012,7358,274.2,1,231,1025,-6,0,0
R,9052,7377,276.9,-38,224,1036,-2,9,0
R,9092,7407,279.6,-21,198,1088,-1,8,0
R,9130,7457,282.1,-37,217,1082,5,15,0
R,9170,7485,284.8,-55,195,1101,7,13,0
R,9211,7522,287.7,-43,216,1100,16,11,2
R,9268,7552,291.6,-53,205,1058,18,7,1
R,9290,7584,293.1,-45,246,1044,18,9,0
R,9331,7627,295.9,-77,225,1036,1,3,1
R,9372,7668,298.8,-88,219,1017,3,-5,0
R,9412,7691,301.6,-48,235,1000,1,-8,-1
R,9451,7713,304.3,-23,209,990,0,-1,-1
R,9490,7759,307.1,-38,205,1016,2,2,-1
R,9530,7804,309.9,-24,210,1026,1,7,-1
R,9571,7835,312.8,-10,212,996,7,10,-1
R,9610,7859,315.6,-26,241,971,8,13,0
R,9651,7888,318.6,-57,230,970,2,15,0
R,9691,7912,321.4,-40,255,963,-3,11,1
R,9731,7965,324.3,-78,251,945,-17,6,1
R,9784,8015,328.2,-60,240,994,-15,0,1
R,9850,8080,333.0,-60,170,1016,-14,-3,-1
R,9896,8114,336.4,-70,206,1037,1,-5,-1
R,9932,8132,339.1,-51,203,1041,4,-5,-2
R,9971,8172,342.0,-40,235,1038,9,-3,-1
R,10012,8218,345.1,-56,244,1047,12,-2,0
R,10052,8267,348.1,-52,265,1021,5,-3,0
R,10093,8305,351.2,-59,277,1033,2,-6,1
R,10132,8340,354.1,-32,277,1022,2,-1,1
R,10171,8377,357.1,-48,268,1008,0,4,1
R,10212,8424,360.2,-49,266,1043,0,4,1
R,10251,8457,363.2,-57,274,1008,4,11,1
R,10290,8504,366.2,-86,273,991,-1,8,1
R,10331,8541,369.4,-68,279,984,-4,6,1
R,10373,8593,372.7,-62,248,995,-1,4,2
R,10412,8638,375.8,-87,265,994,-5,3,3
R,10452,8679,378.9,-62,245,981,0,6,1
R,10492,8721,382.1,-90,266,978,4,1,1
R,10532,8764,385.3,-94,268,996,6,-5,1
R,10572,8799,388.5,-75,283,988,-1,-4,0
R,10611,8846,391.6,-90,246,1022,2,-8,2
R,10651,8881,394.8,-93,244,1034,-2,-11,1
R,10691,8911,398.1,-79,244,1028,9,-11,0
R,10731,8956,401.3,-59,267,1051,8,-15,1
R,10784,9012,405.7,-54,235,1043,3,-9,1
R,10851,9105,411.2,-64,259,1037,0,-14,2
R,10896,9132,415.0,-48,239,1046,10,-7,1
R,10937,9159,418.4,-50,265,1049,5,-5,1
R,10974,9192,421.5,-91,222,1022,5,-9,1
R,11012,9230,424.7,-84,255,1027,11,-15,1
R,11051,9282,427.9,-39,261,1050,9,-12,0
R,11091,9342,431.3,-64,242,1036,13,-12,0
R,11131,9387,434.8,-42,269,1054,11,-11,0
R,11172,9410,438.3,-61,251,1014,12,-13,-1
R,11216,9446,442.0,-47,275,1051,12,-10,0
R,11251,9487,445.1,-23,274,1036,7,-7,-1
R,11290,9532,448.4,-13,246,1053,8,0,0
R,11331,9577,452.0,-35,265,1038,7,0,0
R,11371,9612,455.5,-40,229,1057,0,1,0
R,11411,9644,459.0,-42,264,1057,4,2,1
R,11451,9688,462.5,-58,244,1033,2,0,0
R,11491,9736,466.1,-43,247,1058,12,2,0
R,11531,9776,469.6,-65,266,1022,5,1,0
R,11572,9801,473.3,-46,215,1047,8,-3,0
R,11610,9843,476.7,-26,273,1007,10,2,0
R,11651,9886,480.4,-33,229,1021,0,1,0
R,11691,9933,484.0,-49,255,1037,-1,5,0
R,11730,9951,487.5,-45,235,1009,0,6,0
R,11784,9987,492.4,-42,246,1026,-10,7,0
R,11866,10076,499.9,-55,226,1010,-4,5,1
R,11895,10108,502.6,-63,213,983,-9,1,0
R,11931,10130,505.9,-13,172,1020,-7,2,0
R,11971,10149,509.6,-46,218,972,-4,3,0
R,12011,10190,513.3,-23,144,1004,-10,4,0
R,12051,10234,517.0,-23,200,973,-1,8,-1
R,12091,10256,520.8,-28,158,951,-10,10,0
R,12131,10281,524.5,-35,187,947,-10,7,1
R,12171,10308,528.3,-55,155,920,-23,7,0
R,12212,10331,532.1,-31,122,963,-13,5,0
R,12251,10357,535.8,-74,142,903,-19,0,2
R,12290,10395,539.5,-56,82,962,-18,-10,1
R,12331,10419,543.4,-64,111,955,-13,-17,0
R,12371,10434,547.2,-32,58,1041,-5,-21,0
R,12412,10437,551.1,-15,92,1071,9,-21,-1
R,12451,10440,554.8,6,51,1150,23,-11,-2
R,12491,10460,558.6,19,142,1136,27,-1,-2
R,12530,10489,562.3,9,110,1170,29,4,-1
R,12571,10506,566.3,8,210,1119,18,15,0
R,12611,10542,570.1,5,139,1145,-3,16,2
R,12650,10570,573.8,-46,157,1078,-18,15,4
R,12691,10583,577.8,-46,74,1055,-16,8,3
R,12729,10603,581.5,-48,59,1040,1,0,2
R,12783,10625,586.7,-54,57,984,5,0,0
R,12811,10640,589.4,-25,56,987,21,0,-1
R,12850,10664,593.2,-35,116,959,12,-3,-2
R,12894,10684,597.5,-9,117,979,25,-1,-4
R,12936,10687,601.6,-38,129,952,13,-7,-2
R,12970,10696,604.9,-17,111,995,7,-8,-2
R,13013,10716,609.1,-28,141,945,-1,-11,-1
R,13051,10749,612.8,-9,81,1011,-8,-8,0
R,13092,10792,616.8,35,134,990,-12,-4,0
R,13131,10812,620.6,-3,58,1020,-21,0,1
R,13172,10816,624.7,6,95,996,-13,8,0
R,13210,10822,628.4,5,46,1029,-12,9,1
R,13250,10839,632.4,-1,71,1021,-17,16,1
R,13291,10852,636.4,-23,39,1012,-9,10,1
R,13331,10858,640.4,-37,81,976,-5,11,1
R,13372,10869,644.4,-23,46,990,-6,11,1
R,13411,10877,648.3,-63,94,946,0,5,1
R,13451,10902,652.3,-51,54,938,-7,-4,1
R,13491,10913,656.3,-44,72,937,-7,-8,0
R,13532,10930,660.3,-36,53,951,-10,-13,0
R,13571,10953,664.2,-14,52,984,1,-14,0
R,13611,10970,668.2,-6,54,1004,0,-15,0
R,13651,10992,672.2,17,49,1045,11,-4,-1
R,13691,10992,676.2,13,72,1034,12,0,-1
R,13730,10993,680.1,13,70,1086,7,4,0
R,13785,11002,685.7,17,44,1091,-3,9,0
R,13851,11023,692.3,-8,67,1071,-1,15,0
R,13895,11028,696.7,-8,68,1064,-4,12,0
R,13932,11064,700.4,-28,33,1060,-6,9,0
R,13971,11087,704.4,-39,23,1046,5,7,0
R,14011,11098,708.4,-44,16,1007,1,-1,0
R,14052,11099,712.6,-18,-4,1054,5,-3,-1
R,14091,11093,716.5,-27,6,1005,6,-2,-1
R,14132,11099,720.6,-25,0,1013,18,-6,-1
R,14171,11105,724.6,-4,37,972,15,-1,-1
R,14210,11109,728.5,-5,23,1019,12,1,0
R,14250,11120,732.6,-33,20,971,2,0,2
R,14291,11124,736.7,-33,2,1026,3,0,3
R,14332,11124,740.9,-36,-2,1037,1,-5,4
R,14371,11128,744.9,-37,-25,1081,8,-8,5
R,14414,11145,749.2,-75,-19,1056,10,-23,4
R,14462,11159,754.1,0,23,1054,11,-24,4
R,14491,11167,757.0,-46,37,991,7,-23,3
R,14531,11164,761.1,-15,-18,1053,-6,-25,3
R,14571,11157,765.2,-32,-12,1002,-11,-26,5
R,14611,11155,769.3,-46,-33,992,11,-18,5
R,14651,11166,773.3,-43,-21,942,-1,-27,6
R,14690,11172,777.3,-39,-56,1023,7,-34,7
R,14731,11184,781.5,-43,-34,977,5,-40,6
R,14787,11173,787.2,-24,-13,987,23,-41,4
R,14851,11164,793.7,4,-57,1072,21,-40,5
R,14895,11156,798.2,14,-59,1074,5,-33,7
R,14938,11163,802.5,43,-28,1095,16,-19,6
R,14971,11174,805.9,46,-11,1086,15,-2,6
R,15012,11157,810.1,11,-66,1132,9,7,10
R,15052,11157,814.1,-35,-45,1078,1,1,13
R,15110,11152,820.0,-70,-27,1052,7,1,17
R,15131,11133,822.2,-119,-81,1048,7,-4,18
R,15171,11128,826.2,-77,-80,1052,11,-15,18
R,15211,11132,830.3,-130,-90,960,2,-30,18
R,15250,11143,834.2,-43,-105,987,3,-33,17
R,15292,11146,838.5,-53,-108,931,1,-32,17
R,15334,11130,842.8,-56,-112,950,8,-28,17
R,15373,11125,846.7,-24,-102,902,2,-21,17
R,15412,11102,850.7,-62,-126,954,0,-19,18
R,15453,11074,854.8,-60,-110,921,-6,-19,19
R,15493,11054,858.8,-38,-153,959,-6,-19,21
R,15534,11069,863.0,-93,-161,947,-13,-22,20
R,15574,11059,867.0,-9,-169,1026,0,-22,20
R,15613,11050,870.9,-43,-183,1009,-12,-15,22
R,15653,11034,875.0,-14,-205,1091,-8,-6,22
R,15692,11005,878.9,-18,-197,1095,5,1,23
R,15733,10979,883.0,-15,-221,1124,2,11,26
R,15788,10941,888.5,-34,-247,1133,8,13,28
R,15853,10909,895.0,-81,-182,1019,-2,16,32
R,15896,10897,899.2,-131,-238,1030,1,15,37
R,15932,10888,902.8,-202,-147,917,-1,3,39
R,15974,10865,907.0,-185,-250,988,-20,-13,43
R,16013,10836,910.8,-166,-230,925,-5,-15,43
R,16052,10798,914.7,-234,-297,959,4,-44,43
R,16093,10763,918.7,-162,-217,921,13,-59,40
R,16132,10741,922.5,-125,-253,990,15,-64,36
R,16171,10727,926.3,-73,-199,1000,21,-56,31
R,16213,10718,930.4,-25,-248,1056,23,-50,27
R,16253,10695,934.3,-35,-219,1109,14,-36,26
R,16292,10670,938.1,23,-221,1159,22,-16,25
R,16332,10650,942.0,-43,-191,1132,14,-2,30
R,16372,10624,945.9,-36,-217,1139,8,14,37
R,16412,10604,949.8,-87,-216,1110,8,17,43
R,16452,10572,953.6,-123,-234,1094,-1,26,50
R,16491,10541,957.4,-133,-252,1079,2,27,55
R,16531,10516,961.2,-208,-272,1060,-2,26,60
R,16571,10489,965.0,-197,-274,1027,5,16,62
R,16611,10462,968.9,-226,-277,1006,2,6,63
R,16650,10432,972.6,-206,-260,999,12,5,61
R,16690,10401,976.4,-231,-245,965,15,-3,58
R,16731,10380,980.3,-240,-254,968,10,-16,56
R,16784,10358,985.3,-229,-231,941,5,-25,52
R,16851,10301,991.6,-192,-235,999,6,-25,51
R,16893,10277,995.5,-132,-260,1040,12,-19,50
R,16936,10274,999.5,-155,-239,1050,6,-14,51
R,16972,10269,1002.9,-141,-253,1051,12,-9,52
R,17011,10242,1006.6,-170,-244,1060,7,-13,53
R,17059,10198,1011.0,-184,-274,1081,12,-18,54
R,17092,10147,1014.1,-129,-247,1066,18,-17,52
R,17130,10128,1017.6,-171,-265,1041,10,-22,52
R,17172,10120,1021.5,-156,-262,1034,8,-26,51
R,17211,10094,1025.1,-111,-202,995,8,-21,50
R,17251,10062,1028.7,-132,-247,998,10,-12,51
R,17291,10018,1032.4,-116,-204,948,-4,-9,53
R,17331,9994,1036.0,-130,-250,979,1,-2,52
R,17372,10000,1039.8,-96,-233,972,1,5,54
R,17411,9983,1043.3,-134,-286,1003,0,7,55
R,17452,9952,1047.1,-99,-256,1033,16,14,54
R,17491,9922,1050.6,-162,-270,1032,1,8,54
R,17533,9890,1054.4,-128,-268,1079,16,9,53
R,17573,9869,1058.0,-174,-237,1055,10,9,53
R,17611,9828,1061.4,-179,-267,1090,11,4,54
R,17650,9806,1064.9,-170,-232,1075,9,4,56
R,17708,9811,1070.1,-193,-263,1047,-2,-1,60
R,17731,9790,1072.1,-178,-238,1041,-2,1,62
R,17786,9759,1077.0,-185,-273,1041,-1,1,63
R,17851,9702,1082.8,-193,-280,1028,2,7,65
R,17894,9682,1086.6,-182,-283,1043,16,4,64
R,17931,9650,1089.8,-179,-247,1010,9,6,65
R,17971,9617,1093.3,-195,-279,1014,13,3,64
R,18010,9588,1096.8,-196,-239,1003,6,5,64
R,18052,9558,1100.4,-231,-277,1012,3,0,65
R,18091,9533,1103.8,-205,-264,1002,5,1,65
R,18131,9503,1107.3,-195,-260,1009,0,1,67
R,18169,9479,1110.6,-203,-276,1046,5,2,67
R,18210,9459,1114.1,-177,-262,1048,7,9,67
R,18250,9427,1117.6,-205,-289,1049,4,6,68
R,18292,9400,1121.2,-175,-247,1048,12,16,68
R,18330,9386,1124.4,-202,-250,1025,2,17,68
R,18372,9356,1128.0,-192,-277,1077,3,9,68
R,18410,9329,1131.2,-214,-270,1057,1,6,68
R,18450,9300,1134.6,-219,-330,1088,3,-3,67
R,18490,9294,1138.0,-195,-267,1052,15,-1,65
R,18531,9287,1141.5,-183,-284,1070,17,-6,63
R,18571,9266,1144.9,-169,-262,1048,15,-11,62
R,18609,9209,1148.1,-141,-257,1048,17,-7,58
R,18649,9159,1151.4,-168,-266,1037,15,-12,56
R,18690,9122,1154.8,-93,-226,1016,15,-4,54
R,18730,9090,1158.2,-152,-250,1013,4,-7,53
R,18784,9103,1162.6,-115,-234,994,1,-4,52
R,18849,9050,1168.0,-108,-252,988,-3,-7,52
R,18892,9014,1171.5,-73,-244,997,0,-6,51
R,18936,8983,1175.2,-105,-261,976,2,-6,49
R,18970,8968,1177.9,-64,-246,993,0,-8,47
R,19010,8934,1181.2,-97,-239,966,-1,-11,44
R,19050,8906,1184.4,-66,-255,1003,-1,-20,42
R,19089,8877,1187.6,-44,-228,983,-1,-21,38
R,19129,8854,1190.8,-20,-253,1014,1,-21,34
R,19169,8837,1194.1,3,-228,1027,6,-18,31
R,19211,8801,1197.4,-8,-244,1027,7,-13,29
R,19250,8771,1200.6,13,-239,1027,3,-11,28
R,19290,8760,1203.8,49,-225,1042,2,0,28
R,19329,8748,1206.9,16,-236,1064,2,6,29
R,19370,8696,1210.1,34,-231,1045,7,12,30
R,19412,8655,1213.4,22,-243,1040,6,19,31
R,19451,8620,1216.5,-20,-242,1046,2,23,33
R,19490,8611,1219.6,-18,-227,1026,6,22,33
R,19530,8601,1222.7,-16,-223,1007,4,21,34
R,19570,8581,1225.9,-32,-243,1040,1,18,34
R,19609,8555,1228.9,-33,-236,1006,-2,18,33
R,19656,8514,1232.6,-69,-269,1029,2,2,32
R,19691,8478,1235.3,-31,-244,1030,9,0,31
R,19730,8443,1238.3,-38,-268,1055,8,1,32
R,19784,8427,1242.4,-10,-241,1027,3,-3,32
R,19850,8395,1247.5,-29,-235,1040,9,5,31
R,19893,8363,1250.8,7,-230,1031,12,9,31
R,19930,8321,1253.6,0,-234,1036,4,9,32
R,19970,8283,1256.6,-7,-229,1017,4,13,33
[dump] J60 t_ms=3945
[dump] J330 t_ms=9506 vcross_x100=8053 vtrap_x100=7639
[dump] J660 t_ms=13223 vcross_x100=10934 vtrap_x100=10809
[dump] FIN RUN #1 t60=3945 t330=9506 t660=13223 t1320=0
