[dump] RUN #1 heure=15:19:11 src=SEUIL_GPS rollout_ms=0 unit=00001 dyn=4 rate_ms=40 gps=1 pre=4 imuf=2/7 ecu=HP statut=TERMINE
[dump] colonnes: R,elapsed_ms,kmh_x100,dist_ft,ax_mg,ay_mg,az_mg,gx_ds10,gy_ds10,gz_ds10
R,-1226,40,0.0,34,-9,1016,2,0,0
R,-903,40,0.0,35,-8,1018,2,0,1
R,-575,40,0.0,36,-9,1017,2,0,1
R,-250,40,0.0,35,-8,1016,2,0,1
R,250,1813,2.9,34,-8,1017,2,0,1
R,291,1980,3.7,34,-9,1017,2,0,1
R,331,2146,4.4,35,-9,1018,2,0,0
R,371,2270,5.2,34,-8,1017,2,0,0
R,411,2374,6.1,34,-8,1018,2,0,1
R,451,2478,6.9,35,-9,1017,2,0,0
R,491,2582,7.9,34,-8,1017,2,0,1
R,531,2686,8.8,34,-8,1017,2,0,0
R,571,2790,9.8,35,-9,1018,2,0,1
R,611,2894,10.9,34,-8,1017,2,0,1
R,651,2998,11.9,35,-9,1016,2,0,1
R,691,3102,13.0,34,-9,1017,2,0,1
R,731,3206,14.2,35,-9,1017,2,0,0
R,771,3310,15.4,35,-8,1017,2,0,1
R,811,3414,16.6,34,-8,1016,2,0,1
R,851,3509,17.9,34,-8,1018,2,0,1
R,891,3561,19.2,35,-8,1018,2,0,0
R,931,3613,20.5,35,-7,1018,2,0,0
R,971,3665,21.8,35,-8,1016,2,0,0
R,1011,3717,23.1,35,-8,1017,2,0,0
R,1051,3769,24.5,35,-8,1017,2,0,1
R,1090,3821,25.9,35,-8,1017,2,0,0
R,1131,3873,27.3,35,-8,1017,2,0,1
R,1171,3925,28.7,34,-9,1017,2,0,0
R,1211,3977,30.2,34,-9,1017,2,0,1
R,1253,4032,31.7,34,-9,1017,2,0,1
R,1293,4084,33.2,34,-9,1017,2,0,0
R,1333,4136,34.7,35,-9,1017,2,0,0
R,1373,4188,36.2,35,-8,1019,2,0,1
R,1413,4240,37.7,35,-9,1018,2,0,0
R,1453,4292,39.3,34,-8,1018,2,0,0
R,1493,4344,40.8,35,-9,1018,2,0,0
R,1533,4396,42.4,34,-8,1017,2,0,0
R,1573,4448,44.0,35,-9,1018,2,0,1
R,1613,4500,45.7,35,-9,1017,2,0,0
R,1653,4552,47.3,35,-8,1018,2,0,1
R,1693,4604,49.0,35,-8,1018,2,0,0
R,1733,4656,50.7,34,-9,1017,2,0,1
R,1773,4708,52.4,34,-9,1017,2,0,0
R,1813,4760,54.1,34,-8,1019,2,0,0
R,1853,4822,55.9,34,-8,1017,2,0,0
R,1893,4921,57.6,35,-9,1016,2,0,0
R,1933,5020,59.5,34,-9,1017,2,0,0
R,1973,5118,61.3,34,-9,1017,2,0,0
R,2013,5217,63.2,35,-9,1017,2,0,1
R,2053,5316,65.1,34,-8,1017,2,0,1
R,2093,5414,67.1,35,-8,1017,2,0,0
R,2133,5513,69.1,34,-9,1017,2,0,0
R,2173,5612,71.1,34,-8,1018,2,0,1
R,2213,5710,73.1,35,-9,1017,2,0,1
R,2253,5809,75.2,34,-8,1018,2,0,0
R,2293,5908,77.4,34,-8,1018,2,0,0
R,2333,6006,79.5,34,-8,1017,2,0,1
R,2373,6105,81.8,34,-8,1017,2,0,0
R,2413,6204,84.0,35,-8,1017,2,0,0
R,2453,6302,86.3,34,-8,1018,2,0,1
R,2493,6401,88.6,35,-9,1017,2,0,0
R,2533,6500,90.9,35,-9,1017,2,0,0
R,2573,6598,93.3,35,-9,1017,2,0,0
R,2613,6697,95.8,34,-8,1019,2,0,0
R,2653,6796,98.2,34,-8,1018,2,0,1
R,2693,6894,100.7,35,-9,1018,2,0,1
R,2733,6993,103.2,34,-8,1017,2,0,1
R,2773,7092,105.8,35,-9,1018,2,0,1
R,2813,7190,108.4,35,-8,1018,2,0,1
R,2853,7289,111.1,34,-8,1018,2,0,0
R,2893,7388,113.7,35,-8,1019,2,0,1
R,2933,7486,116.4,35,-8,1017,2,0,0
R,2973,7585,119.2,34,-9,1018,2,0,0
R,3013,7684,122.0,35,-8,1018,2,0,1
R,3053,7782,124.8,35,-8,1017,2,0,0
R,3093,7881,127.6,34,-8,1018,2,0,1
R,3133,7980,130.5,35,-7,1017,2,0,1
R,3173,8078,133.5,35,-8,1017,2,0,1
R,3213,8177,136.4,34,-9,1018,2,0,1
R,3253,8276,139.4,34,-7,1018,2,0,0
R,3293,8374,142.5,34,-8,1017,2,0,1
R,3333,8473,145.5,35,-8,1019,2,0,0
R,3373,8533,148.6,35,-8,1017,2,0,1
R,3413,8577,151.7,35,-9,1019,2,0,0
R,3453,8622,154.9,34,-8,1017,2,0,1
R,3493,8667,158.0,36,-8,1018,2,0,1
R,3533,8712,161.2,35,-8,1017,2,0,1
R,3573,8757,164.4,35,-9,1017,2,0,1
R,3613,8802,167.6,35,-9,1018,2,0,1
R,3653,8847,170.8,34,-9,1017,2,0,1
R,3693,8892,174.0,35,-8,1019,2,0,1
R,3733,8937,177.3,35,-8,1018,2,0,1
R,3773,8982,180.5,34,-9,1018,2,0,1
R,3813,9026,183.8,35,-9,1018,2,0,1
R,3853,9071,187.1,35,-8,1019,2,0,1
R,3893,9116,190.4,34,-7,1017,2,0,1
R,3933,9161,193.8,35,-9,1018,2,0,1
R,3973,9206,197.1,35,-8,1019,2,0,1
R,4013,9251,200.5,34,-9,1017,2,0,1
R,4053,9296,203.9,35,-8,1019,2,0,1
R,4093,9341,207.3,35,-8,1017,2,0,0
R,4132,9386,210.6,35,-8,1018,2,0,1
R,4173,9431,214.1,34,-8,1017,2,0,1
R,4213,9475,217.6,34,-8,1018,2,0,0
R,4253,9520,221.0,34,-9,1018,2,0,1
R,4293,9565,224.5,34,-9,1018,2,0,1
R,4333,9610,228.0,34,-9,1017,2,0,1
R,4373,9655,231.5,34,-8,1017,2,0,0
R,4413,9700,235.0,34,-8,1018,2,0,1
R,4453,9745,238.6,35,-8,1018,2,0,1
R,4493,9790,242.1,35,-8,1018,2,0,0
R,4533,9835,245.7,34,-9,1016,2,0,0
R,4573,9879,249.3,35,-9,1018,2,0,1
R,4613,9924,252.9,35,-9,1018,2,0,0
R,4653,9969,256.5,35,-8,1017,2,0,1
R,4693,10014,260.2,35,-8,1017,2,0,1
R,4733,10059,263.8,34,-8,1018,2,0,1
R,4773,10104,267.5,35,-8,1017,2,0,1
R,4813,10149,271.2,34,-9,1016,2,0,1
R,4853,10194,274.9,35,-8,1017,2,0,0
R,4893,10239,278.6,34,-9,1017,2,0,0
R,4933,10284,282.4,35,-8,1019,2,0,1
R,4973,10328,286.1,34,-9,1016,2,0,1
R,5013,10373,289.9,35,-8,1018,2,0,1
R,5053,10418,293.7,35,-9,1017,2,0,0
R,5093,10463,297.5,34,-10,1018,2,0,1
R,5133,10508,301.3,35,-9,1016,2,0,1
R,5173,10553,305.2,35,-9,1017,2,0,1
R,5213,10598,309.0,34,-9,1018,2,0,1
R,5253,10643,312.9,35,-8,1018,2,0,0
R,5293,10688,316.8,34,-8,1017,2,0,1
R,5332,10726,320.6,34,-8,1017,2,0,0
R,5373,10761,324.6,35,-9,1017,2,0,1
R,5413,10796,328.5,34,-10,1016,2,0,0
R,5453,10832,332.5,35,-8,1018,2,0,1
R,5493,10867,336.4,34,-8,1016,2,0,1
R,5533,10902,340.4,35,-9,1017,2,0,1
R,5573,10938,344.4,35,-9,1017,2,0,0
R,5613,10973,348.4,35,-8,1016,2,0,1
R,5653,11008,352.4,34,-8,1017,2,0,0
R,5693,11044,356.4,34,-8,1017,2,0,1
R,5733,11079,360.4,35,-8,1017,2,0,0
R,5773,11114,364.5,35,-9,1017,2,0,1
R,5813,11150,368.5,34,-8,1017,2,0,1
R,5853,11185,372.6,35,-8,1017,2,0,1
R,5893,11221,376.7,35,-8,1017,2,0,1
R,5933,11256,380.8,35,-8,1016,2,0,1
R,5973,11291,384.9,35,-8,1018,2,0,0
R,6013,11327,389.0,34,-8,1016,2,0,0
R,6053,11362,393.2,35,-8,1017,2,0,0
R,6093,11397,397.3,36,-8,1018,2,0,1
R,6133,11433,401.5,35,-8,1017,2,0,0
R,6173,11468,405.6,35,-9,1016,2,0,0
R,6213,11503,409.8,34,-8,1016,2,0,1
R,6253,11539,414.0,34,-8,1017,2,0,0
R,6293,11574,418.2,34,-9,1016,2,0,1
R,6333,11609,422.5,35,-8,1017,2,0,1
R,6372,11645,426.6,35,-9,1017,2,0,1
R,6413,11680,431.0,34,-8,1018,2,0,1
R,6453,11715,435.2,35,-9,1016,2,0,1
R,6493,11751,439.5,34,-9,1016,2,0,0
R,6533,11786,443.8,35,-8,1017,2,0,1
R,6573,11821,448.1,35,-9,1017,2,0,1
R,6613,11857,452.4,34,-9,1017,2,0,0
R,6653,11892,456.7,34,-8,1016,2,0,1
R,6693,11927,461.1,35,-8,1017,2,0,1
R,6733,11963,465.4,35,-9,1017,2,0,0
R,6773,11998,469.8,35,-9,1017,2,0,1
R,6813,12034,474.2,35,-8,1016,2,0,1
R,6853,12069,478.6,34,-8,1018,2,0,1
R,6893,12104,483.0,35,-8,1016,2,0,1
R,6932,12140,487.3,35,-9,1017,2,0,0
R,6973,12175,491.8,35,-9,1017,2,0,0
R,7013,12210,496.3,35,-8,1017,2,0,1
R,7053,12246,500.7,34,-8,1018,2,0,1
R,7093,12281,505.2,34,-8,1016,2,0,1
R,7133,12316,509.7,34,-8,1018,2,0,0
R,7173,12352,514.2,35,-9,1017,2,0,1
R,7213,12387,518.7,34,-8,1017,2,0,1
R,7253,12422,523.2,36,-8,1017,2,0,1
R,7293,12458,527.7,35,-9,1018,2,0,1
R,7333,12493,532.3,34,-9,1017,2,0,1
R,7373,12528,536.9,35,-9,1016,3,0,1
R,7413,12564,541.4,35,-8,1017,2,0,0
R,7453,12599,546.0,34,-9,1016,2,0,1
R,7492,12634,550.5,34,-8,1017,2,0,0
R,7533,12670,555.2,34,-8,1016,2,0,1
R,7573,12705,559.8,34,-8,1018,2,0,0
R,7613,12741,564.5,35,-8,1017,2,0,0
R,7653,12776,569.1,34,-8,1017,2,0,1
R,7693,12811,573.8,35,-9,1016,2,0,1
R,7733,12847,578.5,35,-9,1017,2,0,1
R,7773,12882,583.2,35,-8,1017,2,0,1
R,7813,12917,587.9,35,-9,1017,2,0,1
R,7853,12953,592.6,35,-8,1018,2,0,1
R,7893,12988,597.3,35,-9,1017,2,0,1
R,7933,13023,602.1,35,-8,1017,2,0,1
R,7973,13059,606.8,35,-9,1016,2,0,0
R,8013,13094,611.6,34,-9,1018,2,0,1
R,8053,13129,616.4,34,-8,1017,2,0,1
R,8093,13165,621.1,35,-8,1017,2,0,1
R,8133,13200,626.0,34,-8,1017,2,0,0
R,8173,13235,630.8,35,-9,1017,2,0,0
R,8213,13271,635.6,35,-8,1017,2,0,0
R,8253,13306,640.4,34,-9,1016,2,0,1
R,8293,13341,645.3,35,-9,1017,2,0,0
R,8333,13371,650.2,34,-9,1017,2,0,1
R,8373,13394,655.0,35,-7,1017,2,0,1
R,8413,13417,659.9,35,-9,1016,2,0,0
R,8453,13440,664.8,34,-8,1017,2,0,1
R,8492,13464,669.6,34,-9,1016,2,0,0
R,8533,13487,674.6,34,-9,1018,2,0,0
R,8573,13510,679.6,35,-9,1016,2,0,1
R,8613,13533,684.5,35,-9,1016,2,0,0
R,8653,13556,689.4,35,-9,1018,2,0,0
R,8693,13579,694.4,35,-9,1016,2,0,0
R,8733,13602,699.3,34,-8,1018,2,0,0
R,8773,13626,704.3,34,-9,1017,2,0,1
R,8813,13649,709.3,35,-8,1017,2,0,1
R,8853,13672,714.2,35,-9,1017,2,0,1
R,8893,13695,719.2,34,-8,1017,2,0,0
R,8933,13718,724.2,35,-8,1017,2,0,0
R,8973,13741,729.2,35,-8,1017,2,0,1
R,9013,13764,734.3,34,-9,1016,2,0,0
R,9053,13788,739.3,34,-8,1017,2,0,0
R,9093,13811,744.3,35,-8,1016,2,0,1
R,9133,13834,749.3,35,-9,1017,2,0,0
R,9173,13857,754.4,35,-8,1017,2,0,1
R,9213,13880,759.4,35,-9,1016,2,0,0
R,9253,13903,764.5,35,-8,1018,2,0,1
R,9293,13926,769.6,34,-9,1016,2,0,1
R,9333,13950,774.7,35,-8,1017,2,0,1
R,9373,13973,779.8,35,-8,1017,2,0,1
R,9413,13996,784.9,34,-9,1017,2,0,1
R,9452,14019,789.8,34,-8,1017,2,0,1
R,9493,14042,795.1,34,-8,1017,2,0,1
R,9533,14065,800.2,34,-8,1017,2,0,1
R,9573,14088,805.3,34,-8,1017,2,0,1
R,9613,14111,810.5,35,-8,1017,2,0,0
R,9653,14135,815.6,35,-8,1016,2,0,1
R,9693,14158,820.8,34,-8,1016,2,0,0
R,9733,14181,825.9,35,-8,1016,2,0,0
R,9773,14204,831.1,35,-9,1017,2,0,0
R,9813,14227,836.3,35,-9,1017,2,0,0
R,9853,14250,841.5,34,-8,1017,2,0,0
R,9893,14273,846.7,35,-8,1018,2,0,1
R,9933,14297,851.9,35,-9,1016,2,0,1
R,9973,14320,857.1,34,-9,1017,2,0,0
R,10013,14343,862.3,35,-9,1017,2,0,1
R,10053,14366,867.6,34,-10,1017,2,0,1
R,10093,14389,872.8,34,-8,1017,2,0,1
R,10133,14412,878.1,35,-8,1017,2,0,0
R,10173,14435,883.3,34,-9,1017,2,0,0
R,10213,14459,888.6,35,-9,1017,2,0,0
R,10253,14482,893.9,35,-9,1016,2,0,1
R,10293,14505,899.1,35,-7,1017,2,0,0
R,10333,14528,904.4,35,-8,1017,2,0,0
R,10373,14551,909.7,35,-9,1017,2,0,0
R,10412,14574,914.9,34,-8,1018,2,0,1
R,10453,14597,920.4,35,-8,1017,2,0,1
R,10493,14621,925.7,35,-7,1016,2,0,1
R,10533,14644,931.0,35,-9,1016,2,0,1
R,10573,14667,936.4,34,-8,1018,2,0,0
R,10613,14690,941.7,36,-8,1017,2,0,0
R,10652,14713,946.9,35,-9,1018,2,0,1
R,10693,14736,952.4,35,-8,1017,2,0,0
R,10733,14759,957.8,35,-8,1018,2,0,1
R,10773,14783,963.2,34,-8,1016,2,0,0
R,10813,14806,968.6,34,-9,1016,3,0,0
R,10853,14829,974.0,34,-8,1018,2,0,0
R,10893,14852,979.4,35,-9,1017,2,0,1
R,10933,14875,984.8,35,-7,1017,2,0,1
R,10973,14898,990.2,34,-8,1016,2,0,1
R,11013,14921,995.7,34,-8,1018,2,0,0
R,11053,14945,1001.1,34,-9,1016,2,0,1
R,11093,14968,1006.6,35,-8,1017,2,0,1
R,11133,14991,1012.0,35,-7,1016,2,0,1
R,11173,15014,1017.5,35,-8,1017,2,0,1
R,11213,15037,1023.0,34,-8,1017,2,0,1
R,11253,15060,1028.5,35,-9,1016,2,0,0
R,11293,15083,1034.0,34,-8,1018,2,0,1
R,11333,15107,1039.5,35,-9,1016,2,0,1
R,11373,15130,1045.0,35,-8,1017,2,0,1
R,11413,15153,1050.5,34,-8,1016,2,0,1
R,11453,15176,1056.0,35,-8,1017,2,0,1
R,11493,15199,1061.6,34,-8,1016,2,0,0
R,11533,15222,1067.1,34,-8,1017,2,0,1
R,11573,15245,1072.7,35,-9,1016,2,0,1
R,11613,15269,1078.2,34,-8,1017,2,0,0
R,11653,15292,1083.8,34,-8,1016,2,0,0
R,11693,15315,1089.4,34,-8,1017,2,0,0
R,11733,15338,1095.0,35,-9,1019,2,0,1
R,11773,15361,1100.6,34,-9,1016,2,0,1
R,11813,15384,1106.2,34,-8,1017,2,0,0
R,11853,15407,1111.8,34,-8,1016,2,0,1
R,11893,15430,1117.4,34,-9,1017,2,0,0
R,11933,15454,1123.0,34,-8,1017,2,0,0
R,11973,15477,1128.7,34,-9,1016,2,0,1
R,12013,15500,1134.3,35,-8,1016,2,0,1
R,12052,15523,1139.8,35,-8,1017,2,0,1
R,12093,15546,1145.6,34,-8,1017,2,0,0
R,12133,15569,1151.3,35,-8,1018,2,0,0
R,12173,15592,1157.0,35,-9,1018,2,0,1
R,12213,15616,1162.7,35,-9,1017,2,0,0
R,12253,15639,1168.4,35,-8,1018,2,0,1
R,12293,15662,1174.1,35,-8,1017,2,0,1
R,12333,15685,1179.8,35,-8,1018,2,0,1
R,12373,15708,1185.5,34,-8,1017,2,0,1
R,12413,15731,1191.2,34,-8,1017,2,0,1
R,12453,15754,1197.0,34,-9,1018,2,0,1
R,12493,15778,1202.7,35,-10,1017,2,0,0
R,12533,15801,1208.5,34,-9,1017,2,0,1
R,12573,15824,1214.2,35,-9,1017,2,0,0
R,12613,15847,1220.0,35,-8,1018,2,0,1
R,12653,15870,1225.8,34,-9,1016,2,0,1
R,12693,15893,1231.6,35,-8,1017,2,0,0
R,12733,15916,1237.4,35,-8,1017,2,0,0
R,12773,15940,1243.2,35,-8,1018,2,0,1
R,12813,15963,1249.0,36,-8,1017,2,0,0
R,12853,15986,1254.8,35,-8,1018,2,0,1
R,12893,16009,1260.6,34,-8,1017,2,0,0
R,12933,16032,1266.5,34,-8,1016,2,0,1
R,12973,16055,1272.3,34,-8,1017,2,0,1
R,13013,16078,1278.2,35,-9,1017,2,0,0
R,13053,16102,1284.1,35,-9,1017,2,0,1
R,13093,16125,1289.9,34,-8,1016,2,0,1
R,13133,16148,1295.8,35,-7,1017,2,0,0
R,13173,16113,1301.7,35,-9,1016,2,0,0
R,13213,16015,1307.6,34,-8,1017,2,0,1
R,13253,15916,1313.4,34,-9,1016,2,0,0
R,13293,15818,1319.2,35,-8,1018,2,0,0
R,13333,15719,1324.9,35,-9,1016,2,0,0
[dump] J60 t_ms=1882
[dump] J330 t_ms=5353 vcross_x100=10819 vtrap_x100=10465
[dump] J660 t_ms=8337 vcross_x100=13422 vtrap_x100=13191
[dump] J1320 t_ms=13221 vcross_x100=15786 vtrap_x100=16022
[dump] FIN RUN #1 t60=1882 t330=5353 t660=8337 t1320=13221
