[dump] RUN #1 heure=19:08:44 src=SEUIL_GPS rollout_ms=0 unit=00003 dyn=4 rate_ms=40 gps=1 pre=15 imuf=2/7 ecu=HP statut=TERMINE
[dump] colonnes: R,elapsed_ms,kmh_x100,dist_ft,ax_mg,ay_mg,az_mg,gx_ds10,gy_ds10,gz_ds10
R,-962,40,0.0,-28,-70,1036,3,0,0
R,-900,40,0.0,-29,-71,1036,3,0,0
R,-839,40,0.0,-28,-70,1036,3,0,0
R,-770,40,0.0,-28,-70,1036,3,0,0
R,-708,40,0.0,-28,-70,1036,3,0,0
R,-649,40,0.0,-28,-70,1036,3,0,0
R,-587,40,0.0,-28,-69,1036,3,0,0
R,-516,40,0.0,-27,-71,1037,3,0,0
R,-458,40,0.0,-28,-70,1037,3,0,0
R,-396,40,0.0,-29,-70,1036,3,0,0
R,-338,40,0.0,-28,-69,1036,3,0,0
R,-266,40,0.0,-28,-70,1036,3,0,0
R,-204,40,0.0,-28,-70,1037,3,0,0
R,-145,40,0.0,-29,-70,1037,3,0,0
R,-72,40,0.0,-29,-70,1036,3,0,0
R,78,644,0.3,-27,-70,1036,3,0,0
R,119,811,0.6,-28,-71,1036,3,0,0
R,159,977,0.9,-28,-69,1036,3,0,0
R,199,1143,1.3,-28,-70,1036,3,0,0
R,239,1310,1.8,-28,-70,1036,3,0,0
R,278,1476,2.3,-28,-70,1036,3,0,0
R,319,1643,2.9,-29,-70,1036,3,0,0
R,359,1809,3.5,-29,-70,1036,3,0,0
R,398,1975,4.2,-28,-70,1037,3,0,0
R,439,2142,4.9,-28,-70,1036,3,0,0
R,478,2268,5.7,-28,-70,1036,3,0,0
R,519,2372,6.6,-27,-70,1037,3,0,0
R,559,2476,7.5,-28,-70,1036,3,0,0
R,599,2580,8.4,-28,-70,1036,3,0,0
R,638,2684,9.3,-28,-70,1036,3,0,0
R,679,2788,10.3,-28,-70,1036,3,0,0
R,719,2892,11.4,-28,-70,1036,3,0,0
R,759,2996,12.4,-28,-70,1036,3,0,0
R,799,3100,13.6,-28,-69,1035,3,0,0
R,839,3204,14.7,-28,-69,1035,3,0,0
R,879,3308,15.9,-28,-70,1036,3,0,0
R,919,3412,17.1,-28,-69,1036,3,0,0
R,958,3508,18.3,-28,-70,1035,3,0,0
R,999,3560,19.7,-28,-70,1035,3,0,0
R,1039,3612,21.0,-28,-70,1035,3,0,0
R,1078,3664,22.3,-29,-70,1035,3,0,0
R,1119,3716,23.6,-29,-69,1035,3,0,0
R,1159,3768,25.0,-29,-70,1036,3,0,0
R,1199,3820,26.4,-28,-70,1036,3,0,0
R,1239,3872,27.8,-28,-70,1036,3,0,0
R,1279,3924,29.2,-28,-71,1036,3,0,0
R,1319,3976,30.7,-28,-70,1036,3,0,0
R,1359,4028,32.1,-28,-69,1036,3,0,0
R,1399,4080,33.6,-28,-69,1036,3,0,0
R,1439,4132,35.1,-28,-70,1036,3,0,0
R,1479,4184,36.6,-29,-69,1036,3,0,0
R,1518,4236,38.1,-28,-70,1036,3,0,0
R,1559,4288,39.7,-27,-69,1036,3,0,0
R,1598,4340,41.2,-27,-70,1036,3,0,0
R,1639,4392,42.9,-28,-70,1035,3,0,0
R,1679,4444,44.5,-28,-70,1035,3,0,0
R,1719,4496,46.1,-28,-70,1035,3,0,0
R,1758,4548,47.7,-28,-69,1035,3,0,0
R,1798,4600,49.4,-28,-69,1035,3,0,0
R,1839,4652,51.1,-28,-70,1035,3,0,0
R,1878,4704,52.8,-28,-70,1035,3,0,0
R,1919,4756,54.5,-27,-70,1035,3,0,0
R,1959,4815,56.3,-27,-70,1035,3,0,0
R,1999,4913,58.0,-28,-70,1036,3,0,0
R,2039,5012,59.9,-28,-70,1035,3,0,0
R,2079,5111,61.7,-28,-69,1034,3,0,0
R,2119,5209,63.6,-29,-70,1035,3,0,0
R,2159,5308,65.5,-29,-70,1035,3,0,0
R,2199,5407,67.5,-29,-70,1035,3,0,0
R,2239,5505,69.4,-28,-70,1035,3,0,0
R,2279,5604,71.5,-29,-69,1035,3,0,0
R,2318,5703,73.5,-28,-70,1034,3,0,0
R,2359,5801,75.6,-29,-69,1036,3,0,0
R,2398,5900,77.7,-29,-70,1034,3,0,0
R,2439,5999,79.9,-28,-70,1035,3,0,0
R,2479,6097,82.1,-29,-69,1035,3,0,0
R,2519,6196,84.4,-29,-70,1035,3,0,0
R,2558,6295,86.6,-28,-69,1036,3,0,0
R,2599,6393,89.0,-28,-70,1035,3,0,0
R,2638,6492,91.3,-28,-70,1035,3,0,0
R,2679,6591,93.7,-28,-70,1035,3,0,0
R,2719,6689,96.1,-28,-70,1035,3,0,0
R,2759,6788,98.6,-28,-69,1034,3,0,0
R,2799,6887,101.1,-28,-69,1035,3,0,0
R,2839,6985,103.6,-28,-70,1035,3,0,0
R,2879,7084,106.2,-28,-70,1035,3,0,0
R,2919,7183,108.8,-29,-70,1035,3,0,0
R,2959,7281,111.4,-28,-70,1035,3,0,0
R,2999,7380,114.1,-28,-69,1035,3,0,0
R,3039,7479,116.8,-28,-69,1035,3,0,0
R,3079,7577,119.5,-27,-69,1035,3,0,0
R,3119,7676,122.3,-29,-71,1035,3,0,0
R,3159,7775,125.1,-28,-70,1035,3,0,0
R,3199,7873,128.0,-28,-70,1036,3,0,0
R,3238,7972,130.8,-28,-70,1036,3,0,0
R,3279,8071,133.8,-27,-70,1035,3,0,0
R,3319,8169,136.7,-28,-69,1035,3,0,0
R,3359,8268,139.7,-28,-70,1035,3,0,0
R,3398,8367,142.7,-27,-70,1036,3,0,0
R,3439,8465,145.8,-28,-70,1035,3,0,0
R,3479,8529,148.9,-28,-70,1035,3,0,0
R,3519,8574,152.1,-27,-69,1035,3,0,0
R,3559,8619,155.2,-28,-69,1035,3,0,0
R,3598,8664,158.3,-28,-70,1035,3,0,0
R,3639,8709,161.5,-28,-69,1035,3,0,0
R,3679,8754,164.7,-28,-70,1035,3,0,0
R,3718,8799,167.8,-28,-70,1035,3,0,0
R,3759,8843,171.1,-29,-70,1035,3,0,0
R,3799,8888,174.3,-28,-69,1035,3,0,0
R,3839,8933,177.6,-28,-69,1035,3,0,0
R,3879,8978,180.8,-28,-69,1035,3,0,0
R,3919,9023,184.1,-28,-70,1035,3,0,0
R,3959,9068,187.4,-28,-70,1035,3,0,0
R,3998,9113,190.7,-27,-70,1035,3,0,0
R,4039,9158,194.1,-28,-70,1035,3,0,0
R,4079,9203,197.4,-29,-69,1035,3,0,0
R,4119,9248,200.8,-29,-70,1035,3,0,0
R,4159,9292,204.2,-29,-70,1035,3,0,0
R,4199,9337,207.6,-28,-70,1035,3,0,0
R,4239,9382,211.0,-28,-70,1035,3,0,0
R,4279,9427,214.4,-28,-70,1035,3,0,0
R,4319,9472,217.8,-29,-70,1035,3,0,0
R,4358,9517,221.2,-29,-69,1035,3,0,0
R,4399,9562,224.8,-28,-70,1034,3,0,0
R,4439,9607,228.3,-28,-70,1035,3,0,0
R,4479,9652,231.8,-28,-69,1035,3,0,0
R,4519,9697,235.3,-28,-69,1035,3,0,0
R,4559,9741,238.9,-29,-70,1036,3,0,0
R,4599,9786,242.4,-29,-70,1035,3,0,0
R,4638,9831,245.9,-28,-70,1034,3,0,0
R,4679,9876,249.6,-28,-70,1035,3,0,0
R,4719,9921,253.2,-29,-69,1035,3,0,0
R,4759,9966,256.8,-29,-70,1035,3,0,0
R,4799,10011,260.5,-28,-70,1035,3,0,0
R,4839,10056,264.1,-29,-69,1035,3,0,0
R,4879,10101,267.8,-29,-69,1035,3,0,0
R,4918,10146,271.4,-27,-70,1035,3,0,0
R,4959,10190,275.2,-28,-69,1035,3,0,0
R,4999,10235,278.9,-29,-70,1035,3,0,0
R,5038,10280,282.6,-29,-70,1035,3,0,0
R,5079,10325,286.4,-28,-69,1035,3,0,0
R,5119,10370,290.2,-27,-70,1035,3,0,0
R,5159,10415,294.0,-28,-70,1035,3,0,0
R,5199,10460,297.8,-28,-70,1035,3,0,0
R,5238,10505,301.5,-28,-70,1036,3,0,0
R,5279,10550,305.4,-28,-70,1035,3,0,0
R,5319,10594,309.3,-29,-70,1035,3,0,0
R,5359,10639,313.2,-28,-69,1035,3,0,0
R,5399,10684,317.0,-28,-70,1035,3,0,0
R,5438,10723,320.8,-28,-69,1035,3,0,0
R,5479,10758,324.9,-29,-70,1036,3,0,0
R,5518,10794,328.7,-28,-70,1035,3,0,0
R,5559,10829,332.7,-28,-69,1034,3,0,0
R,5598,10864,336.6,-28,-69,1035,3,0,0
R,5639,10900,340.6,-27,-70,1036,3,0,0
R,5679,10935,344.6,-28,-70,1035,3,0,0
R,5719,10970,348.6,-28,-69,1035,3,0,0
R,5759,11006,352.6,-28,-69,1035,3,0,0
R,5799,11041,356.6,-28,-70,1035,3,0,0
R,5838,11076,360.6,-27,-70,1035,3,0,0
R,5879,11112,364.7,-28,-70,1034,3,0,0
R,5919,11147,368.8,-28,-70,1035,3,0,0
R,5959,11183,372.8,-28,-69,1035,3,0,0
R,5999,11218,376.9,-28,-70,1035,3,0,0
R,6039,11253,381.0,-27,-70,1035,3,0,0
R,6079,11289,385.1,-28,-70,1035,3,0,0
R,6119,11324,389.3,-29,-69,1035,3,0,0
R,6159,11359,393.4,-28,-69,1035,3,0,0
R,6198,11395,397.4,-28,-70,1035,3,0,0
R,6239,11430,401.7,-28,-70,1035,3,0,0
R,6279,11465,405.9,-28,-69,1035,3,0,0
R,6318,11501,410.0,-28,-69,1035,3,0,0
R,6358,11536,414.2,-29,-70,1034,3,0,0
R,6399,11571,418.5,-29,-69,1036,3,0,0
R,6439,11607,422.7,-28,-69,1035,3,0,0
R,6479,11642,426.9,-28,-70,1035,3,0,0
R,6519,11677,431.2,-26,-70,1035,3,0,0
R,6559,11713,435.4,-28,-70,1035,3,0,0
R,6599,11748,439.7,-28,-70,1035,3,0,0
R,6639,11783,444.0,-28,-69,1035,3,0,0
R,6679,11819,448.3,-29,-69,1035,3,0,0
R,6719,11854,452.6,-28,-69,1035,3,0,0
R,6758,11889,456.8,-28,-69,1035,3,0,0
R,6799,11925,461.3,-28,-70,1035,3,0,0
R,6839,11960,465.6,-28,-71,1036,3,0,0
R,6879,11996,470.0,-29,-69,1035,3,0,0
R,6919,12031,474.4,-27,-71,1035,3,0,0
R,6959,12066,478.8,-28,-70,1035,3,0,0
R,6999,12102,483.2,-28,-69,1035,3,0,0
R,7039,12137,487.6,-28,-69,1035,3,0,0
R,7079,12172,492.0,-28,-70,1035,3,0,0
R,7118,12208,496.4,-28,-70,1034,3,0,0
R,7159,12243,500.9,-29,-70,1035,3,0,0
R,7199,12278,505.4,-29,-69,1035,3,0,0
R,7239,12314,509.9,-28,-70,1035,3,0,0
R,7279,12349,514.4,-28,-70,1035,3,0,0
R,7319,12384,518.9,-28,-70,1035,3,0,0
R,7358,12420,523.3,-28,-69,1035,3,0,0
R,7399,12455,528.0,-28,-70,1035,3,0,0
R,7439,12490,532.5,-28,-69,1034,3,0,0
R,7479,12526,537.1,-28,-70,1035,3,0,0
R,7519,12561,541.6,-28,-70,1035,3,0,0
R,7559,12596,546.2,-29,-70,1035,3,0,0
R,7599,12632,550.8,-28,-70,1035,3,0,0
R,7639,12667,555.4,-28,-70,1035,3,0,0
R,7679,12703,560.0,-27,-69,1035,3,0,0
R,7719,12738,564.7,-29,-70,1035,3,0,0
R,7758,12773,569.2,-29,-70,1035,3,0,0
R,7799,12809,574.0,-28,-70,1035,3,0,0
R,7838,12844,578.6,-28,-69,1035,3,0,0
R,7879,12879,583.4,-28,-70,1036,3,0,0
R,7919,12915,588.1,-28,-70,1035,3,0,0
R,7958,12950,592.7,-28,-70,1035,3,0,0
R,7999,12985,597.5,-28,-70,1035,3,0,0
R,8039,13021,602.2,-29,-70,1035,3,0,0
R,8078,13056,606.9,-29,-70,1035,3,0,0
R,8119,13091,611.8,-28,-69,1035,3,0,0
R,8159,13127,616.5,-29,-69,1035,3,0,0
R,8199,13162,621.3,-28,-69,1035,3,0,0
R,8239,13197,626.1,-27,-70,1035,3,0,0
R,8279,13233,631.0,-27,-70,1035,3,0,0
R,8318,13268,635.7,-28,-70,1035,3,0,0
R,8359,13303,640.6,-28,-70,1035,3,0,0
R,8399,13339,645.5,-27,-69,1035,3,0,0
R,8439,13369,650.4,-29,-70,1035,3,0,0
R,8479,13392,655.2,-29,-69,1036,3,0,0
R,8519,13416,660.1,-26,-69,1035,3,0,0
R,8559,13439,665.0,-28,-69,1035,3,0,0
R,8599,13462,669.9,-29,-70,1035,3,0,0
R,8638,13485,674.7,-29,-69,1035,3,0,0
R,8678,13508,679.6,-29,-70,1035,3,0,0
R,8719,13531,684.7,-28,-69,1034,3,0,0
R,8759,13554,689.6,-28,-70,1035,3,0,0
R,8799,13578,694.6,-29,-69,1036,3,0,0
R,8839,13601,699.5,-28,-69,1035,3,0,0
R,8879,13624,704.5,-29,-70,1034,3,0,0
R,8919,13647,709.4,-28,-70,1035,3,0,0
R,8958,13670,714.3,-27,-70,1035,3,0,0
R,8998,13693,719.3,-27,-69,1035,3,0,0
R,9038,13716,724.3,-27,-69,1035,3,0,0
R,9079,13740,729.4,-28,-70,1035,3,0,0
R,9118,13763,734.3,-28,-70,1035,3,0,0
R,9159,13786,739.4,-28,-69,1035,3,0,0
R,9199,13809,744.5,-27,-69,1035,3,0,0
R,9238,13832,749.4,-28,-70,1035,3,0,0
R,9278,13855,754.4,-28,-70,1035,3,0,0
R,9319,13878,759.6,-28,-70,1035,3,0,0
R,9359,13901,764.7,-28,-70,1035,3,0,0
R,9399,13925,769.8,-28,-70,1035,3,0,0
R,9439,13948,774.8,-28,-69,1036,3,0,0
R,9479,13971,779.9,-29,-70,1035,3,0,0
R,9519,13994,785.0,-29,-70,1036,3,0,0
R,9559,14017,790.1,-27,-70,1034,3,0,0
R,9599,14040,795.2,-29,-69,1035,3,0,0
R,9639,14063,800.4,-29,-69,1035,3,0,0
R,9679,14087,805.5,-28,-70,1035,3,0,0
R,9719,14110,810.6,-28,-70,1035,3,0,0
R,9759,14133,815.8,-28,-71,1036,3,0,0
R,9799,14156,820.9,-28,-70,1036,3,0,0
R,9839,14179,826.1,-29,-70,1035,3,0,0
R,9879,14202,831.3,-28,-69,1035,3,0,0
R,9918,14225,836.3,-29,-70,1035,3,0,0
R,9959,14249,841.6,-28,-69,1035,3,0,0
R,9999,14272,846.8,-28,-70,1035,3,0,0
R,10039,14295,852.1,-29,-70,1034,3,0,0
R,10079,14318,857.3,-28,-70,1035,3,0,0
R,10119,14341,862.5,-29,-69,1036,3,0,0
R,10159,14364,867.7,-28,-69,1035,3,0,0
R,10199,14387,873.0,-28,-69,1035,3,0,0
R,10239,14411,878.2,-29,-69,1034,3,0,0
R,10279,14434,883.5,-28,-70,1035,3,0,0
R,10319,14457,888.7,-28,-70,1035,3,0,0
R,10358,14480,893.9,-28,-70,1035,3,0,0
R,10399,14503,899.3,-28,-69,1035,3,0,0
R,10439,14526,904.6,-28,-70,1034,3,0,0
R,10479,14549,909.9,-28,-69,1035,3,0,0
R,10519,14573,915.2,-29,-69,1034,3,0,0
R,10559,14596,920.5,-29,-69,1035,3,0,0
R,10599,14619,925.8,-28,-70,1035,3,0,0
R,10639,14642,931.2,-28,-70,1034,3,0,0
R,10679,14665,936.5,-28,-70,1034,3,0,0
R,10719,14688,941.9,-28,-70,1035,3,0,0
R,10759,14711,947.2,-28,-70,1035,3,0,0
R,10799,14735,952.6,-27,-70,1035,3,0,0
R,10838,14758,957.8,-28,-69,1035,3,0,0
R,10879,14781,963.3,-28,-69,1035,3,0,0
R,10919,14804,968.7,-28,-70,1035,3,0,0
R,10959,14827,974.1,-29,-71,1035,3,0,0
R,10998,14850,979.4,-29,-69,1034,3,0,0
R,11039,14873,985.0,-29,-70,1034,3,0,0
R,11079,14897,990.4,-28,-71,1034,3,0,0
R,11119,14920,995.8,-29,-70,1034,3,0,0
R,11158,14943,1001.1,-29,-70,1035,3,0,0
R,11199,14966,1006.7,-29,-69,1034,3,0,0
R,11239,14989,1012.2,-29,-70,1034,3,0,0
R,11279,15012,1017.6,-28,-69,1035,3,0,0
R,11319,15035,1023.1,-28,-69,1034,3,0,0
R,11359,15059,1028.6,-29,-70,1034,3,0,0
R,11399,15082,1034.1,-29,-70,1034,3,0,0
R,11439,15105,1039.6,-29,-70,1034,3,0,0
R,11478,15128,1045.0,-29,-70,1035,3,0,0
R,11519,15151,1050.6,-29,-70,1035,3,0,0
R,11559,15174,1056.2,-28,-70,1035,3,0,0
R,11598,15197,1061.6,-28,-69,1035,3,0,0
R,11639,15220,1067.2,-28,-70,1035,3,0,0
R,11679,15244,1072.8,-28,-70,1035,3,0,0
R,11719,15267,1078.4,-28,-71,1035,3,0,0
R,11759,15290,1083.9,-29,-70,1035,3,0,0
R,11798,15313,1089.4,-28,-70,1035,3,0,0
R,11839,15336,1095.1,-27,-69,1034,3,0,0
R,11879,15359,1100.7,-28,-70,1035,3,0,0
R,11919,15382,1106.3,-29,-70,1035,3,0,0
R,11959,15406,1111.9,-28,-70,1035,3,0,0
R,11999,15429,1117.5,-28,-70,1035,3,0,0
R,12038,15452,1123.0,-28,-70,1035,3,0,0
R,12079,15475,1128.8,-29,-70,1035,3,0,0
R,12119,15498,1134.4,-29,-70,1035,3,0,0
R,12159,15521,1140.1,-28,-70,1035,3,0,0
R,12199,15544,1145.7,-27,-70,1035,3,0,0
R,12239,15568,1151.4,-29,-70,1035,3,0,0
R,12279,15591,1157.1,-28,-70,1035,3,0,0
R,12319,15614,1162.8,-28,-70,1035,3,0,0
R,12359,15637,1168.5,-27,-70,1035,3,0,0
R,12398,15660,1174.0,-29,-69,1035,3,0,0
R,12439,15683,1179.9,-28,-69,1034,3,0,0
R,12479,15706,1185.6,-28,-70,1034,3,0,0
R,12519,15730,1191.3,-28,-70,1035,3,0,0
R,12558,15753,1196.9,-28,-70,1035,3,0,0
R,12599,15776,1202.8,-28,-70,1035,3,0,0
R,12639,15799,1208.6,-28,-70,1035,3,0,0
R,12679,15822,1214.4,-28,-70,1036,3,0,0
R,12718,15845,1220.0,-27,-69,1035,3,0,0
R,12758,15868,1225.8,-28,-69,1035,3,0,0
R,12799,15892,1231.7,-29,-69,1035,3,0,0
R,12839,15915,1237.5,-28,-70,1034,3,0,0
R,12879,15938,1243.3,-28,-69,1034,3,0,0
R,12918,15961,1249.0,-28,-69,1035,3,0,0
R,12958,15984,1254.8,-28,-69,1036,3,0,0
R,12999,16007,1260.8,-28,-69,1035,3,0,0
R,13039,16030,1266.6,-27,-70,1034,3,0,0
R,13079,16054,1272.5,-27,-70,1035,3,0,0
R,13119,16077,1278.3,-28,-70,1035,3,0,0
R,13159,16100,1284.2,-28,-70,1035,3,0,0
R,13199,16123,1290.0,-28,-69,1036,3,0,0
R,13239,16146,1295.9,-28,-69,1035,3,0,0
R,13279,16121,1301.8,-28,-71,1036,3,0,0
R,13318,16022,1307.5,-28,-70,1035,3,0,0
R,13359,15924,1313.5,-28,-70,1035,3,0,0
R,13399,15825,1319.3,-28,-69,1036,3,0,0
R,13439,15727,1325.0,-29,-69,1035,3,0,0
[dump] J60 t_ms=1899
[dump] J330 t_ms=5376 vcross_x100=10814 vtrap_x100=10465
[dump] J660 t_ms=8361 vcross_x100=13420 vtrap_x100=13215
[dump] J1320 t_ms=13246 vcross_x100=15796 vtrap_x100=16022
[dump] FIN RUN #1 t60=1899 t330=5376 t660=8361 t1320=13246
